2.03812
2.03683
2.03551
2.03417
2.03281
2.03142
2.03001
2.02858
2.02713
2.02565
2.02415
2.02263
2.0211
2.01954
2.01796
2.01636
2.01474
2.0131
2.01144
2.00976
2.00807
2.00636
2.00462
2.00288
2.00111
1.99933
1.99754
1.99572
1.99389
1.99205
1.99019
1.98832
1.98643
1.98453
1.98262
1.98069
1.97875
1.9768
1.97483
1.97286
1.97087
1.96887
1.96687
1.96485
1.96282
1.96079
1.95875
1.95669
1.95463
1.95256
1.95049
1.94841
1.94632
1.94423
1.94213
1.94003
1.93792
1.93581
1.93369
1.93157
1.92945
1.92732
1.92519
1.92307
1.92094
1.91881
1.91667
1.91454
1.91241
1.91028
1.90815
1.90602
1.90389
1.90177
1.89965
1.89753
1.89541
1.8933
1.89119
1.88909
1.88699
1.8849
1.88282
1.88074
1.87866
1.8766
1.87454
1.87249
1.87045
1.86841
1.86639
1.86437
1.86237
1.86037
1.85838
1.85641
1.85444
1.85249
1.85055
1.84862
1.8467
1.8448
1.84291
1.84104
1.83917
1.83733
1.83549
1.83367
1.83187
1.83008
1.82831
1.82656
1.82482
1.8231
1.82139
1.8197
1.81803
1.81638
1.81475
1.81313
1.81154
1.80996
1.8084
1.80687
1.80535
1.80385
1.80237
1.80092
1.79948
1.79807
1.79668
1.79531
1.79396
1.79263
1.79133
1.79005
1.78879
1.78756
1.78634
1.78516
1.78399
1.78285
1.78174
1.78065
1.77958
1.77854
1.77752
1.77653
1.77556
1.77462
1.77371
1.77282
1.77195
1.77111
1.7703
1.76952
1.76876
1.76802
1.76732
1.76664
1.76599
1.76536
1.76476
1.76419
1.76365
1.76313
1.76264
1.76218
1.76175
1.76134
1.76097
1.76062
1.76029
1.76
1.75973
1.75949
1.75928
1.7591
1.75895
1.75882
1.75872
1.75865
1.75861
1.7586
1.75861
1.75866
1.75873
1.75883
1.75895
1.75911
1.75929
1.75951
1.75975
1.76001
1.76031
1.76063
1.76098
1.76136
1.76177
1.7622
1.76266
1.76315
1.76367
1.76421
1.76478
1.76538
1.76601
1.76666
1.76733
1.76804
1.76877
1.76953
1.77031
1.77112
1.77196
1.77282
1.77371
1.77462
1.77556
1.77652
1.77751
1.77852
1.77956
1.78062
1.78171
1.78282
1.78395
1.78511
1.78629
1.7875
1.78872
1.78998
1.79125
1.79255
1.79386
1.7952
1.79656
1.79795
1.79935
1.80078
1.80222
1.80369
1.80518
1.80669
1.80821
1.80976
1.81132
1.81291
1.81451
1.81613
1.81777
1.81943
1.8211
1.8228
1.82451
1.82623
1.82797
1.82973
1.8315
1.83329
1.83509
1.83691
1.83875
1.84059
1.84245
1.84433
1.84621
1.84811
1.85003
1.85195
1.85389
1.85584
1.85779
1.85976
1.86174
1.86373
1.86573
1.86774
1.86976
1.87178
1.87382
1.87586
1.87791
1.87996
1.88202
1.88409
1.88617
1.88825
1.89033
1.89242
1.89452
1.89662
1.89872
1.90082
1.90293
1.90504
1.90715
1.90927
1.91139
1.9135
1.91562
1.91774
1.91985
1.92197
1.92408
1.9262
1.92831
1.93042
1.93252
1.93463
1.93673
1.93882
1.94092
1.943
1.94508
1.94716
1.94923
1.9513
1.95335
1.95541
1.95745
1.95949
1.96151
1.96353
1.96554
1.96754
1.96953
1.97151
1.97348
1.97544
1.97739
1.97933
1.98125
1.98316
1.98506
1.98694
1.98882
1.99068
1.99252
1.99435
1.99616
1.99796
1.99975
2.00151
2.00326
2.005
2.00672
2.00842
2.0101
2.01176
2.01341
2.01503
2.01664
2.01823
2.0198
2.02135
2.02288
2.02439
2.02587
2.02734
2.03812
2.03683
2.03551
2.03417
2.03281
2.03142
2.03001
2.02858
2.02713
2.02565
2.02415
2.02263
2.0211
2.01954
2.01796
2.01636
2.01474
2.0131
2.01144
2.00976
2.00807
2.00636
2.00462
2.00288
2.00111
1.99933
1.99754
1.99572
1.99389
1.99205
1.99019
1.98832
1.98643
1.98453
1.98262
1.98069
1.97875
1.9768
1.97483
1.97286
1.97087
1.96887
1.96687
1.96485
1.96282
1.96079
1.95875
1.95669
1.95463
1.95256
1.95049
1.94841
1.94632
1.94423
1.94213
1.94003
1.93792
1.93581
1.93369
1.93157
1.92945
1.92732
1.92519
1.92307
1.92094
1.91881
1.91667
1.91454
1.91241
1.91028
1.90815
1.90602
1.90389
1.90177
1.89965
1.89753
1.89541
1.8933
1.89119
1.88909
1.88699
1.8849
1.88282
1.88074
1.87866
1.8766
1.87454
1.87249
1.87045
1.86841
1.86639
1.86437
1.86237
1.86037
1.85838
1.85641
1.85444
1.85249
1.85055
1.84862
1.8467
1.8448
1.84291
1.84104
1.83917
1.83733
1.83549
1.83367
1.83187
1.83008
1.82831
1.82656
1.82482
1.8231
1.82139
1.8197
1.81803
1.81638
1.81475
1.81313
1.81154
1.80996
1.8084
1.80687
1.80535
1.80385
1.80237
1.80092
1.79948
1.79807
1.79668
1.79531
1.79396
1.79263
1.79133
1.79005
1.78879
1.78756
1.78634
1.78516
1.78399
1.78285
1.78174
1.78065
1.77958
1.77854
1.77752
1.77653
1.77556
1.77462
1.77371
1.77282
1.77195
1.77111
1.7703
1.76952
1.76876
1.76802
1.76732
1.76664
1.76599
1.76536
1.76476
1.76419
1.76365
1.76313
1.76264
1.76218
1.76175
1.76134
1.76097
1.76062
1.76029
1.76
1.75973
1.75949
1.75928
1.7591
1.75895
1.75882
1.75872
1.75865
1.75861
1.7586
1.75861
1.75866
1.75873
1.75883
1.75895
1.75911
1.75929
1.75951
1.75975
1.76001
1.76031
1.76063
1.76098
1.76136
1.76177
1.7622
1.76266
1.76315
1.76367
1.76421
1.76478
1.76538
1.76601
1.76666
1.76733
1.76804
1.76877
1.76953
1.77031
1.77112
1.77196
1.77282
1.77371
1.77462
1.77556
1.77652
1.77751
1.77852
1.77956
1.78062
1.78171
1.78282
1.78395
1.78511
1.78629
1.7875
1.78872
1.78998
1.79125
1.79255
1.79386
1.7952
1.79656
1.79795
1.79935
1.80078
1.80222
1.80369
1.80518
1.80669
1.80821
1.80976
1.81132
1.81291
1.81451
1.81613
1.81777
1.81943
1.8211
1.8228
1.82451
1.82623
1.82797
1.82973
1.8315
1.83329
1.83509
1.83691
1.83875
1.84059
1.84245
1.84433
1.84621
1.84811
1.85003
1.85195
1.85389
1.85584
1.85779
1.85976
1.86174
1.86373
1.86573
1.86774
1.86976
1.87178
1.87382
1.87586
1.87791
1.87996
1.88202
1.88409
1.88617
1.88825
1.89033
1.89242
1.89452
1.89662
1.89872
1.90082
1.90293
1.90504
1.90715
1.90927
1.91139
1.9135
1.91562
1.91774
1.91985
1.92197
1.92408
1.9262
1.92831
1.93042
1.93252
1.93463
1.93673
1.93882
1.94092
1.943
1.94508
1.94716
1.94923
1.9513
1.95335
1.95541
1.95745
1.95949
1.96151
1.96353
1.96554
1.96754
1.96953
1.97151
1.97348
1.97544
1.97739
1.97933
1.98125
1.98316
1.98506
1.98694
1.98882
1.99068
1.99252
1.99435
1.99616
1.99796
1.99975
2.00151
2.00326
2.005
2.00672
2.00842
2.0101
2.01176
2.01341
2.01503
2.01664
2.01823
2.0198
2.02135
2.02288
2.02439
2.02587
2.02734
0.245333
0.245759
0.246079
0.246292
0.246393
0.246374
0.246222
0.245911
0.245529
0.245332
0.245278
0.24533
0.245411
0.245488
0.245484
0.245446
0.245342
0.245145
0.244844
0.244428
0.243891
0.24316
0.242362
0.241582
0.240595
0.239851
0.239563
0.239186
0.238719
0.23839
0.238367
0.238283
0.238134
0.237916
0.237619
0.237329
0.236995
0.236842
0.236606
0.236285
0.235867
0.235375
0.235295
0.235157
0.23502
0.234833
0.234592
0.234298
0.234005
0.233831
0.233592
0.233371
0.233114
0.232809
0.232455
0.232056
0.231612
0.231121
0.230747
0.230412
0.230035
0.229619
0.229162
0.228669
0.228135
0.227573
0.226986
0.226373
0.2258
0.225192
0.224549
0.223872
0.223177
0.222481
0.221765
0.221052
0.220306
0.219529
0.218718
0.217876
0.217017
0.216209
0.215397
0.214552
0.213677
0.212771
0.211843
0.211003
0.210135
0.209235
0.2083
0.207416
0.206506
0.20556
0.20461
0.203636
0.202645
0.201636
0.200598
0.199531
0.198436
0.197384
0.196322
0.19523
0.194304
0.193378
0.192657
0.192008
0.191421
0.190821
0.190187
0.189522
0.188827
0.188103
0.187353
0.186577
0.185777
0.184952
0.184103
0.18323
0.182333
0.181412
0.180474
0.179583
0.17883
0.178305
0.177804
0.177461
0.177101
0.176699
0.176316
0.175892
0.175425
0.174918
0.174378
0.173812
0.173208
0.172613
0.171979
0.171302
0.170783
0.170256
0.16967
0.16903
0.168613
0.168261
0.16784
0.16735
0.166793
0.166172
0.165674
0.165176
0.164638
0.164011
0.163294
0.162484
0.161788
0.161259
0.160628
0.159915
0.159077
0.158112
0.15701
0.156108
0.155249
0.15422
0.1533
0.152155
0.150767
0.14911
0.147132
0.144758
0.142113
0.141655
0.140974
0.140051
0.138852
0.13731
0.135262
0.132107
0.130144
0.12806
0.126507
0.125326
0.12377
0.121764
0.119192
0.115915
0.111608
0.110528
0.110879
0.111034
0.110891
0.110152
0.109637
0.109859
0.110144
0.110328
0.110408
0.110378
0.11023
0.110245
0.11049
0.110608
0.110563
0.110609
0.111112
0.111526
0.111872
0.112335
0.112756
0.113159
0.11353
0.113862
0.114157
0.11442
0.114702
0.114948
0.115178
0.115462
0.115748
0.116096
0.116529
0.116973
0.117379
0.117744
0.11807
0.118359
0.118613
0.118833
0.119019
0.119171
0.119291
0.119377
0.11943
0.119448
0.119427
0.11944
0.119657
0.120035
0.120652
0.121237
0.12189
0.12247
0.123014
0.123534
0.123993
0.124392
0.124732
0.125037
0.125286
0.125581
0.126097
0.126497
0.126983
0.128192
0.129238
0.130139
0.13096
0.132208
0.13333
0.134336
0.135232
0.136023
0.136781
0.137533
0.138534
0.139426
0.140195
0.140849
0.141388
0.142261
0.143117
0.143929
0.144655
0.145295
0.145853
0.146341
0.146966
0.147519
0.148052
0.148555
0.148991
0.149365
0.149678
0.149933
0.15013
0.150388
0.150721
0.151007
0.151248
0.151444
0.151597
0.151707
0.151779
0.151826
0.151833
0.15188
0.151896
0.151876
0.15182
0.151735
0.151655
0.151544
0.151444
0.15131
0.151142
0.15094
0.150702
0.150448
0.150216
0.150002
0.149753
0.14947
0.149153
0.148801
0.148518
0.148226
0.147898
0.147532
0.147189
0.146834
0.146438
0.146023
0.145581
0.145103
0.144603
0.144063
0.143481
0.142858
0.142231
0.141612
0.140946
0.140366
0.139824
0.139409
0.139066
0.138791
0.138501
0.138162
0.137776
0.137342
0.136861
0.136332
0.135753
0.135124
0.134443
0.133706
0.132911
0.132052
0.131121
0.130107
0.129053
0.128128
0.12737
0.126689
0.126145
0.125624
0.125063
0.124523
0.109614
0.109906
0.110169
0.110404
0.11061
0.110786
0.110932
0.111047
0.111221
0.111639
0.1122
0.112854
0.113536
0.114216
0.114826
0.115419
0.115974
0.116471
0.116912
0.117298
0.117653
0.117959
0.118406
0.11885
0.119163
0.119852
0.120879
0.121713
0.1224
0.123192
0.124231
0.125152
0.125968
0.126687
0.127312
0.127962
0.128668
0.129488
0.130153
0.130719
0.131202
0.131651
0.132493
0.133223
0.133918
0.134543
0.135098
0.135589
0.136072
0.136669
0.137208
0.13777
0.138278
0.138735
0.139147
0.139517
0.139845
0.140134
0.140542
0.140992
0.141404
0.14178
0.142121
0.142428
0.142703
0.142957
0.143187
0.143395
0.143648
0.143871
0.144064
0.144227
0.144378
0.14453
0.144669
0.144811
0.144922
0.145001
0.14505
0.145072
0.145075
0.145128
0.145173
0.145186
0.145168
0.145116
0.145041
0.14505
0.145026
0.144965
0.144867
0.144812
0.144718
0.144583
0.144435
0.144244
0.144024
0.143772
0.143478
0.143143
0.142764
0.142412
0.142034
0.141606
0.141323
0.141018
0.140895
0.140827
0.140798
0.140732
0.140609
0.140432
0.140203
0.139921
0.139585
0.139196
0.138751
0.138249
0.137687
0.137062
0.136371
0.135611
0.134786
0.13396
0.133241
0.132733
0.132251
0.131927
0.131588
0.131208
0.130842
0.130427
0.129958
0.129433
0.128855
0.128226
0.127528
0.126811
0.12603
0.125173
0.124451
0.12372
0.122926
0.122065
0.121419
0.120855
0.120234
0.119554
0.11881
0.118
0.117312
0.116631
0.115926
0.115149
0.114295
0.113357
0.112544
0.111941
0.111285
0.110598
0.109837
0.108997
0.108073
0.107409
0.106889
0.106382
0.106035
0.105549
0.104967
0.104297
0.103536
0.102679
0.101965
0.103466
0.104572
0.105383
0.105962
0.106344
0.106553
0.106598
0.108255
0.108987
0.11018
0.111762
0.113104
0.11425
0.115226
0.116091
0.11683
0.121397
0.126359
0.13042
0.133824
0.136721
0.140306
0.143483
0.146135
0.148375
0.150324
0.152042
0.153568
0.155211
0.157018
0.158662
0.160157
0.161807
0.163757
0.165464
0.167053
0.168587
0.169923
0.171131
0.172222
0.173203
0.174083
0.174875
0.175636
0.176314
0.176932
0.177566
0.178168
0.178807
0.179506
0.180182
0.180783
0.181312
0.181771
0.182164
0.182489
0.182746
0.182933
0.183047
0.183085
0.183043
0.182915
0.182694
0.182371
0.182015
0.181815
0.181761
0.181953
0.182125
0.182374
0.182555
0.182693
0.182793
0.182809
0.182731
0.182547
0.182267
0.181857
0.181408
0.181146
0.180747
0.180399
0.180825
0.181179
0.181464
0.181728
0.182483
0.183186
0.183832
0.184417
0.184933
0.185444
0.185976
0.186798
0.187564
0.18827
0.188917
0.189502
0.190471
0.19148
0.192501
0.193487
0.194436
0.195347
0.19623
0.197284
0.198302
0.199339
0.200365
0.201353
0.202309
0.203233
0.204128
0.204993
0.205946
0.206987
0.207993
0.208966
0.209907
0.210818
0.211696
0.212553
0.213394
0.214203
0.215061
0.215894
0.216698
0.217471
0.218221
0.21898
0.219711
0.220458
0.22117
0.221849
0.222495
0.223108
0.223704
0.224323
0.224957
0.225558
0.226123
0.226655
0.227151
0.227712
0.228264
0.228776
0.229249
0.229744
0.230222
0.230657
0.231073
0.23146
0.231809
0.232136
0.232424
0.232672
0.232879
0.233082
0.233297
0.233468
0.233731
0.23404
0.234485
0.235008
0.235593
0.236147
0.23664
0.237078
0.237465
0.237803
0.238093
0.238336
0.238532
0.238681
0.238783
0.238839
0.238846
0.238805
0.238715
0.238619
0.238652
0.238825
0.23903
0.239327
0.2396
0.23979
0.239962
0.443049
0.442209
0.441424
0.440591
0.439708
0.438854
0.438041
0.437192
0.436286
0.435319
0.43429
0.433196
0.432033
0.4308
0.42949
0.428123
0.426818
0.425487
0.424383
0.423412
0.422527
0.421577
0.420554
0.419455
0.418277
0.417265
0.416296
0.41523
0.414072
0.412985
0.411859
0.410703
0.409457
0.40809
0.40682
0.405902
0.405844
0.405873
0.406193
0.408006
0.409609
0.410988
0.412147
0.413397
0.414536
0.415908
0.416987
0.418977
0.421645
0.424116
0.426145
0.4284
0.433116
0.437401
0.441228
0.444585
0.447554
0.450758
0.454174
0.461383
0.468585
0.474723
0.480164
0.484847
0.49571
0.505595
0.514256
0.522177
0.529354
0.53609
0.542016
0.547481
0.552511
0.560385
0.568119
0.574794
0.580543
0.585771
0.590508
0.594694
0.598618
0.603081
0.607012
0.610434
0.613369
0.616146
0.61873
0.621496
0.623944
0.626036
0.627822
0.629538
0.630974
0.63215
0.633077
0.633802
0.634438
0.635226
0.636036
0.636687
0.637263
0.637817
0.638207
0.638438
0.638518
0.638452
0.638243
0.637898
0.637418
0.636807
0.63625
0.635722
0.635081
0.634326
0.633532
0.632803
0.632175
0.63151
0.630735
0.629856
0.628936
0.62799
0.626927
0.625746
0.624443
0.623018
0.621464
0.619776
0.617947
0.615977
0.614162
0.612378
0.610572
0.609061
0.607604
0.606051
0.604374
0.602546
0.600561
0.598408
0.596119
0.593624
0.590901
0.587958
0.585589
0.583212
0.58079
0.578143
0.575357
0.572576
0.570634
0.568614
0.566903
0.565116
0.563274
0.561281
0.55914
0.55704
0.555271
0.553484
0.551634
0.549668
0.547634
0.545787
0.544291
0.542697
0.54107
0.539732
0.538354
0.536997
0.535568
0.53424
0.533407
0.532765
0.532212
0.531654
0.531109
0.530655
0.530175
0.529934
0.529695
0.529438
0.529195
0.52896
0.528727
0.528474
0.528238
0.528065
0.528041
0.528045
0.528047
0.528099
0.528402
0.528899
0.529537
0.530206
0.530899
0.531664
0.532403
0.53313
0.533857
0.53459
0.535405
0.536196
0.536962
0.537732
0.538512
0.539268
0.540002
0.540724
0.54144
0.54216
0.543121
0.544536
0.54597
0.547691
0.549423
0.551098
0.552722
0.554294
0.555815
0.557285
0.558706
0.560078
0.561409
0.562737
0.564032
0.565277
0.566481
0.567847
0.569381
0.571397
0.573349
0.575219
0.577088
0.579095
0.581142
0.583112
0.585004
0.586817
0.588553
0.59021
0.591789
0.59329
0.594812
0.596446
0.597994
0.599563
0.601417
0.603715
0.605902
0.607982
0.609943
0.611788
0.613581
0.615346
0.616996
0.618528
0.62001
0.621479
0.623051
0.624626
0.626025
0.62727
0.62838
0.629772
0.631019
0.632176
0.633487
0.634678
0.63568
0.63651
0.637211
0.63777
0.638466
0.638941
0.639302
0.639764
0.639907
0.639725
0.639214
0.63862
0.637728
0.636512
0.634937
0.632937
0.63093
0.62873
0.62645
0.623945
0.620909
0.617339
0.613184
0.608607
0.603406
0.597374
0.590441
0.582463
0.575719
0.567852
0.560745
0.556187
0.551264
0.545904
0.539988
0.53346
0.526448
0.518904
0.510803
0.502099
0.493493
0.483833
0.472909
0.460463
0.45208
0.447819
0.444463
0.440863
0.436989
0.432832
0.428446
0.423762
0.418757
0.413397
0.40768
0.402013
0.399326
0.398395
0.397619
0.396648
0.396827
0.397092
0.397239
0.397272
0.397191
0.396996
0.396687
0.396264
0.395726
0.395364
0.395059
0.394672
0.394172
0.393824
0.394626
0.39629
0.398448
0.400471
0.402355
0.404143
0.405876
0.407496
0.409006
0.410408
0.411705
0.412902
0.414
0.415002
0.415909
0.418111
0.443049
0.442209
0.441424
0.440591
0.439708
0.438854
0.438041
0.437192
0.436286
0.435319
0.43429
0.433196
0.432033
0.4308
0.42949
0.428123
0.426818
0.425487
0.424383
0.423412
0.422527
0.421577
0.420554
0.419455
0.418277
0.417265
0.416296
0.41523
0.414072
0.412985
0.411859
0.410703
0.409457
0.40809
0.40682
0.405902
0.405844
0.405873
0.406193
0.408006
0.409609
0.410988
0.412147
0.413397
0.414536
0.415908
0.416987
0.418977
0.421645
0.424116
0.426145
0.4284
0.433116
0.437401
0.441228
0.444585
0.447554
0.450758
0.454174
0.461383
0.468585
0.474723
0.480164
0.484847
0.49571
0.505595
0.514256
0.522177
0.529354
0.53609
0.542016
0.547481
0.552511
0.560385
0.568119
0.574794
0.580543
0.585771
0.590508
0.594694
0.598618
0.603081
0.607012
0.610434
0.613369
0.616146
0.61873
0.621496
0.623944
0.626036
0.627822
0.629538
0.630974
0.63215
0.633077
0.633802
0.634438
0.635226
0.636036
0.636687
0.637263
0.637817
0.638207
0.638438
0.638518
0.638452
0.638243
0.637898
0.637418
0.636807
0.63625
0.635722
0.635081
0.634326
0.633532
0.632803
0.632175
0.63151
0.630735
0.629856
0.628936
0.62799
0.626927
0.625746
0.624443
0.623018
0.621464
0.619776
0.617947
0.615977
0.614162
0.612378
0.610572
0.609061
0.607604
0.606051
0.604374
0.602546
0.600561
0.598408
0.596119
0.593624
0.590901
0.587958
0.585589
0.583212
0.58079
0.578143
0.575357
0.572576
0.570634
0.568614
0.566903
0.565116
0.563274
0.561281
0.55914
0.55704
0.555271
0.553484
0.551634
0.549668
0.547634
0.545787
0.544291
0.542697
0.54107
0.539732
0.538354
0.536997
0.535568
0.53424
0.533407
0.532765
0.532212
0.531654
0.531109
0.530655
0.530175
0.529934
0.529695
0.529438
0.529195
0.52896
0.528727
0.528474
0.528238
0.528065
0.528041
0.528045
0.528047
0.528099
0.528402
0.528899
0.529537
0.530206
0.530899
0.531664
0.532403
0.53313
0.533857
0.53459
0.535405
0.536196
0.536962
0.537732
0.538512
0.539268
0.540002
0.540724
0.54144
0.54216
0.543121
0.544536
0.54597
0.547691
0.549423
0.551098
0.552722
0.554294
0.555815
0.557285
0.558706
0.560078
0.561409
0.562737
0.564032
0.565277
0.566481
0.567847
0.569381
0.571397
0.573349
0.575219
0.577088
0.579095
0.581142
0.583112
0.585004
0.586817
0.588553
0.59021
0.591789
0.59329
0.594812
0.596446
0.597994
0.599563
0.601417
0.603715
0.605902
0.607982
0.609943
0.611788
0.613581
0.615346
0.616996
0.618528
0.62001
0.621479
0.623051
0.624626
0.626025
0.62727
0.62838
0.629772
0.631019
0.632176
0.633487
0.634678
0.63568
0.63651
0.637211
0.63777
0.638466
0.638941
0.639302
0.639764
0.639907
0.639725
0.639214
0.63862
0.637728
0.636512
0.634937
0.632937
0.63093
0.62873
0.62645
0.623945
0.620909
0.617339
0.613184
0.608607
0.603406
0.597374
0.590441
0.582463
0.575719
0.567852
0.560745
0.556187
0.551264
0.545904
0.539988
0.53346
0.526448
0.518904
0.510803
0.502099
0.493493
0.483833
0.472909
0.460463
0.45208
0.447819
0.444463
0.440863
0.436989
0.432832
0.428446
0.423762
0.418757
0.413397
0.40768
0.402013
0.399326
0.398395
0.397619
0.396648
0.396827
0.397092
0.397239
0.397272
0.397191
0.396996
0.396687
0.396264
0.395726
0.395364
0.395059
0.394672
0.394172
0.393824
0.394626
0.39629
0.398448
0.400471
0.402355
0.404143
0.405876
0.407496
0.409006
0.410408
0.411705
0.412902
0.414
0.415002
0.415909
0.418111
0.245333
0.245759
0.246079
0.246292
0.246393
0.246374
0.246222
0.245911
0.245529
0.245332
0.245278
0.24533
0.245411
0.245488
0.245484
0.245446
0.245342
0.245145
0.244844
0.244428
0.243891
0.24316
0.242362
0.241582
0.240595
0.239851
0.239563
0.239186
0.238719
0.23839
0.238367
0.238283
0.238134
0.237916
0.237619
0.237329
0.236995
0.236842
0.236606
0.236285
0.235867
0.235375
0.235295
0.235157
0.23502
0.234833
0.234592
0.234298
0.234005
0.233831
0.233592
0.233371
0.233114
0.232809
0.232455
0.232056
0.231612
0.231121
0.230747
0.230412
0.230035
0.229619
0.229162
0.228669
0.228135
0.227573
0.226986
0.226373
0.2258
0.225192
0.224549
0.223872
0.223177
0.222481
0.221765
0.221052
0.220306
0.219529
0.218718
0.217876
0.217017
0.216209
0.215397
0.214552
0.213677
0.212771
0.211843
0.211003
0.210135
0.209235
0.2083
0.207416
0.206506
0.20556
0.20461
0.203636
0.202645
0.201636
0.200598
0.199531
0.198436
0.197384
0.196322
0.19523
0.194304
0.193378
0.192657
0.192008
0.191421
0.190821
0.190187
0.189522
0.188827
0.188103
0.187353
0.186577
0.185777
0.184952
0.184103
0.18323
0.182333
0.181412
0.180474
0.179583
0.17883
0.178305
0.177804
0.177461
0.177101
0.176699
0.176316
0.175892
0.175425
0.174918
0.174378
0.173812
0.173208
0.172613
0.171979
0.171302
0.170783
0.170256
0.16967
0.16903
0.168613
0.168261
0.16784
0.16735
0.166793
0.166172
0.165674
0.165176
0.164638
0.164011
0.163294
0.162484
0.161788
0.161259
0.160628
0.159915
0.159077
0.158112
0.15701
0.156108
0.155249
0.15422
0.1533
0.152155
0.150767
0.14911
0.147132
0.144758
0.142113
0.141655
0.140974
0.140051
0.138852
0.13731
0.135262
0.132107
0.130144
0.12806
0.126507
0.125326
0.12377
0.121764
0.119192
0.115915
0.111608
0.110528
0.110879
0.111034
0.110891
0.110152
0.109637
0.109859
0.110144
0.110328
0.110408
0.110378
0.11023
0.110245
0.11049
0.110608
0.110563
0.110609
0.111112
0.111526
0.111872
0.112335
0.112756
0.113159
0.11353
0.113862
0.114157
0.11442
0.114702
0.114948
0.115178
0.115462
0.115748
0.116096
0.116529
0.116973
0.117379
0.117744
0.11807
0.118359
0.118613
0.118833
0.119019
0.119171
0.119291
0.119377
0.11943
0.119448
0.119427
0.11944
0.119657
0.120035
0.120652
0.121237
0.12189
0.12247
0.123014
0.123534
0.123993
0.124392
0.124732
0.125037
0.125286
0.125581
0.126097
0.126497
0.126983
0.128192
0.129238
0.130139
0.13096
0.132208
0.13333
0.134336
0.135232
0.136023
0.136781
0.137533
0.138534
0.139426
0.140195
0.140849
0.141388
0.142261
0.143117
0.143929
0.144655
0.145295
0.145853
0.146341
0.146966
0.147519
0.148052
0.148555
0.148991
0.149365
0.149678
0.149933
0.15013
0.150388
0.150721
0.151007
0.151248
0.151444
0.151597
0.151707
0.151779
0.151826
0.151833
0.15188
0.151896
0.151876
0.15182
0.151735
0.151655
0.151544
0.151444
0.15131
0.151142
0.15094
0.150702
0.150448
0.150216
0.150002
0.149753
0.14947
0.149153
0.148801
0.148518
0.148226
0.147898
0.147532
0.147189
0.146834
0.146438
0.146023
0.145581
0.145103
0.144603
0.144063
0.143481
0.142858
0.142231
0.141612
0.140946
0.140366
0.139824
0.139409
0.139066
0.138791
0.138501
0.138162
0.137776
0.137342
0.136861
0.136332
0.135753
0.135124
0.134443
0.133706
0.132911
0.132052
0.131121
0.130107
0.129053
0.128128
0.12737
0.126689
0.126145
0.125624
0.125063
0.124523
0.109614
0.109906
0.110169
0.110404
0.11061
0.110786
0.110932
0.111047
0.111221
0.111639
0.1122
0.112854
0.113536
0.114216
0.114826
0.115419
0.115974
0.116471
0.116912
0.117298
0.117653
0.117959
0.118406
0.11885
0.119163
0.119852
0.120879
0.121713
0.1224
0.123192
0.124231
0.125152
0.125968
0.126687
0.127312
0.127962
0.128668
0.129488
0.130153
0.130719
0.131202
0.131651
0.132493
0.133223
0.133918
0.134543
0.135098
0.135589
0.136072
0.136669
0.137208
0.13777
0.138278
0.138735
0.139147
0.139517
0.139845
0.140134
0.140542
0.140992
0.141404
0.14178
0.142121
0.142428
0.142703
0.142957
0.143187
0.143395
0.143648
0.143871
0.144064
0.144227
0.144378
0.14453
0.144669
0.144811
0.144922
0.145001
0.14505
0.145072
0.145075
0.145128
0.145173
0.145186
0.145168
0.145116
0.145041
0.14505
0.145026
0.144965
0.144867
0.144812
0.144718
0.144583
0.144435
0.144244
0.144024
0.143772
0.143478
0.143143
0.142764
0.142412
0.142034
0.141606
0.141323
0.141018
0.140895
0.140827
0.140798
0.140732
0.140609
0.140432
0.140203
0.139921
0.139585
0.139196
0.138751
0.138249
0.137687
0.137062
0.136371
0.135611
0.134786
0.13396
0.133241
0.132733
0.132251
0.131927
0.131588
0.131208
0.130842
0.130427
0.129958
0.129433
0.128855
0.128226
0.127528
0.126811
0.12603
0.125173
0.124451
0.12372
0.122926
0.122065
0.121419
0.120855
0.120234
0.119554
0.11881
0.118
0.117312
0.116631
0.115926
0.115149
0.114295
0.113357
0.112544
0.111941
0.111285
0.110598
0.109837
0.108997
0.108073
0.107409
0.106889
0.106382
0.106035
0.105549
0.104967
0.104297
0.103536
0.102679
0.101965
0.103466
0.104572
0.105383
0.105962
0.106344
0.106553
0.106598
0.108255
0.108987
0.11018
0.111762
0.113104
0.11425
0.115226
0.116091
0.11683
0.121397
0.126359
0.13042
0.133824
0.136721
0.140306
0.143483
0.146135
0.148375
0.150324
0.152042
0.153568
0.155211
0.157018
0.158662
0.160157
0.161807
0.163757
0.165464
0.167053
0.168587
0.169923
0.171131
0.172222
0.173203
0.174083
0.174875
0.175636
0.176314
0.176932
0.177566
0.178168
0.178807
0.179506
0.180182
0.180783
0.181312
0.181771
0.182164
0.182489
0.182746
0.182933
0.183047
0.183085
0.183043
0.182915
0.182694
0.182371
0.182015
0.181815
0.181761
0.181953
0.182125
0.182374
0.182555
0.182693
0.182793
0.182809
0.182731
0.182547
0.182267
0.181857
0.181408
0.181146
0.180747
0.180399
0.180825
0.181179
0.181464
0.181728
0.182483
0.183186
0.183832
0.184417
0.184933
0.185444
0.185976
0.186798
0.187564
0.18827
0.188917
0.189502
0.190471
0.19148
0.192501
0.193487
0.194436
0.195347
0.19623
0.197284
0.198302
0.199339
0.200365
0.201353
0.202309
0.203233
0.204128
0.204993
0.205946
0.206987
0.207993
0.208966
0.209907
0.210818
0.211696
0.212553
0.213394
0.214203
0.215061
0.215894
0.216698
0.217471
0.218221
0.21898
0.219711
0.220458
0.22117
0.221849
0.222495
0.223108
0.223704
0.224323
0.224957
0.225558
0.226123
0.226655
0.227151
0.227712
0.228264
0.228776
0.229249
0.229744
0.230222
0.230657
0.231073
0.23146
0.231809
0.232136
0.232424
0.232672
0.232879
0.233082
0.233297
0.233468
0.233731
0.23404
0.234485
0.235008
0.235593
0.236147
0.23664
0.237078
0.237465
0.237803
0.238093
0.238336
0.238532
0.238681
0.238783
0.238839
0.238846
0.238805
0.238715
0.238619
0.238652
0.238825
0.23903
0.239327
0.2396
0.23979
0.239962
0.122802
0.122365
0.12188
0.121345
0.120756
0.120111
0.119405
0.118634
0.117843
0.117067
0.116368
0.115698
0.115172
0.114705
0.114231
0.113844
0.113445
0.113003
0.11252
0.112016
0.111466
0.110861
0.110203
0.109525
0.108786
0.107987
0.107245
0.106572
0.105859
0.10509
0.104256
0.103625
0.103074
0.102487
0.101844
0.101134
0.100355
0.0996222
0.0989698
0.0982814
0.0975367
0.0967718
0.0960264
0.0955106
0.0949461
0.0943195
0.0936394
0.0930084
0.0923535
0.0916023
0.0910476
0.0908511
0.0906291
0.0903094
0.0898944
0.089408
0.0888849
0.0890945
0.0901469
0.0912763
0.0922855
0.0931791
0.0938996
0.0944438
0.0948229
0.0971533
0.100101
0.102906
0.105222
0.1073
0.109187
0.110806
0.11219
0.114157
0.119857
0.125352
0.130231
0.134505
0.138286
0.142839
0.147647
0.1517
0.155154
0.158155
0.160821
0.16342
0.165936
0.168163
0.170171
0.17205
0.17418
0.176317
0.178241
0.180002
0.18172
0.183218
0.184523
0.185654
0.186633
0.187464
0.18816
0.188741
0.189228
0.1896
0.189893
0.190123
0.190308
0.190501
0.190739
0.190948
0.191067
0.1911
0.19105
0.190917
0.190702
0.190405
0.190025
0.189559
0.189005
0.188358
0.187611
0.186757
0.185799
0.184854
0.183958
0.183212
0.182512
0.181934
0.18132
0.180714
0.180101
0.179419
0.178649
0.177793
0.176837
0.175753
0.174517
0.173337
0.172192
0.170964
0.16978
0.169117
0.16857
0.168022
0.167398
0.166824
0.166501
0.166217
0.165903
0.165513
0.165028
0.164577
0.164328
0.164068
0.163771
0.163485
0.163238
0.163174
0.163183
0.163157
0.163098
0.163045
0.163049
0.163021
0.162968
0.162973
0.163033
0.163074
0.16309
0.163087
0.163108
0.163132
0.163174
0.16321
0.163259
0.163299
0.163336
0.163354
0.163355
0.163343
0.163347
0.163371
0.16338
0.163386
0.163408
0.163421
0.163418
0.163398
0.163377
0.163351
0.163326
0.163305
0.163279
0.16327
0.163266
0.163252
0.16322
0.163171
0.16313
0.163117
0.163123
0.163112
0.163083
0.163075
0.163085
0.163096
0.163113
0.163135
0.163144
0.163157
0.163155
0.163141
0.163123
0.163093
0.163046
0.162992
0.162974
0.16297
0.162977
0.163069
0.163187
0.163417
0.163753
0.164178
0.16459
0.164973
0.165329
0.16566
0.165967
0.166251
0.166512
0.16675
0.166967
0.16716
0.167331
0.167477
0.1676
0.167901
0.168437
0.169102
0.169772
0.170426
0.171047
0.171612
0.172154
0.172667
0.173133
0.173551
0.17394
0.17429
0.1746
0.174894
0.175153
0.175415
0.175772
0.176083
0.176357
0.176802
0.177265
0.177637
0.17793
0.178178
0.178467
0.178694
0.178825
0.178884
0.178904
0.178831
0.178655
0.178384
0.178281
0.178149
0.177914
0.177527
0.176977
0.176256
0.175615
0.174919
0.173988
0.172867
0.171823
0.170687
0.169273
0.167556
0.165535
0.163247
0.160685
0.157994
0.156243
0.154655
0.15274
0.150379
0.147465
0.14386
0.139435
0.137215
0.134713
0.131783
0.128979
0.12648
0.1235
0.119937
0.115697
0.11078
0.107164
0.106618
0.105801
0.104606
0.102939
0.102277
0.102277
0.102175
0.101986
0.101777
0.101528
0.101216
0.100777
0.100383
0.100172
0.0998932
0.0995984
0.099742
0.0999275
0.100119
0.100434
0.100722
0.100986
0.101247
0.101476
0.101674
0.101871
0.102091
0.102281
0.102486
0.102723
0.102957
0.10322
0.103531
0.103869
0.104172
0.104442
0.104679
0.104887
0.105066
0.105216
0.105338
0.105433
0.105501
0.105541
0.105553
0.105536
0.105567
0.105916
0.106541
0.107234
0.107864
0.108457
0.108989
0.109467
0.109904
0.122802
0.122365
0.12188
0.121345
0.120756
0.120111
0.119405
0.118634
0.117843
0.117067
0.116368
0.115698
0.115172
0.114705
0.114231
0.113844
0.113445
0.113003
0.11252
0.112016
0.111466
0.110861
0.110203
0.109525
0.108786
0.107987
0.107245
0.106572
0.105859
0.10509
0.104256
0.103625
0.103074
0.102487
0.101844
0.101134
0.100355
0.0996222
0.0989698
0.0982814
0.0975367
0.0967718
0.0960264
0.0955106
0.0949461
0.0943195
0.0936394
0.0930084
0.0923535
0.0916023
0.0910476
0.0908511
0.0906291
0.0903094
0.0898944
0.089408
0.0888849
0.0890945
0.0901469
0.0912763
0.0922855
0.0931791
0.0938996
0.0944438
0.0948229
0.0971533
0.100101
0.102906
0.105222
0.1073
0.109187
0.110806
0.11219
0.114157
0.119857
0.125352
0.130231
0.134505
0.138286
0.142839
0.147647
0.1517
0.155154
0.158155
0.160821
0.16342
0.165936
0.168163
0.170171
0.17205
0.17418
0.176317
0.178241
0.180002
0.18172
0.183218
0.184523
0.185654
0.186633
0.187464
0.18816
0.188741
0.189228
0.1896
0.189893
0.190123
0.190308
0.190501
0.190739
0.190948
0.191067
0.1911
0.19105
0.190917
0.190702
0.190405
0.190025
0.189559
0.189005
0.188358
0.187611
0.186757
0.185799
0.184854
0.183958
0.183212
0.182512
0.181934
0.18132
0.180714
0.180101
0.179419
0.178649
0.177793
0.176837
0.175753
0.174517
0.173337
0.172192
0.170964
0.16978
0.169117
0.16857
0.168022
0.167398
0.166824
0.166501
0.166217
0.165903
0.165513
0.165028
0.164577
0.164328
0.164068
0.163771
0.163485
0.163238
0.163174
0.163183
0.163157
0.163098
0.163045
0.163049
0.163021
0.162968
0.162973
0.163033
0.163074
0.16309
0.163087
0.163108
0.163132
0.163174
0.16321
0.163259
0.163299
0.163336
0.163354
0.163355
0.163343
0.163347
0.163371
0.16338
0.163386
0.163408
0.163421
0.163418
0.163398
0.163377
0.163351
0.163326
0.163305
0.163279
0.16327
0.163266
0.163252
0.16322
0.163171
0.16313
0.163117
0.163123
0.163112
0.163083
0.163075
0.163085
0.163096
0.163113
0.163135
0.163144
0.163157
0.163155
0.163141
0.163123
0.163093
0.163046
0.162992
0.162974
0.16297
0.162977
0.163069
0.163187
0.163417
0.163753
0.164178
0.16459
0.164973
0.165329
0.16566
0.165967
0.166251
0.166512
0.16675
0.166967
0.16716
0.167331
0.167477
0.1676
0.167901
0.168437
0.169102
0.169772
0.170426
0.171047
0.171612
0.172154
0.172667
0.173133
0.173551
0.17394
0.17429
0.1746
0.174894
0.175153
0.175415
0.175772
0.176083
0.176357
0.176802
0.177265
0.177637
0.17793
0.178178
0.178467
0.178694
0.178825
0.178884
0.178904
0.178831
0.178655
0.178384
0.178281
0.178149
0.177914
0.177527
0.176977
0.176256
0.175615
0.174919
0.173988
0.172867
0.171823
0.170687
0.169273
0.167556
0.165535
0.163247
0.160685
0.157994
0.156243
0.154655
0.15274
0.150379
0.147465
0.14386
0.139435
0.137215
0.134713
0.131783
0.128979
0.12648
0.1235
0.119937
0.115697
0.11078
0.107164
0.106618
0.105801
0.104606
0.102939
0.102277
0.102277
0.102175
0.101986
0.101777
0.101528
0.101216
0.100777
0.100383
0.100172
0.0998932
0.0995984
0.099742
0.0999275
0.100119
0.100434
0.100722
0.100986
0.101247
0.101476
0.101674
0.101871
0.102091
0.102281
0.102486
0.102723
0.102957
0.10322
0.103531
0.103869
0.104172
0.104442
0.104679
0.104887
0.105066
0.105216
0.105338
0.105433
0.105501
0.105541
0.105553
0.105536
0.105567
0.105916
0.106541
0.107234
0.107864
0.108457
0.108989
0.109467
0.109904
0.245333
0.245759
0.246079
0.246292
0.246393
0.246374
0.246222
0.245911
0.245529
0.245332
0.245278
0.24533
0.245411
0.245488
0.245484
0.245446
0.245342
0.245145
0.244844
0.244428
0.243891
0.24316
0.242362
0.241582
0.240595
0.239851
0.239563
0.239186
0.238719
0.23839
0.238367
0.238283
0.238134
0.237916
0.237619
0.237329
0.236995
0.236842
0.236606
0.236285
0.235867
0.235375
0.235295
0.235157
0.23502
0.234833
0.234592
0.234298
0.234005
0.233831
0.233592
0.233371
0.233114
0.232809
0.232455
0.232056
0.231612
0.231121
0.230747
0.230412
0.230035
0.229619
0.229162
0.228669
0.228135
0.227573
0.226986
0.226373
0.2258
0.225192
0.224549
0.223872
0.223177
0.222481
0.221765
0.221052
0.220306
0.219529
0.218718
0.217876
0.217017
0.216209
0.215397
0.214552
0.213677
0.212771
0.211843
0.211003
0.210135
0.209235
0.2083
0.207416
0.206506
0.20556
0.20461
0.203636
0.202645
0.201636
0.200598
0.199531
0.198436
0.197384
0.196322
0.19523
0.194304
0.193378
0.192657
0.192008
0.191421
0.190821
0.190187
0.189522
0.188827
0.188103
0.187353
0.186577
0.185777
0.184952
0.184103
0.18323
0.182333
0.181412
0.180474
0.179583
0.17883
0.178305
0.177804
0.177461
0.177101
0.176699
0.176316
0.175892
0.175425
0.174918
0.174378
0.173812
0.173208
0.172613
0.171979
0.171302
0.170783
0.170256
0.16967
0.16903
0.168613
0.168261
0.16784
0.16735
0.166793
0.166172
0.165674
0.165176
0.164638
0.164011
0.163294
0.162484
0.161788
0.161259
0.160628
0.159915
0.159077
0.158112
0.15701
0.156108
0.155249
0.15422
0.1533
0.152155
0.150767
0.14911
0.147132
0.144758
0.142113
0.141655
0.140974
0.140051
0.138852
0.13731
0.135262
0.132107
0.130144
0.12806
0.126507
0.125326
0.12377
0.121764
0.119192
0.115915
0.111608
0.110528
0.110879
0.111034
0.110891
0.110152
0.109637
0.109859
0.110144
0.110328
0.110408
0.110378
0.11023
0.110245
0.11049
0.110608
0.110563
0.110609
0.111112
0.111526
0.111872
0.112335
0.112756
0.113159
0.11353
0.113862
0.114157
0.11442
0.114702
0.114948
0.115178
0.115462
0.115748
0.116096
0.116529
0.116973
0.117379
0.117744
0.11807
0.118359
0.118613
0.118833
0.119019
0.119171
0.119291
0.119377
0.11943
0.119448
0.119427
0.11944
0.119657
0.120035
0.120652
0.121237
0.12189
0.12247
0.123014
0.123534
0.123993
0.124392
0.124732
0.125037
0.125286
0.125581
0.126097
0.126497
0.126983
0.128192
0.129238
0.130139
0.13096
0.132208
0.13333
0.134336
0.135232
0.136023
0.136781
0.137533
0.138534
0.139426
0.140195
0.140849
0.141388
0.142261
0.143117
0.143929
0.144655
0.145295
0.145853
0.146341
0.146966
0.147519
0.148052
0.148555
0.148991
0.149365
0.149678
0.149933
0.15013
0.150388
0.150721
0.151007
0.151248
0.151444
0.151597
0.151707
0.151779
0.151826
0.151833
0.15188
0.151896
0.151876
0.15182
0.151735
0.151655
0.151544
0.151444
0.15131
0.151142
0.15094
0.150702
0.150448
0.150216
0.150002
0.149753
0.14947
0.149153
0.148801
0.148518
0.148226
0.147898
0.147532
0.147189
0.146834
0.146438
0.146023
0.145581
0.145103
0.144603
0.144063
0.143481
0.142858
0.142231
0.141612
0.140946
0.140366
0.139824
0.139409
0.139066
0.138791
0.138501
0.138162
0.137776
0.137342
0.136861
0.136332
0.135753
0.135124
0.134443
0.133706
0.132911
0.132052
0.131121
0.130107
0.129053
0.128128
0.12737
0.126689
0.126145
0.125624
0.125063
0.124523
0.109614
0.109906
0.110169
0.110404
0.11061
0.110786
0.110932
0.111047
0.111221
0.111639
0.1122
0.112854
0.113536
0.114216
0.114826
0.115419
0.115974
0.116471
0.116912
0.117298
0.117653
0.117959
0.118406
0.11885
0.119163
0.119852
0.120879
0.121713
0.1224
0.123192
0.124231
0.125152
0.125968
0.126687
0.127312
0.127962
0.128668
0.129488
0.130153
0.130719
0.131202
0.131651
0.132493
0.133223
0.133918
0.134543
0.135098
0.135589
0.136072
0.136669
0.137208
0.13777
0.138278
0.138735
0.139147
0.139517
0.139845
0.140134
0.140542
0.140992
0.141404
0.14178
0.142121
0.142428
0.142703
0.142957
0.143187
0.143395
0.143648
0.143871
0.144064
0.144227
0.144378
0.14453
0.144669
0.144811
0.144922
0.145001
0.14505
0.145072
0.145075
0.145128
0.145173
0.145186
0.145168
0.145116
0.145041
0.14505
0.145026
0.144965
0.144867
0.144812
0.144718
0.144583
0.144435
0.144244
0.144024
0.143772
0.143478
0.143143
0.142764
0.142412
0.142034
0.141606
0.141323
0.141018
0.140895
0.140827
0.140798
0.140732
0.140609
0.140432
0.140203
0.139921
0.139585
0.139196
0.138751
0.138249
0.137687
0.137062
0.136371
0.135611
0.134786
0.13396
0.133241
0.132733
0.132251
0.131927
0.131588
0.131208
0.130842
0.130427
0.129958
0.129433
0.128855
0.128226
0.127528
0.126811
0.12603
0.125173
0.124451
0.12372
0.122926
0.122065
0.121419
0.120855
0.120234
0.119554
0.11881
0.118
0.117312
0.116631
0.115926
0.115149
0.114295
0.113357
0.112544
0.111941
0.111285
0.110598
0.109837
0.108997
0.108073
0.107409
0.106889
0.106382
0.106035
0.105549
0.104967
0.104297
0.103536
0.102679
0.101965
0.103466
0.104572
0.105383
0.105962
0.106344
0.106553
0.106598
0.108255
0.108987
0.11018
0.111762
0.113104
0.11425
0.115226
0.116091
0.11683
0.121397
0.126359
0.13042
0.133824
0.136721
0.140306
0.143483
0.146135
0.148375
0.150324
0.152042
0.153568
0.155211
0.157018
0.158662
0.160157
0.161807
0.163757
0.165464
0.167053
0.168587
0.169923
0.171131
0.172222
0.173203
0.174083
0.174875
0.175636
0.176314
0.176932
0.177566
0.178168
0.178807
0.179506
0.180182
0.180783
0.181312
0.181771
0.182164
0.182489
0.182746
0.182933
0.183047
0.183085
0.183043
0.182915
0.182694
0.182371
0.182015
0.181815
0.181761
0.181953
0.182125
0.182374
0.182555
0.182693
0.182793
0.182809
0.182731
0.182547
0.182267
0.181857
0.181408
0.181146
0.180747
0.180399
0.180825
0.181179
0.181464
0.181728
0.182483
0.183186
0.183832
0.184417
0.184933
0.185444
0.185976
0.186798
0.187564
0.18827
0.188917
0.189502
0.190471
0.19148
0.192501
0.193487
0.194436
0.195347
0.19623
0.197284
0.198302
0.199339
0.200365
0.201353
0.202309
0.203233
0.204128
0.204993
0.205946
0.206987
0.207993
0.208966
0.209907
0.210818
0.211696
0.212553
0.213394
0.214203
0.215061
0.215894
0.216698
0.217471
0.218221
0.21898
0.219711
0.220458
0.22117
0.221849
0.222495
0.223108
0.223704
0.224323
0.224957
0.225558
0.226123
0.226655
0.227151
0.227712
0.228264
0.228776
0.229249
0.229744
0.230222
0.230657
0.231073
0.23146
0.231809
0.232136
0.232424
0.232672
0.232879
0.233082
0.233297
0.233468
0.233731
0.23404
0.234485
0.235008
0.235593
0.236147
0.23664
0.237078
0.237465
0.237803
0.238093
0.238336
0.238532
0.238681
0.238783
0.238839
0.238846
0.238805
0.238715
0.238619
0.238652
0.238825
0.23903
0.239327
0.2396
0.23979
0.239962
-0.0516745
-0.0513322
-0.0510112
-0.0506593
-0.0502924
-0.0499023
-0.049491
-0.0492392
-0.0490163
-0.0487681
-0.0484934
-0.0481909
-0.0478629
-0.0475452
-0.0471923
-0.0468257
-0.0464851
-0.0461759
-0.0459005
-0.0455949
-0.0452576
-0.0448872
-0.0444921
-0.0440588
-0.0437268
-0.0433635
-0.0431309
-0.0428945
-0.0426798
-0.0424468
-0.0421738
-0.0418626
-0.0415655
-0.0412617
-0.041012
-0.040779
-0.0405266
-0.0402434
-0.0399262
-0.0395718
-0.0392386
-0.0389925
-0.0387224
-0.0384113
-0.0380552
-0.037745
-0.0374737
-0.0372339
-0.0369593
-0.0366743
-0.036551
-0.0364276
-0.036303
-0.0361818
-0.036033
-0.0358547
-0.0358007
-0.0357581
-0.035654
-0.0354883
-0.0353137
-0.0352077
-0.0350685
-0.0348972
-0.0347097
-0.0345319
-0.0344256
-0.035029
-0.0355256
-0.0359186
-0.037111
-0.0387001
-0.0400063
-0.0410457
-0.0418733
-0.0425686
-0.0434337
-0.0442693
-0.0449719
-0.0455569
-0.0460379
-0.046429
-0.0467578
-0.0488176
-0.0509665
-0.0540522
-0.0566397
-0.058785
-0.0606133
-0.0622352
-0.0637136
-0.0655086
-0.0672044
-0.0696416
-0.0718233
-0.0737824
-0.0755296
-0.0770818
-0.0784531
-0.0799366
-0.081418
-0.0828032
-0.0840269
-0.0850838
-0.0862209
-0.0872225
-0.0880963
-0.0888499
-0.0894894
-0.0901602
-0.0910638
-0.0918644
-0.0925522
-0.0931288
-0.0935904
-0.0939674
-0.0942865
-0.0945939
-0.0948073
-0.0949314
-0.0949602
-0.0950667
-0.0954685
-0.0958082
-0.0960764
-0.0962713
-0.0963897
-0.0964438
-0.0964269
-0.0963169
-0.0961069
-0.095878
-0.09594
-0.0960679
-0.0961548
-0.0962009
-0.0962103
-0.0961841
-0.096151
-0.0961376
-0.0961023
-0.0960625
-0.0959972
-0.095922
-0.0957968
-0.0956029
-0.0954478
-0.0953497
-0.0953371
-0.0953574
-0.0953645
-0.0953637
-0.0953431
-0.0953034
-0.0952452
-0.095186
-0.0951427
-0.0951123
-0.0950548
-0.0950084
-0.0949606
-0.0949339
-0.0948956
-0.0948439
-0.0947872
-0.0947783
-0.0947722
-0.0947881
-0.0947988
-0.094793
-0.094779
-0.0947735
-0.0947517
-0.0947124
-0.0946681
-0.0946469
-0.0946125
-0.0945625
-0.0945108
-0.0944735
-0.0944601
-0.094461
-0.0944637
-0.0944601
-0.0944527
-0.0944699
-0.0945037
-0.094558
-0.0946009
-0.0946362
-0.0946837
-0.0947504
-0.0948051
-0.094848
-0.0948791
-0.0949024
-0.0949271
-0.0949626
-0.0950015
-0.0950431
-0.0950867
-0.0951169
-0.0951496
-0.095199
-0.0952593
-0.0953304
-0.0954048
-0.0954737
-0.0955366
-0.095591
-0.0956369
-0.0956715
-0.095694
-0.0957073
-0.0957399
-0.0957792
-0.095817
-0.095852
-0.0958798
-0.0959041
-0.0959156
-0.0959139
-0.0958989
-0.0958702
-0.095851
-0.0958346
-0.0958019
-0.0957696
-0.0957274
-0.0956836
-0.0956365
-0.0955726
-0.0954866
-0.095384
-0.0952646
-0.0951241
-0.0949895
-0.0948379
-0.0946593
-0.0944529
-0.0942174
-0.0939518
-0.0937256
-0.0934754
-0.0932092
-0.0929303
-0.0926417
-0.0923362
-0.0919821
-0.0915784
-0.0911238
-0.0906238
-0.0900707
-0.0894795
-0.0888354
-0.0881887
-0.0875115
-0.0868415
-0.0861714
-0.0854531
-0.0846436
-0.0838155
-0.082918
-0.0819822
-0.0810547
-0.0800252
-0.0788715
-0.0775854
-0.0761569
-0.0746432
-0.0733848
-0.0720351
-0.0705325
-0.0688727
-0.0674899
-0.0662002
-0.0649163
-0.0634279
-0.0617172
-0.0604793
-0.0593193
-0.0580869
-0.0567369
-0.0551645
-0.0533309
-0.0512886
-0.0500653
-0.0485002
-0.0465175
-0.0441073
-0.0430244
-0.0417063
-0.0401201
-0.0383148
-0.036397
-0.0348665
-0.0349089
-0.0348689
-0.0346974
-0.0344264
-0.0340646
-0.0336936
-0.0331604
-0.0322808
-0.0325349
-0.0329557
-0.0333924
-0.0337605
-0.0340594
-0.0342869
-0.0344515
-0.0345967
-0.034903
-0.0353225
-0.0357367
-0.0360985
-0.0363938
-0.0366558
-0.0370185
-0.0373639
-0.0377891
-0.0381875
-0.0386138
-0.0390113
-0.0393871
-0.0397307
-0.0400408
-0.0403178
-0.040598
-0.0409021
-0.041216
-0.0415245
-0.0418075
-0.0420791
-0.0423273
-0.0425482
-0.0427427
-0.0429112
-0.0430647
-0.0432777
-0.0434857
-0.0436752
-0.0438593
-0.0440202
-0.0441817
-0.0443211
-0.0444518
-0.0445578
-0.0446514
-0.0447246
-0.0447968
-0.0449328
-0.0450571
-0.0451591
-0.0452385
-0.0452951
-0.0453431
-0.0454123
-0.0454814
-0.0455603
-0.0516745
-0.0513322
-0.0510112
-0.0506593
-0.0502924
-0.0499023
-0.049491
-0.0492392
-0.0490163
-0.0487681
-0.0484934
-0.0481909
-0.0478629
-0.0475452
-0.0471923
-0.0468257
-0.0464851
-0.0461759
-0.0459005
-0.0455949
-0.0452576
-0.0448872
-0.0444921
-0.0440588
-0.0437268
-0.0433635
-0.0431309
-0.0428945
-0.0426798
-0.0424468
-0.0421738
-0.0418626
-0.0415655
-0.0412617
-0.041012
-0.040779
-0.0405266
-0.0402434
-0.0399262
-0.0395718
-0.0392386
-0.0389925
-0.0387224
-0.0384113
-0.0380552
-0.037745
-0.0374737
-0.0372339
-0.0369593
-0.0366743
-0.036551
-0.0364276
-0.036303
-0.0361818
-0.036033
-0.0358547
-0.0358007
-0.0357581
-0.035654
-0.0354883
-0.0353137
-0.0352077
-0.0350685
-0.0348972
-0.0347097
-0.0345319
-0.0344256
-0.035029
-0.0355256
-0.0359186
-0.037111
-0.0387001
-0.0400063
-0.0410457
-0.0418733
-0.0425686
-0.0434337
-0.0442693
-0.0449719
-0.0455569
-0.0460379
-0.046429
-0.0467578
-0.0488176
-0.0509665
-0.0540522
-0.0566397
-0.058785
-0.0606133
-0.0622352
-0.0637136
-0.0655086
-0.0672044
-0.0696416
-0.0718233
-0.0737824
-0.0755296
-0.0770818
-0.0784531
-0.0799366
-0.081418
-0.0828032
-0.0840269
-0.0850838
-0.0862209
-0.0872225
-0.0880963
-0.0888499
-0.0894894
-0.0901602
-0.0910638
-0.0918644
-0.0925522
-0.0931288
-0.0935904
-0.0939674
-0.0942865
-0.0945939
-0.0948073
-0.0949314
-0.0949602
-0.0950667
-0.0954685
-0.0958082
-0.0960764
-0.0962713
-0.0963897
-0.0964438
-0.0964269
-0.0963169
-0.0961069
-0.095878
-0.09594
-0.0960679
-0.0961548
-0.0962009
-0.0962103
-0.0961841
-0.096151
-0.0961376
-0.0961023
-0.0960625
-0.0959972
-0.095922
-0.0957968
-0.0956029
-0.0954478
-0.0953497
-0.0953371
-0.0953574
-0.0953645
-0.0953637
-0.0953431
-0.0953034
-0.0952452
-0.095186
-0.0951427
-0.0951123
-0.0950548
-0.0950084
-0.0949606
-0.0949339
-0.0948956
-0.0948439
-0.0947872
-0.0947783
-0.0947722
-0.0947881
-0.0947988
-0.094793
-0.094779
-0.0947735
-0.0947517
-0.0947124
-0.0946681
-0.0946469
-0.0946125
-0.0945625
-0.0945108
-0.0944735
-0.0944601
-0.094461
-0.0944637
-0.0944601
-0.0944527
-0.0944699
-0.0945037
-0.094558
-0.0946009
-0.0946362
-0.0946837
-0.0947504
-0.0948051
-0.094848
-0.0948791
-0.0949024
-0.0949271
-0.0949626
-0.0950015
-0.0950431
-0.0950867
-0.0951169
-0.0951496
-0.095199
-0.0952593
-0.0953304
-0.0954048
-0.0954737
-0.0955366
-0.095591
-0.0956369
-0.0956715
-0.095694
-0.0957073
-0.0957399
-0.0957792
-0.095817
-0.095852
-0.0958798
-0.0959041
-0.0959156
-0.0959139
-0.0958989
-0.0958702
-0.095851
-0.0958346
-0.0958019
-0.0957696
-0.0957274
-0.0956836
-0.0956365
-0.0955726
-0.0954866
-0.095384
-0.0952646
-0.0951241
-0.0949895
-0.0948379
-0.0946593
-0.0944529
-0.0942174
-0.0939518
-0.0937256
-0.0934754
-0.0932092
-0.0929303
-0.0926417
-0.0923362
-0.0919821
-0.0915784
-0.0911238
-0.0906238
-0.0900707
-0.0894795
-0.0888354
-0.0881887
-0.0875115
-0.0868415
-0.0861714
-0.0854531
-0.0846436
-0.0838155
-0.082918
-0.0819822
-0.0810547
-0.0800252
-0.0788715
-0.0775854
-0.0761569
-0.0746432
-0.0733848
-0.0720351
-0.0705325
-0.0688727
-0.0674899
-0.0662002
-0.0649163
-0.0634279
-0.0617172
-0.0604793
-0.0593193
-0.0580869
-0.0567369
-0.0551645
-0.0533309
-0.0512886
-0.0500653
-0.0485002
-0.0465175
-0.0441073
-0.0430244
-0.0417063
-0.0401201
-0.0383148
-0.036397
-0.0348665
-0.0349089
-0.0348689
-0.0346974
-0.0344264
-0.0340646
-0.0336936
-0.0331604
-0.0322808
-0.0325349
-0.0329557
-0.0333924
-0.0337605
-0.0340594
-0.0342869
-0.0344515
-0.0345967
-0.034903
-0.0353225
-0.0357367
-0.0360985
-0.0363938
-0.0366558
-0.0370185
-0.0373639
-0.0377891
-0.0381875
-0.0386138
-0.0390113
-0.0393871
-0.0397307
-0.0400408
-0.0403178
-0.040598
-0.0409021
-0.041216
-0.0415245
-0.0418075
-0.0420791
-0.0423273
-0.0425482
-0.0427427
-0.0429112
-0.0430647
-0.0432777
-0.0434857
-0.0436752
-0.0438593
-0.0440202
-0.0441817
-0.0443211
-0.0444518
-0.0445578
-0.0446514
-0.0447246
-0.0447968
-0.0449328
-0.0450571
-0.0451591
-0.0452385
-0.0452951
-0.0453431
-0.0454123
-0.0454814
-0.0455603
0.245333
0.245759
0.246079
0.246292
0.246393
0.246374
0.246222
0.245911
0.245529
0.245332
0.245278
0.24533
0.245411
0.245488
0.245484
0.245446
0.245342
0.245145
0.244844
0.244428
0.243891
0.24316
0.242362
0.241582
0.240595
0.239851
0.239563
0.239186
0.238719
0.23839
0.238367
0.238283
0.238134
0.237916
0.237619
0.237329
0.236995
0.236842
0.236606
0.236285
0.235867
0.235375
0.235295
0.235157
0.23502
0.234833
0.234592
0.234298
0.234005
0.233831
0.233592
0.233371
0.233114
0.232809
0.232455
0.232056
0.231612
0.231121
0.230747
0.230412
0.230035
0.229619
0.229162
0.228669
0.228135
0.227573
0.226986
0.226373
0.2258
0.225192
0.224549
0.223872
0.223177
0.222481
0.221765
0.221052
0.220306
0.219529
0.218718
0.217876
0.217017
0.216209
0.215397
0.214552
0.213677
0.212771
0.211843
0.211003
0.210135
0.209235
0.2083
0.207416
0.206506
0.20556
0.20461
0.203636
0.202645
0.201636
0.200598
0.199531
0.198436
0.197384
0.196322
0.19523
0.194304
0.193378
0.192657
0.192008
0.191421
0.190821
0.190187
0.189522
0.188827
0.188103
0.187353
0.186577
0.185777
0.184952
0.184103
0.18323
0.182333
0.181412
0.180474
0.179583
0.17883
0.178305
0.177804
0.177461
0.177101
0.176699
0.176316
0.175892
0.175425
0.174918
0.174378
0.173812
0.173208
0.172613
0.171979
0.171302
0.170783
0.170256
0.16967
0.16903
0.168613
0.168261
0.16784
0.16735
0.166793
0.166172
0.165674
0.165176
0.164638
0.164011
0.163294
0.162484
0.161788
0.161259
0.160628
0.159915
0.159077
0.158112
0.15701
0.156108
0.155249
0.15422
0.1533
0.152155
0.150767
0.14911
0.147132
0.144758
0.142113
0.141655
0.140974
0.140051
0.138852
0.13731
0.135262
0.132107
0.130144
0.12806
0.126507
0.125326
0.12377
0.121764
0.119192
0.115915
0.111608
0.110528
0.110879
0.111034
0.110891
0.110152
0.109637
0.109859
0.110144
0.110328
0.110408
0.110378
0.11023
0.110245
0.11049
0.110608
0.110563
0.110609
0.111112
0.111526
0.111872
0.112335
0.112756
0.113159
0.11353
0.113862
0.114157
0.11442
0.114702
0.114948
0.115178
0.115462
0.115748
0.116096
0.116529
0.116973
0.117379
0.117744
0.11807
0.118359
0.118613
0.118833
0.119019
0.119171
0.119291
0.119377
0.11943
0.119448
0.119427
0.11944
0.119657
0.120035
0.120652
0.121237
0.12189
0.12247
0.123014
0.123534
0.123993
0.124392
0.124732
0.125037
0.125286
0.125581
0.126097
0.126497
0.126983
0.128192
0.129238
0.130139
0.13096
0.132208
0.13333
0.134336
0.135232
0.136023
0.136781
0.137533
0.138534
0.139426
0.140195
0.140849
0.141388
0.142261
0.143117
0.143929
0.144655
0.145295
0.145853
0.146341
0.146966
0.147519
0.148052
0.148555
0.148991
0.149365
0.149678
0.149933
0.15013
0.150388
0.150721
0.151007
0.151248
0.151444
0.151597
0.151707
0.151779
0.151826
0.151833
0.15188
0.151896
0.151876
0.15182
0.151735
0.151655
0.151544
0.151444
0.15131
0.151142
0.15094
0.150702
0.150448
0.150216
0.150002
0.149753
0.14947
0.149153
0.148801
0.148518
0.148226
0.147898
0.147532
0.147189
0.146834
0.146438
0.146023
0.145581
0.145103
0.144603
0.144063
0.143481
0.142858
0.142231
0.141612
0.140946
0.140366
0.139824
0.139409
0.139066
0.138791
0.138501
0.138162
0.137776
0.137342
0.136861
0.136332
0.135753
0.135124
0.134443
0.133706
0.132911
0.132052
0.131121
0.130107
0.129053
0.128128
0.12737
0.126689
0.126145
0.125624
0.125063
0.124523
0.109614
0.109906
0.110169
0.110404
0.11061
0.110786
0.110932
0.111047
0.111221
0.111639
0.1122
0.112854
0.113536
0.114216
0.114826
0.115419
0.115974
0.116471
0.116912
0.117298
0.117653
0.117959
0.118406
0.11885
0.119163
0.119852
0.120879
0.121713
0.1224
0.123192
0.124231
0.125152
0.125968
0.126687
0.127312
0.127962
0.128668
0.129488
0.130153
0.130719
0.131202
0.131651
0.132493
0.133223
0.133918
0.134543
0.135098
0.135589
0.136072
0.136669
0.137208
0.13777
0.138278
0.138735
0.139147
0.139517
0.139845
0.140134
0.140542
0.140992
0.141404
0.14178
0.142121
0.142428
0.142703
0.142957
0.143187
0.143395
0.143648
0.143871
0.144064
0.144227
0.144378
0.14453
0.144669
0.144811
0.144922
0.145001
0.14505
0.145072
0.145075
0.145128
0.145173
0.145186
0.145168
0.145116
0.145041
0.14505
0.145026
0.144965
0.144867
0.144812
0.144718
0.144583
0.144435
0.144244
0.144024
0.143772
0.143478
0.143143
0.142764
0.142412
0.142034
0.141606
0.141323
0.141018
0.140895
0.140827
0.140798
0.140732
0.140609
0.140432
0.140203
0.139921
0.139585
0.139196
0.138751
0.138249
0.137687
0.137062
0.136371
0.135611
0.134786
0.13396
0.133241
0.132733
0.132251
0.131927
0.131588
0.131208
0.130842
0.130427
0.129958
0.129433
0.128855
0.128226
0.127528
0.126811
0.12603
0.125173
0.124451
0.12372
0.122926
0.122065
0.121419
0.120855
0.120234
0.119554
0.11881
0.118
0.117312
0.116631
0.115926
0.115149
0.114295
0.113357
0.112544
0.111941
0.111285
0.110598
0.109837
0.108997
0.108073
0.107409
0.106889
0.106382
0.106035
0.105549
0.104967
0.104297
0.103536
0.102679
0.101965
0.103466
0.104572
0.105383
0.105962
0.106344
0.106553
0.106598
0.108255
0.108987
0.11018
0.111762
0.113104
0.11425
0.115226
0.116091
0.11683
0.121397
0.126359
0.13042
0.133824
0.136721
0.140306
0.143483
0.146135
0.148375
0.150324
0.152042
0.153568
0.155211
0.157018
0.158662
0.160157
0.161807
0.163757
0.165464
0.167053
0.168587
0.169923
0.171131
0.172222
0.173203
0.174083
0.174875
0.175636
0.176314
0.176932
0.177566
0.178168
0.178807
0.179506
0.180182
0.180783
0.181312
0.181771
0.182164
0.182489
0.182746
0.182933
0.183047
0.183085
0.183043
0.182915
0.182694
0.182371
0.182015
0.181815
0.181761
0.181953
0.182125
0.182374
0.182555
0.182693
0.182793
0.182809
0.182731
0.182547
0.182267
0.181857
0.181408
0.181146
0.180747
0.180399
0.180825
0.181179
0.181464
0.181728
0.182483
0.183186
0.183832
0.184417
0.184933
0.185444
0.185976
0.186798
0.187564
0.18827
0.188917
0.189502
0.190471
0.19148
0.192501
0.193487
0.194436
0.195347
0.19623
0.197284
0.198302
0.199339
0.200365
0.201353
0.202309
0.203233
0.204128
0.204993
0.205946
0.206987
0.207993
0.208966
0.209907
0.210818
0.211696
0.212553
0.213394
0.214203
0.215061
0.215894
0.216698
0.217471
0.218221
0.21898
0.219711
0.220458
0.22117
0.221849
0.222495
0.223108
0.223704
0.224323
0.224957
0.225558
0.226123
0.226655
0.227151
0.227712
0.228264
0.228776
0.229249
0.229744
0.230222
0.230657
0.231073
0.23146
0.231809
0.232136
0.232424
0.232672
0.232879
0.233082
0.233297
0.233468
0.233731
0.23404
0.234485
0.235008
0.235593
0.236147
0.23664
0.237078
0.237465
0.237803
0.238093
0.238336
0.238532
0.238681
0.238783
0.238839
0.238846
0.238805
0.238715
0.238619
0.238652
0.238825
0.23903
0.239327
0.2396
0.23979
0.239962
-0.143562
-0.142658
-0.141746
-0.140792
-0.139797
-0.138786
-0.137761
-0.136703
-0.135604
-0.134464
-0.133282
-0.132057
-0.130788
-0.129474
-0.128114
-0.126715
-0.125305
-0.123856
-0.122435
-0.121006
-0.11956
-0.118054
-0.116485
-0.11485
-0.113147
-0.11145
-0.109722
-0.107921
-0.106047
-0.104145
-0.102172
-0.100132
-0.0980079
-0.0957863
-0.0935265
-0.091287
-0.0892357
-0.0871491
-0.0850735
-0.0833838
-0.0815899
-0.0796784
-0.0776392
-0.0755407
-0.0732997
-0.0710285
-0.0685798
-0.0663026
-0.0642344
-0.0621103
-0.0598296
-0.0575667
-0.0560204
-0.0543422
-0.0524889
-0.0504296
-0.048149
-0.0457506
-0.0431193
-0.0414144
-0.0398793
-0.0381314
-0.0361959
-0.0339813
-0.03369
-0.0334416
-0.0331074
-0.0327873
-0.032449
-0.0321148
-0.0316244
-0.031025
-0.0302248
-0.0302697
-0.030577
-0.0308371
-0.0310449
-0.0312821
-0.0315201
-0.0317179
-0.0319379
-0.0324282
-0.0328877
-0.0333091
-0.0336892
-0.0341034
-0.0345125
-0.0350378
-0.0355454
-0.0360172
-0.0364617
-0.0369409
-0.037387
-0.0378025
-0.0381877
-0.0385532
-0.0389289
-0.0393751
-0.0398489
-0.0403013
-0.040757
-0.0412291
-0.0416715
-0.0420851
-0.0424714
-0.0428312
-0.0431655
-0.0434748
-0.0437597
-0.0440203
-0.0443092
-0.0446157
-0.0448984
-0.0451557
-0.0454097
-0.045693
-0.0460154
-0.0463334
-0.0466251
-0.0468935
-0.0471576
-0.0474233
-0.0476657
-0.0478846
-0.0480799
-0.0482512
-0.048398
-0.0485194
-0.0486142
-0.0486834
-0.0488237
-0.0489951
-0.0491789
-0.0494515
-0.0497405
-0.0500089
-0.0502519
-0.0504653
-0.0506499
-0.0508066
-0.0509482
-0.0510619
-0.0511468
-0.0512127
-0.0514567
-0.0516887
-0.0519233
-0.0521203
-0.0523122
-0.052541
-0.0530198
-0.0534501
-0.0539481
-0.0544041
-0.0548321
-0.0552122
-0.055554
-0.055919
-0.0563471
-0.0567304
-0.0570752
-0.0573727
-0.0576429
-0.0579655
-0.0583748
-0.0587391
-0.0590823
-0.0594841
-0.0598418
-0.0601774
-0.0604705
-0.0607737
-0.0611888
-0.0616159
-0.062031
-0.0624116
-0.0627648
-0.0631137
-0.0634245
-0.0637747
-0.0640905
-0.0643671
-0.0646163
-0.0648371
-0.065026
-0.0651773
-0.0653009
-0.065409
-0.0655267
-0.0656187
-0.0656769
-0.065717
-0.0657984
-0.0659046
-0.0660253
-0.0661289
-0.0662145
-0.066299
-0.066354
-0.0663843
-0.0663919
-0.0663762
-0.0663605
-0.0663133
-0.0662344
-0.0661317
-0.0660054
-0.065846
-0.0656524
-0.0654272
-0.0651711
-0.0648858
-0.0646401
-0.0645082
-0.0643701
-0.0643085
-0.0642407
-0.0641453
-0.0640225
-0.0638722
-0.0636944
-0.0634885
-0.063254
-0.0629902
-0.0626988
-0.0623892
-0.0620521
-0.0616789
-0.0612712
-0.0608923
-0.0605517
-0.060347
-0.0601192
-0.0598625
-0.0595997
-0.0593726
-0.059156
-0.0589128
-0.0586425
-0.0583441
-0.0580164
-0.0576577
-0.0572661
-0.0568391
-0.0564051
-0.0560054
-0.0555782
-0.0551525
-0.0548025
-0.0545886
-0.0543526
-0.0540941
-0.0538083
-0.0534942
-0.0531691
-0.0528411
-0.0524803
-0.0520844
-0.0516698
-0.0512453
-0.0508596
-0.0504999
-0.0501128
-0.0497015
-0.0492681
-0.0489408
-0.0485973
-0.0482514
-0.0479752
-0.0476891
-0.047371
-0.0470227
-0.0466526
-0.0462495
-0.0459082
-0.0455481
-0.045197
-0.044943
-0.0446708
-0.0443771
-0.04406
-0.0437959
-0.0435224
-0.0432362
-0.042932
-0.0425991
-0.0423495
-0.0420872
-0.0418603
-0.0416764
-0.0414594
-0.0412174
-0.040947
-0.0407146
-0.0404958
-0.040254
-0.0400007
-0.039738
-0.0401013
-0.0403788
-0.0411594
-0.0425513
-0.0436792
-0.0446071
-0.0453655
-0.0459795
-0.0465265
-0.0470265
-0.0475102
-0.0480053
-0.0487317
-0.0493934
-0.0499912
-0.0505191
-0.0525545
-0.0556862
-0.0586863
-0.0613058
-0.0636102
-0.065652
-0.0674904
-0.0691384
-0.0706138
-0.0719395
-0.073132
-0.0743283
-0.0763544
-0.0787747
-0.0811473
-0.0833952
-0.0858923
-0.0882659
-0.0904711
-0.09253
-0.0944512
-0.0962447
-0.0979181
-0.0994775
-0.100928
-0.102356
-0.103725
-0.104994
-0.106157
-0.107289
-0.108695
-0.110289
-0.111983
-0.113596
-0.115127
-0.116586
-0.117987
-0.119311
-0.120558
-0.121726
-0.122812
-0.123811
-0.124719
-0.125526
-0.126221
-0.127247
-0.143562
-0.142658
-0.141746
-0.140792
-0.139797
-0.138786
-0.137761
-0.136703
-0.135604
-0.134464
-0.133282
-0.132057
-0.130788
-0.129474
-0.128114
-0.126715
-0.125305
-0.123856
-0.122435
-0.121006
-0.11956
-0.118054
-0.116485
-0.11485
-0.113147
-0.11145
-0.109722
-0.107921
-0.106047
-0.104145
-0.102172
-0.100132
-0.0980079
-0.0957863
-0.0935265
-0.091287
-0.0892357
-0.0871491
-0.0850735
-0.0833838
-0.0815899
-0.0796784
-0.0776392
-0.0755407
-0.0732997
-0.0710285
-0.0685798
-0.0663026
-0.0642344
-0.0621103
-0.0598296
-0.0575667
-0.0560204
-0.0543422
-0.0524889
-0.0504296
-0.048149
-0.0457506
-0.0431193
-0.0414144
-0.0398793
-0.0381314
-0.0361959
-0.0339813
-0.03369
-0.0334416
-0.0331074
-0.0327873
-0.032449
-0.0321148
-0.0316244
-0.031025
-0.0302248
-0.0302697
-0.030577
-0.0308371
-0.0310449
-0.0312821
-0.0315201
-0.0317179
-0.0319379
-0.0324282
-0.0328877
-0.0333091
-0.0336892
-0.0341034
-0.0345125
-0.0350378
-0.0355454
-0.0360172
-0.0364617
-0.0369409
-0.037387
-0.0378025
-0.0381877
-0.0385532
-0.0389289
-0.0393751
-0.0398489
-0.0403013
-0.040757
-0.0412291
-0.0416715
-0.0420851
-0.0424714
-0.0428312
-0.0431655
-0.0434748
-0.0437597
-0.0440203
-0.0443092
-0.0446157
-0.0448984
-0.0451557
-0.0454097
-0.045693
-0.0460154
-0.0463334
-0.0466251
-0.0468935
-0.0471576
-0.0474233
-0.0476657
-0.0478846
-0.0480799
-0.0482512
-0.048398
-0.0485194
-0.0486142
-0.0486834
-0.0488237
-0.0489951
-0.0491789
-0.0494515
-0.0497405
-0.0500089
-0.0502519
-0.0504653
-0.0506499
-0.0508066
-0.0509482
-0.0510619
-0.0511468
-0.0512127
-0.0514567
-0.0516887
-0.0519233
-0.0521203
-0.0523122
-0.052541
-0.0530198
-0.0534501
-0.0539481
-0.0544041
-0.0548321
-0.0552122
-0.055554
-0.055919
-0.0563471
-0.0567304
-0.0570752
-0.0573727
-0.0576429
-0.0579655
-0.0583748
-0.0587391
-0.0590823
-0.0594841
-0.0598418
-0.0601774
-0.0604705
-0.0607737
-0.0611888
-0.0616159
-0.062031
-0.0624116
-0.0627648
-0.0631137
-0.0634245
-0.0637747
-0.0640905
-0.0643671
-0.0646163
-0.0648371
-0.065026
-0.0651773
-0.0653009
-0.065409
-0.0655267
-0.0656187
-0.0656769
-0.065717
-0.0657984
-0.0659046
-0.0660253
-0.0661289
-0.0662145
-0.066299
-0.066354
-0.0663843
-0.0663919
-0.0663762
-0.0663605
-0.0663133
-0.0662344
-0.0661317
-0.0660054
-0.065846
-0.0656524
-0.0654272
-0.0651711
-0.0648858
-0.0646401
-0.0645082
-0.0643701
-0.0643085
-0.0642407
-0.0641453
-0.0640225
-0.0638722
-0.0636944
-0.0634885
-0.063254
-0.0629902
-0.0626988
-0.0623892
-0.0620521
-0.0616789
-0.0612712
-0.0608923
-0.0605517
-0.060347
-0.0601192
-0.0598625
-0.0595997
-0.0593726
-0.059156
-0.0589128
-0.0586425
-0.0583441
-0.0580164
-0.0576577
-0.0572661
-0.0568391
-0.0564051
-0.0560054
-0.0555782
-0.0551525
-0.0548025
-0.0545886
-0.0543526
-0.0540941
-0.0538083
-0.0534942
-0.0531691
-0.0528411
-0.0524803
-0.0520844
-0.0516698
-0.0512453
-0.0508596
-0.0504999
-0.0501128
-0.0497015
-0.0492681
-0.0489408
-0.0485973
-0.0482514
-0.0479752
-0.0476891
-0.047371
-0.0470227
-0.0466526
-0.0462495
-0.0459082
-0.0455481
-0.045197
-0.044943
-0.0446708
-0.0443771
-0.04406
-0.0437959
-0.0435224
-0.0432362
-0.042932
-0.0425991
-0.0423495
-0.0420872
-0.0418603
-0.0416764
-0.0414594
-0.0412174
-0.040947
-0.0407146
-0.0404958
-0.040254
-0.0400007
-0.039738
-0.0401013
-0.0403788
-0.0411594
-0.0425513
-0.0436792
-0.0446071
-0.0453655
-0.0459795
-0.0465265
-0.0470265
-0.0475102
-0.0480053
-0.0487317
-0.0493934
-0.0499912
-0.0505191
-0.0525545
-0.0556862
-0.0586863
-0.0613058
-0.0636102
-0.065652
-0.0674904
-0.0691384
-0.0706138
-0.0719395
-0.073132
-0.0743283
-0.0763544
-0.0787747
-0.0811473
-0.0833952
-0.0858923
-0.0882659
-0.0904711
-0.09253
-0.0944512
-0.0962447
-0.0979181
-0.0994775
-0.100928
-0.102356
-0.103725
-0.104994
-0.106157
-0.107289
-0.108695
-0.110289
-0.111983
-0.113596
-0.115127
-0.116586
-0.117987
-0.119311
-0.120558
-0.121726
-0.122812
-0.123811
-0.124719
-0.125526
-0.126221
-0.127247
0.245333
0.245759
0.246079
0.246292
0.246393
0.246374
0.246222
0.245911
0.245529
0.245332
0.245278
0.24533
0.245411
0.245488
0.245484
0.245446
0.245342
0.245145
0.244844
0.244428
0.243891
0.24316
0.242362
0.241582
0.240595
0.239851
0.239563
0.239186
0.238719
0.23839
0.238367
0.238283
0.238134
0.237916
0.237619
0.237329
0.236995
0.236842
0.236606
0.236285
0.235867
0.235375
0.235295
0.235157
0.23502
0.234833
0.234592
0.234298
0.234005
0.233831
0.233592
0.233371
0.233114
0.232809
0.232455
0.232056
0.231612
0.231121
0.230747
0.230412
0.230035
0.229619
0.229162
0.228669
0.228135
0.227573
0.226986
0.226373
0.2258
0.225192
0.224549
0.223872
0.223177
0.222481
0.221765
0.221052
0.220306
0.219529
0.218718
0.217876
0.217017
0.216209
0.215397
0.214552
0.213677
0.212771
0.211843
0.211003
0.210135
0.209235
0.2083
0.207416
0.206506
0.20556
0.20461
0.203636
0.202645
0.201636
0.200598
0.199531
0.198436
0.197384
0.196322
0.19523
0.194304
0.193378
0.192657
0.192008
0.191421
0.190821
0.190187
0.189522
0.188827
0.188103
0.187353
0.186577
0.185777
0.184952
0.184103
0.18323
0.182333
0.181412
0.180474
0.179583
0.17883
0.178305
0.177804
0.177461
0.177101
0.176699
0.176316
0.175892
0.175425
0.174918
0.174378
0.173812
0.173208
0.172613
0.171979
0.171302
0.170783
0.170256
0.16967
0.16903
0.168613
0.168261
0.16784
0.16735
0.166793
0.166172
0.165674
0.165176
0.164638
0.164011
0.163294
0.162484
0.161788
0.161259
0.160628
0.159915
0.159077
0.158112
0.15701
0.156108
0.155249
0.15422
0.1533
0.152155
0.150767
0.14911
0.147132
0.144758
0.142113
0.141655
0.140974
0.140051
0.138852
0.13731
0.135262
0.132107
0.130144
0.12806
0.126507
0.125326
0.12377
0.121764
0.119192
0.115915
0.111608
0.110528
0.110879
0.111034
0.110891
0.110152
0.109637
0.109859
0.110144
0.110328
0.110408
0.110378
0.11023
0.110245
0.11049
0.110608
0.110563
0.110609
0.111112
0.111526
0.111872
0.112335
0.112756
0.113159
0.11353
0.113862
0.114157
0.11442
0.114702
0.114948
0.115178
0.115462
0.115748
0.116096
0.116529
0.116973
0.117379
0.117744
0.11807
0.118359
0.118613
0.118833
0.119019
0.119171
0.119291
0.119377
0.11943
0.119448
0.119427
0.11944
0.119657
0.120035
0.120652
0.121237
0.12189
0.12247
0.123014
0.123534
0.123993
0.124392
0.124732
0.125037
0.125286
0.125581
0.126097
0.126497
0.126983
0.128192
0.129238
0.130139
0.13096
0.132208
0.13333
0.134336
0.135232
0.136023
0.136781
0.137533
0.138534
0.139426
0.140195
0.140849
0.141388
0.142261
0.143117
0.143929
0.144655
0.145295
0.145853
0.146341
0.146966
0.147519
0.148052
0.148555
0.148991
0.149365
0.149678
0.149933
0.15013
0.150388
0.150721
0.151007
0.151248
0.151444
0.151597
0.151707
0.151779
0.151826
0.151833
0.15188
0.151896
0.151876
0.15182
0.151735
0.151655
0.151544
0.151444
0.15131
0.151142
0.15094
0.150702
0.150448
0.150216
0.150002
0.149753
0.14947
0.149153
0.148801
0.148518
0.148226
0.147898
0.147532
0.147189
0.146834
0.146438
0.146023
0.145581
0.145103
0.144603
0.144063
0.143481
0.142858
0.142231
0.141612
0.140946
0.140366
0.139824
0.139409
0.139066
0.138791
0.138501
0.138162
0.137776
0.137342
0.136861
0.136332
0.135753
0.135124
0.134443
0.133706
0.132911
0.132052
0.131121
0.130107
0.129053
0.128128
0.12737
0.126689
0.126145
0.125624
0.125063
0.124523
0.109614
0.109906
0.110169
0.110404
0.11061
0.110786
0.110932
0.111047
0.111221
0.111639
0.1122
0.112854
0.113536
0.114216
0.114826
0.115419
0.115974
0.116471
0.116912
0.117298
0.117653
0.117959
0.118406
0.11885
0.119163
0.119852
0.120879
0.121713
0.1224
0.123192
0.124231
0.125152
0.125968
0.126687
0.127312
0.127962
0.128668
0.129488
0.130153
0.130719
0.131202
0.131651
0.132493
0.133223
0.133918
0.134543
0.135098
0.135589
0.136072
0.136669
0.137208
0.13777
0.138278
0.138735
0.139147
0.139517
0.139845
0.140134
0.140542
0.140992
0.141404
0.14178
0.142121
0.142428
0.142703
0.142957
0.143187
0.143395
0.143648
0.143871
0.144064
0.144227
0.144378
0.14453
0.144669
0.144811
0.144922
0.145001
0.14505
0.145072
0.145075
0.145128
0.145173
0.145186
0.145168
0.145116
0.145041
0.14505
0.145026
0.144965
0.144867
0.144812
0.144718
0.144583
0.144435
0.144244
0.144024
0.143772
0.143478
0.143143
0.142764
0.142412
0.142034
0.141606
0.141323
0.141018
0.140895
0.140827
0.140798
0.140732
0.140609
0.140432
0.140203
0.139921
0.139585
0.139196
0.138751
0.138249
0.137687
0.137062
0.136371
0.135611
0.134786
0.13396
0.133241
0.132733
0.132251
0.131927
0.131588
0.131208
0.130842
0.130427
0.129958
0.129433
0.128855
0.128226
0.127528
0.126811
0.12603
0.125173
0.124451
0.12372
0.122926
0.122065
0.121419
0.120855
0.120234
0.119554
0.11881
0.118
0.117312
0.116631
0.115926
0.115149
0.114295
0.113357
0.112544
0.111941
0.111285
0.110598
0.109837
0.108997
0.108073
0.107409
0.106889
0.106382
0.106035
0.105549
0.104967
0.104297
0.103536
0.102679
0.101965
0.103466
0.104572
0.105383
0.105962
0.106344
0.106553
0.106598
0.108255
0.108987
0.11018
0.111762
0.113104
0.11425
0.115226
0.116091
0.11683
0.121397
0.126359
0.13042
0.133824
0.136721
0.140306
0.143483
0.146135
0.148375
0.150324
0.152042
0.153568
0.155211
0.157018
0.158662
0.160157
0.161807
0.163757
0.165464
0.167053
0.168587
0.169923
0.171131
0.172222
0.173203
0.174083
0.174875
0.175636
0.176314
0.176932
0.177566
0.178168
0.178807
0.179506
0.180182
0.180783
0.181312
0.181771
0.182164
0.182489
0.182746
0.182933
0.183047
0.183085
0.183043
0.182915
0.182694
0.182371
0.182015
0.181815
0.181761
0.181953
0.182125
0.182374
0.182555
0.182693
0.182793
0.182809
0.182731
0.182547
0.182267
0.181857
0.181408
0.181146
0.180747
0.180399
0.180825
0.181179
0.181464
0.181728
0.182483
0.183186
0.183832
0.184417
0.184933
0.185444
0.185976
0.186798
0.187564
0.18827
0.188917
0.189502
0.190471
0.19148
0.192501
0.193487
0.194436
0.195347
0.19623
0.197284
0.198302
0.199339
0.200365
0.201353
0.202309
0.203233
0.204128
0.204993
0.205946
0.206987
0.207993
0.208966
0.209907
0.210818
0.211696
0.212553
0.213394
0.214203
0.215061
0.215894
0.216698
0.217471
0.218221
0.21898
0.219711
0.220458
0.22117
0.221849
0.222495
0.223108
0.223704
0.224323
0.224957
0.225558
0.226123
0.226655
0.227151
0.227712
0.228264
0.228776
0.229249
0.229744
0.230222
0.230657
0.231073
0.23146
0.231809
0.232136
0.232424
0.232672
0.232879
0.233082
0.233297
0.233468
0.233731
0.23404
0.234485
0.235008
0.235593
0.236147
0.23664
0.237078
0.237465
0.237803
0.238093
0.238336
0.238532
0.238681
0.238783
0.238839
0.238846
0.238805
0.238715
0.238619
0.238652
0.238825
0.23903
0.239327
0.2396
0.23979
0.239962
0.255702
0.254975
0.254201
0.25338
0.252513
0.251601
0.25064
0.249635
0.248638
0.247681
0.246813
0.245974
0.245267
0.244594
0.243892
0.243249
0.242567
0.241818
0.241006
0.240159
0.239253
0.238286
0.237267
0.236221
0.235106
0.233935
0.232815
0.23173
0.230573
0.229334
0.228013
0.226866
0.225744
0.224538
0.223231
0.22182
0.220312
0.218817
0.217334
0.215751
0.214053
0.212292
0.210521
0.208883
0.207076
0.205085
0.202921
0.200689
0.198322
0.195736
0.193192
0.190892
0.188382
0.185561
0.182398
0.178883
0.175008
0.171532
0.168925
0.16641
0.163637
0.160521
0.156901
0.152641
0.147515
0.14397
0.141462
0.139089
0.136347
0.133339
0.129958
0.125989
0.121308
0.116578
0.115512
0.114964
0.114267
0.113215
0.111698
0.110899
0.111122
0.111241
0.111254
0.111178
0.111051
0.111082
0.111252
0.111317
0.111303
0.111244
0.111521
0.11202
0.112493
0.112937
0.11353
0.114091
0.114617
0.115109
0.115572
0.115999
0.116392
0.116762
0.117126
0.117457
0.117786
0.118129
0.118499
0.118954
0.119522
0.120112
0.120654
0.121153
0.121613
0.122034
0.122418
0.122766
0.123078
0.123355
0.123596
0.123802
0.12397
0.1241
0.124211
0.124426
0.124752
0.12525
0.125807
0.126483
0.127121
0.12777
0.128418
0.129012
0.129543
0.130025
0.130459
0.130837
0.131161
0.131667
0.132206
0.13269
0.133304
0.134392
0.135482
0.136492
0.137375
0.138273
0.13936
0.14042
0.141404
0.142279
0.143047
0.143878
0.144854
0.145733
0.14651
0.147252
0.14803
0.14898
0.14993
0.150777
0.151533
0.152243
0.152971
0.153638
0.154252
0.154895
0.155569
0.15618
0.15673
0.157224
0.15771
0.158171
0.158628
0.15907
0.159502
0.159901
0.160272
0.160598
0.160883
0.161129
0.161371
0.161613
0.161821
0.162009
0.162194
0.16235
0.162468
0.16255
0.16261
0.162649
0.162673
0.16268
0.16266
0.162636
0.162601
0.16254
0.162441
0.162307
0.162161
0.162022
0.161883
0.161711
0.161505
0.161302
0.161093
0.160869
0.160633
0.160378
0.160084
0.159772
0.159414
0.159016
0.158584
0.158114
0.157598
0.157048
0.156506
0.155955
0.155392
0.154897
0.154417
0.154041
0.153767
0.153568
0.153327
0.153027
0.152669
0.152252
0.151778
0.151246
0.150653
0.149999
0.14928
0.148493
0.147635
0.146698
0.145677
0.144784
0.14412
0.143605
0.143119
0.142639
0.142138
0.141592
0.141026
0.140434
0.139787
0.139084
0.138339
0.137536
0.136666
0.135753
0.134789
0.133804
0.132911
0.131991
0.131041
0.130278
0.129574
0.12882
0.128021
0.127204
0.12646
0.125686
0.124843
0.123948
0.123061
0.122126
0.121123
0.120052
0.119193
0.118417
0.117643
0.116809
0.115902
0.114917
0.114118
0.113411
0.11263
0.111823
0.111307
0.11087
0.110313
0.109641
0.108882
0.108114
0.107386
0.106997
0.10792
0.109073
0.11003
0.110767
0.111294
0.111622
0.111906
0.114646
0.116779
0.118434
0.12032
0.122618
0.124632
0.126387
0.127934
0.129468
0.133002
0.139186
0.144612
0.149415
0.153763
0.159145
0.164407
0.168965
0.173001
0.176684
0.180081
0.183234
0.186131
0.188979
0.191908
0.194693
0.197442
0.200506
0.20343
0.206231
0.208967
0.211487
0.213825
0.216022
0.218067
0.219971
0.221771
0.223505
0.225124
0.226683
0.228207
0.229669
0.231113
0.232558
0.233976
0.235295
0.236519
0.237647
0.238685
0.23963
0.240483
0.24124
0.2419
0.242457
0.242906
0.243237
0.243439
0.243577
0.243975
0.244659
0.245435
0.246161
0.246853
0.247474
0.248023
0.248503
0.255702
0.254975
0.254201
0.25338
0.252513
0.251601
0.25064
0.249635
0.248638
0.247681
0.246813
0.245974
0.245267
0.244594
0.243892
0.243249
0.242567
0.241818
0.241006
0.240159
0.239253
0.238286
0.237267
0.236221
0.235106
0.233935
0.232815
0.23173
0.230573
0.229334
0.228013
0.226866
0.225744
0.224538
0.223231
0.22182
0.220312
0.218817
0.217334
0.215751
0.214053
0.212292
0.210521
0.208883
0.207076
0.205085
0.202921
0.200689
0.198322
0.195736
0.193192
0.190892
0.188382
0.185561
0.182398
0.178883
0.175008
0.171532
0.168925
0.16641
0.163637
0.160521
0.156901
0.152641
0.147515
0.14397
0.141462
0.139089
0.136347
0.133339
0.129958
0.125989
0.121308
0.116578
0.115512
0.114964
0.114267
0.113215
0.111698
0.110899
0.111122
0.111241
0.111254
0.111178
0.111051
0.111082
0.111252
0.111317
0.111303
0.111244
0.111521
0.11202
0.112493
0.112937
0.11353
0.114091
0.114617
0.115109
0.115572
0.115999
0.116392
0.116762
0.117126
0.117457
0.117786
0.118129
0.118499
0.118954
0.119522
0.120112
0.120654
0.121153
0.121613
0.122034
0.122418
0.122766
0.123078
0.123355
0.123596
0.123802
0.12397
0.1241
0.124211
0.124426
0.124752
0.12525
0.125807
0.126483
0.127121
0.12777
0.128418
0.129012
0.129543
0.130025
0.130459
0.130837
0.131161
0.131667
0.132206
0.13269
0.133304
0.134392
0.135482
0.136492
0.137375
0.138273
0.13936
0.14042
0.141404
0.142279
0.143047
0.143878
0.144854
0.145733
0.14651
0.147252
0.14803
0.14898
0.14993
0.150777
0.151533
0.152243
0.152971
0.153638
0.154252
0.154895
0.155569
0.15618
0.15673
0.157224
0.15771
0.158171
0.158628
0.15907
0.159502
0.159901
0.160272
0.160598
0.160883
0.161129
0.161371
0.161613
0.161821
0.162009
0.162194
0.16235
0.162468
0.16255
0.16261
0.162649
0.162673
0.16268
0.16266
0.162636
0.162601
0.16254
0.162441
0.162307
0.162161
0.162022
0.161883
0.161711
0.161505
0.161302
0.161093
0.160869
0.160633
0.160378
0.160084
0.159772
0.159414
0.159016
0.158584
0.158114
0.157598
0.157048
0.156506
0.155955
0.155392
0.154897
0.154417
0.154041
0.153767
0.153568
0.153327
0.153027
0.152669
0.152252
0.151778
0.151246
0.150653
0.149999
0.14928
0.148493
0.147635
0.146698
0.145677
0.144784
0.14412
0.143605
0.143119
0.142639
0.142138
0.141592
0.141026
0.140434
0.139787
0.139084
0.138339
0.137536
0.136666
0.135753
0.134789
0.133804
0.132911
0.131991
0.131041
0.130278
0.129574
0.12882
0.128021
0.127204
0.12646
0.125686
0.124843
0.123948
0.123061
0.122126
0.121123
0.120052
0.119193
0.118417
0.117643
0.116809
0.115902
0.114917
0.114118
0.113411
0.11263
0.111823
0.111307
0.11087
0.110313
0.109641
0.108882
0.108114
0.107386
0.106997
0.10792
0.109073
0.11003
0.110767
0.111294
0.111622
0.111906
0.114646
0.116779
0.118434
0.12032
0.122618
0.124632
0.126387
0.127934
0.129468
0.133002
0.139186
0.144612
0.149415
0.153763
0.159145
0.164407
0.168965
0.173001
0.176684
0.180081
0.183234
0.186131
0.188979
0.191908
0.194693
0.197442
0.200506
0.20343
0.206231
0.208967
0.211487
0.213825
0.216022
0.218067
0.219971
0.221771
0.223505
0.225124
0.226683
0.228207
0.229669
0.231113
0.232558
0.233976
0.235295
0.236519
0.237647
0.238685
0.23963
0.240483
0.24124
0.2419
0.242457
0.242906
0.243237
0.243439
0.243577
0.243975
0.244659
0.245435
0.246161
0.246853
0.247474
0.248023
0.248503
0.245333
0.245759
0.246079
0.246292
0.246393
0.246374
0.246222
0.245911
0.245529
0.245332
0.245278
0.24533
0.245411
0.245488
0.245484
0.245446
0.245342
0.245145
0.244844
0.244428
0.243891
0.24316
0.242362
0.241582
0.240595
0.239851
0.239563
0.239186
0.238719
0.23839
0.238367
0.238283
0.238134
0.237916
0.237619
0.237329
0.236995
0.236842
0.236606
0.236285
0.235867
0.235375
0.235295
0.235157
0.23502
0.234833
0.234592
0.234298
0.234005
0.233831
0.233592
0.233371
0.233114
0.232809
0.232455
0.232056
0.231612
0.231121
0.230747
0.230412
0.230035
0.229619
0.229162
0.228669
0.228135
0.227573
0.226986
0.226373
0.2258
0.225192
0.224549
0.223872
0.223177
0.222481
0.221765
0.221052
0.220306
0.219529
0.218718
0.217876
0.217017
0.216209
0.215397
0.214552
0.213677
0.212771
0.211843
0.211003
0.210135
0.209235
0.2083
0.207416
0.206506
0.20556
0.20461
0.203636
0.202645
0.201636
0.200598
0.199531
0.198436
0.197384
0.196322
0.19523
0.194304
0.193378
0.192657
0.192008
0.191421
0.190821
0.190187
0.189522
0.188827
0.188103
0.187353
0.186577
0.185777
0.184952
0.184103
0.18323
0.182333
0.181412
0.180474
0.179583
0.17883
0.178305
0.177804
0.177461
0.177101
0.176699
0.176316
0.175892
0.175425
0.174918
0.174378
0.173812
0.173208
0.172613
0.171979
0.171302
0.170783
0.170256
0.16967
0.16903
0.168613
0.168261
0.16784
0.16735
0.166793
0.166172
0.165674
0.165176
0.164638
0.164011
0.163294
0.162484
0.161788
0.161259
0.160628
0.159915
0.159077
0.158112
0.15701
0.156108
0.155249
0.15422
0.1533
0.152155
0.150767
0.14911
0.147132
0.144758
0.142113
0.141655
0.140974
0.140051
0.138852
0.13731
0.135262
0.132107
0.130144
0.12806
0.126507
0.125326
0.12377
0.121764
0.119192
0.115915
0.111608
0.110528
0.110879
0.111034
0.110891
0.110152
0.109637
0.109859
0.110144
0.110328
0.110408
0.110378
0.11023
0.110245
0.11049
0.110608
0.110563
0.110609
0.111112
0.111526
0.111872
0.112335
0.112756
0.113159
0.11353
0.113862
0.114157
0.11442
0.114702
0.114948
0.115178
0.115462
0.115748
0.116096
0.116529
0.116973
0.117379
0.117744
0.11807
0.118359
0.118613
0.118833
0.119019
0.119171
0.119291
0.119377
0.11943
0.119448
0.119427
0.11944
0.119657
0.120035
0.120652
0.121237
0.12189
0.12247
0.123014
0.123534
0.123993
0.124392
0.124732
0.125037
0.125286
0.125581
0.126097
0.126497
0.126983
0.128192
0.129238
0.130139
0.13096
0.132208
0.13333
0.134336
0.135232
0.136023
0.136781
0.137533
0.138534
0.139426
0.140195
0.140849
0.141388
0.142261
0.143117
0.143929
0.144655
0.145295
0.145853
0.146341
0.146966
0.147519
0.148052
0.148555
0.148991
0.149365
0.149678
0.149933
0.15013
0.150388
0.150721
0.151007
0.151248
0.151444
0.151597
0.151707
0.151779
0.151826
0.151833
0.15188
0.151896
0.151876
0.15182
0.151735
0.151655
0.151544
0.151444
0.15131
0.151142
0.15094
0.150702
0.150448
0.150216
0.150002
0.149753
0.14947
0.149153
0.148801
0.148518
0.148226
0.147898
0.147532
0.147189
0.146834
0.146438
0.146023
0.145581
0.145103
0.144603
0.144063
0.143481
0.142858
0.142231
0.141612
0.140946
0.140366
0.139824
0.139409
0.139066
0.138791
0.138501
0.138162
0.137776
0.137342
0.136861
0.136332
0.135753
0.135124
0.134443
0.133706
0.132911
0.132052
0.131121
0.130107
0.129053
0.128128
0.12737
0.126689
0.126145
0.125624
0.125063
0.124523
0.109614
0.109906
0.110169
0.110404
0.11061
0.110786
0.110932
0.111047
0.111221
0.111639
0.1122
0.112854
0.113536
0.114216
0.114826
0.115419
0.115974
0.116471
0.116912
0.117298
0.117653
0.117959
0.118406
0.11885
0.119163
0.119852
0.120879
0.121713
0.1224
0.123192
0.124231
0.125152
0.125968
0.126687
0.127312
0.127962
0.128668
0.129488
0.130153
0.130719
0.131202
0.131651
0.132493
0.133223
0.133918
0.134543
0.135098
0.135589
0.136072
0.136669
0.137208
0.13777
0.138278
0.138735
0.139147
0.139517
0.139845
0.140134
0.140542
0.140992
0.141404
0.14178
0.142121
0.142428
0.142703
0.142957
0.143187
0.143395
0.143648
0.143871
0.144064
0.144227
0.144378
0.14453
0.144669
0.144811
0.144922
0.145001
0.14505
0.145072
0.145075
0.145128
0.145173
0.145186
0.145168
0.145116
0.145041
0.14505
0.145026
0.144965
0.144867
0.144812
0.144718
0.144583
0.144435
0.144244
0.144024
0.143772
0.143478
0.143143
0.142764
0.142412
0.142034
0.141606
0.141323
0.141018
0.140895
0.140827
0.140798
0.140732
0.140609
0.140432
0.140203
0.139921
0.139585
0.139196
0.138751
0.138249
0.137687
0.137062
0.136371
0.135611
0.134786
0.13396
0.133241
0.132733
0.132251
0.131927
0.131588
0.131208
0.130842
0.130427
0.129958
0.129433
0.128855
0.128226
0.127528
0.126811
0.12603
0.125173
0.124451
0.12372
0.122926
0.122065
0.121419
0.120855
0.120234
0.119554
0.11881
0.118
0.117312
0.116631
0.115926
0.115149
0.114295
0.113357
0.112544
0.111941
0.111285
0.110598
0.109837
0.108997
0.108073
0.107409
0.106889
0.106382
0.106035
0.105549
0.104967
0.104297
0.103536
0.102679
0.101965
0.103466
0.104572
0.105383
0.105962
0.106344
0.106553
0.106598
0.108255
0.108987
0.11018
0.111762
0.113104
0.11425
0.115226
0.116091
0.11683
0.121397
0.126359
0.13042
0.133824
0.136721
0.140306
0.143483
0.146135
0.148375
0.150324
0.152042
0.153568
0.155211
0.157018
0.158662
0.160157
0.161807
0.163757
0.165464
0.167053
0.168587
0.169923
0.171131
0.172222
0.173203
0.174083
0.174875
0.175636
0.176314
0.176932
0.177566
0.178168
0.178807
0.179506
0.180182
0.180783
0.181312
0.181771
0.182164
0.182489
0.182746
0.182933
0.183047
0.183085
0.183043
0.182915
0.182694
0.182371
0.182015
0.181815
0.181761
0.181953
0.182125
0.182374
0.182555
0.182693
0.182793
0.182809
0.182731
0.182547
0.182267
0.181857
0.181408
0.181146
0.180747
0.180399
0.180825
0.181179
0.181464
0.181728
0.182483
0.183186
0.183832
0.184417
0.184933
0.185444
0.185976
0.186798
0.187564
0.18827
0.188917
0.189502
0.190471
0.19148
0.192501
0.193487
0.194436
0.195347
0.19623
0.197284
0.198302
0.199339
0.200365
0.201353
0.202309
0.203233
0.204128
0.204993
0.205946
0.206987
0.207993
0.208966
0.209907
0.210818
0.211696
0.212553
0.213394
0.214203
0.215061
0.215894
0.216698
0.217471
0.218221
0.21898
0.219711
0.220458
0.22117
0.221849
0.222495
0.223108
0.223704
0.224323
0.224957
0.225558
0.226123
0.226655
0.227151
0.227712
0.228264
0.228776
0.229249
0.229744
0.230222
0.230657
0.231073
0.23146
0.231809
0.232136
0.232424
0.232672
0.232879
0.233082
0.233297
0.233468
0.233731
0.23404
0.234485
0.235008
0.235593
0.236147
0.23664
0.237078
0.237465
0.237803
0.238093
0.238336
0.238532
0.238681
0.238783
0.238839
0.238846
0.238805
0.238715
0.238619
0.238652
0.238825
0.23903
0.239327
0.2396
0.23979
0.239962
0.813996
0.812869
0.811812
0.810618
0.809354
0.807998
0.806569
0.805661
0.804781
0.803749
0.802569
0.801244
0.79979
0.79835
0.796787
0.79519
0.793694
0.792304
0.79097
0.789474
0.787827
0.786037
0.784144
0.782116
0.780406
0.77854
0.777052
0.775466
0.773891
0.772219
0.770395
0.76845
0.766521
0.764527
0.762619
0.760652
0.758521
0.756202
0.753698
0.751012
0.74835
0.745889
0.743253
0.740411
0.737374
0.734461
0.731625
0.728692
0.725458
0.722038
0.718931
0.715534
0.71186
0.707924
0.703592
0.698831
0.694239
0.689558
0.684495
0.679022
0.673302
0.667405
0.660886
0.653716
0.645857
0.637291
0.628056
0.620506
0.611976
0.602127
0.594001
0.588063
0.581902
0.575269
0.568084
0.560386
0.553069
0.545448
0.537014
0.527632
0.517133
0.505297
0.491895
0.483376
0.475313
0.4712
0.467007
0.462508
0.457811
0.453023
0.448157
0.44478
0.441447
0.441211
0.440796
0.440211
0.439399
0.438327
0.436945
0.436275
0.436201
0.436422
0.436644
0.436786
0.43759
0.438232
0.438708
0.439016
0.439155
0.439614
0.441168
0.442694
0.444139
0.445505
0.446775
0.448084
0.449537
0.451144
0.452609
0.453962
0.455197
0.456907
0.459738
0.462423
0.464942
0.467306
0.469521
0.471653
0.47372
0.475689
0.477595
0.479768
0.482967
0.486159
0.489031
0.491636
0.494026
0.496235
0.498383
0.500545
0.502583
0.504568
0.506437
0.508295
0.51005
0.511676
0.513536
0.515482
0.517605
0.519687
0.521601
0.523377
0.524988
0.526443
0.527748
0.52896
0.530126
0.531298
0.532357
0.533433
0.534493
0.535581
0.536554
0.537408
0.538171
0.539031
0.539865
0.540743
0.54157
0.542297
0.542948
0.543606
0.544192
0.544695
0.545154
0.545676
0.546129
0.546505
0.546849
0.54722
0.54764
0.548066
0.548463
0.548803
0.54909
0.549421
0.549776
0.550172
0.550498
0.550764
0.551029
0.551326
0.551555
0.551715
0.551808
0.551847
0.551865
0.551901
0.551926
0.551935
0.551925
0.551845
0.55175
0.551676
0.551587
0.551485
0.55135
0.551158
0.550909
0.550596
0.550221
0.549774
0.549253
0.548669
0.548132
0.547602
0.547049
0.546461
0.545815
0.545123
0.544353
0.543506
0.542581
0.541578
0.540579
0.539567
0.538478
0.537365
0.536194
0.534996
0.5338
0.532561
0.531251
0.529886
0.528466
0.526975
0.525509
0.523989
0.522381
0.520682
0.518888
0.516993
0.515248
0.513454
0.511658
0.50988
0.508145
0.506435
0.504635
0.502744
0.50076
0.498705
0.496557
0.494368
0.492085
0.489875
0.487627
0.485486
0.483484
0.481495
0.479385
0.477415
0.475439
0.473594
0.47205
0.470426
0.468673
0.466785
0.464756
0.462809
0.461996
0.461108
0.460053
0.458877
0.45911
0.460042
0.461228
0.462013
0.462462
0.464783
0.467296
0.469655
0.471856
0.473647
0.474997
0.476279
0.481031
0.48524
0.488944
0.49255
0.500955
0.507825
0.513539
0.518632
0.523798
0.530875
0.542384
0.552535
0.561421
0.569368
0.576777
0.58421
0.591352
0.597866
0.608039
0.617517
0.626183
0.633974
0.64104
0.647483
0.653421
0.659081
0.665122
0.671231
0.677061
0.682544
0.687674
0.692602
0.697663
0.702402
0.707199
0.711739
0.716235
0.720536
0.724669
0.728605
0.732342
0.735886
0.739367
0.74289
0.746408
0.749875
0.753203
0.756444
0.759548
0.762505
0.765316
0.767983
0.770544
0.773263
0.77592
0.778465
0.780946
0.783299
0.785617
0.78785
0.790017
0.792053
0.793999
0.795823
0.79759
0.799511
0.801318
0.802965
0.804449
0.80576
0.80694
0.808096
0.809159
0.810215
0.813996
0.812869
0.811812
0.810618
0.809354
0.807998
0.806569
0.805661
0.804781
0.803749
0.802569
0.801244
0.79979
0.79835
0.796787
0.79519
0.793694
0.792304
0.79097
0.789474
0.787827
0.786037
0.784144
0.782116
0.780406
0.77854
0.777052
0.775466
0.773891
0.772219
0.770395
0.76845
0.766521
0.764527
0.762619
0.760652
0.758521
0.756202
0.753698
0.751012
0.74835
0.745889
0.743253
0.740411
0.737374
0.734461
0.731625
0.728692
0.725458
0.722038
0.718931
0.715534
0.71186
0.707924
0.703592
0.698831
0.694239
0.689558
0.684495
0.679022
0.673302
0.667405
0.660886
0.653716
0.645857
0.637291
0.628056
0.620506
0.611976
0.602127
0.594001
0.588063
0.581902
0.575269
0.568084
0.560386
0.553069
0.545448
0.537014
0.527632
0.517133
0.505297
0.491895
0.483376
0.475313
0.4712
0.467007
0.462508
0.457811
0.453023
0.448157
0.44478
0.441447
0.441211
0.440796
0.440211
0.439399
0.438327
0.436945
0.436275
0.436201
0.436422
0.436644
0.436786
0.43759
0.438232
0.438708
0.439016
0.439155
0.439614
0.441168
0.442694
0.444139
0.445505
0.446775
0.448084
0.449537
0.451144
0.452609
0.453962
0.455197
0.456907
0.459738
0.462423
0.464942
0.467306
0.469521
0.471653
0.47372
0.475689
0.477595
0.479768
0.482967
0.486159
0.489031
0.491636
0.494026
0.496235
0.498383
0.500545
0.502583
0.504568
0.506437
0.508295
0.51005
0.511676
0.513536
0.515482
0.517605
0.519687
0.521601
0.523377
0.524988
0.526443
0.527748
0.52896
0.530126
0.531298
0.532357
0.533433
0.534493
0.535581
0.536554
0.537408
0.538171
0.539031
0.539865
0.540743
0.54157
0.542297
0.542948
0.543606
0.544192
0.544695
0.545154
0.545676
0.546129
0.546505
0.546849
0.54722
0.54764
0.548066
0.548463
0.548803
0.54909
0.549421
0.549776
0.550172
0.550498
0.550764
0.551029
0.551326
0.551555
0.551715
0.551808
0.551847
0.551865
0.551901
0.551926
0.551935
0.551925
0.551845
0.55175
0.551676
0.551587
0.551485
0.55135
0.551158
0.550909
0.550596
0.550221
0.549774
0.549253
0.548669
0.548132
0.547602
0.547049
0.546461
0.545815
0.545123
0.544353
0.543506
0.542581
0.541578
0.540579
0.539567
0.538478
0.537365
0.536194
0.534996
0.5338
0.532561
0.531251
0.529886
0.528466
0.526975
0.525509
0.523989
0.522381
0.520682
0.518888
0.516993
0.515248
0.513454
0.511658
0.50988
0.508145
0.506435
0.504635
0.502744
0.50076
0.498705
0.496557
0.494368
0.492085
0.489875
0.487627
0.485486
0.483484
0.481495
0.479385
0.477415
0.475439
0.473594
0.47205
0.470426
0.468673
0.466785
0.464756
0.462809
0.461996
0.461108
0.460053
0.458877
0.45911
0.460042
0.461228
0.462013
0.462462
0.464783
0.467296
0.469655
0.471856
0.473647
0.474997
0.476279
0.481031
0.48524
0.488944
0.49255
0.500955
0.507825
0.513539
0.518632
0.523798
0.530875
0.542384
0.552535
0.561421
0.569368
0.576777
0.58421
0.591352
0.597866
0.608039
0.617517
0.626183
0.633974
0.64104
0.647483
0.653421
0.659081
0.665122
0.671231
0.677061
0.682544
0.687674
0.692602
0.697663
0.702402
0.707199
0.711739
0.716235
0.720536
0.724669
0.728605
0.732342
0.735886
0.739367
0.74289
0.746408
0.749875
0.753203
0.756444
0.759548
0.762505
0.765316
0.767983
0.770544
0.773263
0.77592
0.778465
0.780946
0.783299
0.785617
0.78785
0.790017
0.792053
0.793999
0.795823
0.79759
0.799511
0.801318
0.802965
0.804449
0.80576
0.80694
0.808096
0.809159
0.810215
0.245333
0.245759
0.246079
0.246292
0.246393
0.246374
0.246222
0.245911
0.245529
0.245332
0.245278
0.24533
0.245411
0.245488
0.245484
0.245446
0.245342
0.245145
0.244844
0.244428
0.243891
0.24316
0.242362
0.241582
0.240595
0.239851
0.239563
0.239186
0.238719
0.23839
0.238367
0.238283
0.238134
0.237916
0.237619
0.237329
0.236995
0.236842
0.236606
0.236285
0.235867
0.235375
0.235295
0.235157
0.23502
0.234833
0.234592
0.234298
0.234005
0.233831
0.233592
0.233371
0.233114
0.232809
0.232455
0.232056
0.231612
0.231121
0.230747
0.230412
0.230035
0.229619
0.229162
0.228669
0.228135
0.227573
0.226986
0.226373
0.2258
0.225192
0.224549
0.223872
0.223177
0.222481
0.221765
0.221052
0.220306
0.219529
0.218718
0.217876
0.217017
0.216209
0.215397
0.214552
0.213677
0.212771
0.211843
0.211003
0.210135
0.209235
0.2083
0.207416
0.206506
0.20556
0.20461
0.203636
0.202645
0.201636
0.200598
0.199531
0.198436
0.197384
0.196322
0.19523
0.194304
0.193378
0.192657
0.192008
0.191421
0.190821
0.190187
0.189522
0.188827
0.188103
0.187353
0.186577
0.185777
0.184952
0.184103
0.18323
0.182333
0.181412
0.180474
0.179583
0.17883
0.178305
0.177804
0.177461
0.177101
0.176699
0.176316
0.175892
0.175425
0.174918
0.174378
0.173812
0.173208
0.172613
0.171979
0.171302
0.170783
0.170256
0.16967
0.16903
0.168613
0.168261
0.16784
0.16735
0.166793
0.166172
0.165674
0.165176
0.164638
0.164011
0.163294
0.162484
0.161788
0.161259
0.160628
0.159915
0.159077
0.158112
0.15701
0.156108
0.155249
0.15422
0.1533
0.152155
0.150767
0.14911
0.147132
0.144758
0.142113
0.141655
0.140974
0.140051
0.138852
0.13731
0.135262
0.132107
0.130144
0.12806
0.126507
0.125326
0.12377
0.121764
0.119192
0.115915
0.111608
0.110528
0.110879
0.111034
0.110891
0.110152
0.109637
0.109859
0.110144
0.110328
0.110408
0.110378
0.11023
0.110245
0.11049
0.110608
0.110563
0.110609
0.111112
0.111526
0.111872
0.112335
0.112756
0.113159
0.11353
0.113862
0.114157
0.11442
0.114702
0.114948
0.115178
0.115462
0.115748
0.116096
0.116529
0.116973
0.117379
0.117744
0.11807
0.118359
0.118613
0.118833
0.119019
0.119171
0.119291
0.119377
0.11943
0.119448
0.119427
0.11944
0.119657
0.120035
0.120652
0.121237
0.12189
0.12247
0.123014
0.123534
0.123993
0.124392
0.124732
0.125037
0.125286
0.125581
0.126097
0.126497
0.126983
0.128192
0.129238
0.130139
0.13096
0.132208
0.13333
0.134336
0.135232
0.136023
0.136781
0.137533
0.138534
0.139426
0.140195
0.140849
0.141388
0.142261
0.143117
0.143929
0.144655
0.145295
0.145853
0.146341
0.146966
0.147519
0.148052
0.148555
0.148991
0.149365
0.149678
0.149933
0.15013
0.150388
0.150721
0.151007
0.151248
0.151444
0.151597
0.151707
0.151779
0.151826
0.151833
0.15188
0.151896
0.151876
0.15182
0.151735
0.151655
0.151544
0.151444
0.15131
0.151142
0.15094
0.150702
0.150448
0.150216
0.150002
0.149753
0.14947
0.149153
0.148801
0.148518
0.148226
0.147898
0.147532
0.147189
0.146834
0.146438
0.146023
0.145581
0.145103
0.144603
0.144063
0.143481
0.142858
0.142231
0.141612
0.140946
0.140366
0.139824
0.139409
0.139066
0.138791
0.138501
0.138162
0.137776
0.137342
0.136861
0.136332
0.135753
0.135124
0.134443
0.133706
0.132911
0.132052
0.131121
0.130107
0.129053
0.128128
0.12737
0.126689
0.126145
0.125624
0.125063
0.124523
0.109614
0.109906
0.110169
0.110404
0.11061
0.110786
0.110932
0.111047
0.111221
0.111639
0.1122
0.112854
0.113536
0.114216
0.114826
0.115419
0.115974
0.116471
0.116912
0.117298
0.117653
0.117959
0.118406
0.11885
0.119163
0.119852
0.120879
0.121713
0.1224
0.123192
0.124231
0.125152
0.125968
0.126687
0.127312
0.127962
0.128668
0.129488
0.130153
0.130719
0.131202
0.131651
0.132493
0.133223
0.133918
0.134543
0.135098
0.135589
0.136072
0.136669
0.137208
0.13777
0.138278
0.138735
0.139147
0.139517
0.139845
0.140134
0.140542
0.140992
0.141404
0.14178
0.142121
0.142428
0.142703
0.142957
0.143187
0.143395
0.143648
0.143871
0.144064
0.144227
0.144378
0.14453
0.144669
0.144811
0.144922
0.145001
0.14505
0.145072
0.145075
0.145128
0.145173
0.145186
0.145168
0.145116
0.145041
0.14505
0.145026
0.144965
0.144867
0.144812
0.144718
0.144583
0.144435
0.144244
0.144024
0.143772
0.143478
0.143143
0.142764
0.142412
0.142034
0.141606
0.141323
0.141018
0.140895
0.140827
0.140798
0.140732
0.140609
0.140432
0.140203
0.139921
0.139585
0.139196
0.138751
0.138249
0.137687
0.137062
0.136371
0.135611
0.134786
0.13396
0.133241
0.132733
0.132251
0.131927
0.131588
0.131208
0.130842
0.130427
0.129958
0.129433
0.128855
0.128226
0.127528
0.126811
0.12603
0.125173
0.124451
0.12372
0.122926
0.122065
0.121419
0.120855
0.120234
0.119554
0.11881
0.118
0.117312
0.116631
0.115926
0.115149
0.114295
0.113357
0.112544
0.111941
0.111285
0.110598
0.109837
0.108997
0.108073
0.107409
0.106889
0.106382
0.106035
0.105549
0.104967
0.104297
0.103536
0.102679
0.101965
0.103466
0.104572
0.105383
0.105962
0.106344
0.106553
0.106598
0.108255
0.108987
0.11018
0.111762
0.113104
0.11425
0.115226
0.116091
0.11683
0.121397
0.126359
0.13042
0.133824
0.136721
0.140306
0.143483
0.146135
0.148375
0.150324
0.152042
0.153568
0.155211
0.157018
0.158662
0.160157
0.161807
0.163757
0.165464
0.167053
0.168587
0.169923
0.171131
0.172222
0.173203
0.174083
0.174875
0.175636
0.176314
0.176932
0.177566
0.178168
0.178807
0.179506
0.180182
0.180783
0.181312
0.181771
0.182164
0.182489
0.182746
0.182933
0.183047
0.183085
0.183043
0.182915
0.182694
0.182371
0.182015
0.181815
0.181761
0.181953
0.182125
0.182374
0.182555
0.182693
0.182793
0.182809
0.182731
0.182547
0.182267
0.181857
0.181408
0.181146
0.180747
0.180399
0.180825
0.181179
0.181464
0.181728
0.182483
0.183186
0.183832
0.184417
0.184933
0.185444
0.185976
0.186798
0.187564
0.18827
0.188917
0.189502
0.190471
0.19148
0.192501
0.193487
0.194436
0.195347
0.19623
0.197284
0.198302
0.199339
0.200365
0.201353
0.202309
0.203233
0.204128
0.204993
0.205946
0.206987
0.207993
0.208966
0.209907
0.210818
0.211696
0.212553
0.213394
0.214203
0.215061
0.215894
0.216698
0.217471
0.218221
0.21898
0.219711
0.220458
0.22117
0.221849
0.222495
0.223108
0.223704
0.224323
0.224957
0.225558
0.226123
0.226655
0.227151
0.227712
0.228264
0.228776
0.229249
0.229744
0.230222
0.230657
0.231073
0.23146
0.231809
0.232136
0.232424
0.232672
0.232879
0.233082
0.233297
0.233468
0.233731
0.23404
0.234485
0.235008
0.235593
0.236147
0.23664
0.237078
0.237465
0.237803
0.238093
0.238336
0.238532
0.238681
0.238783
0.238839
0.238846
0.238805
0.238715
0.238619
0.238652
0.238825
0.23903
0.239327
0.2396
0.23979
0.239962
