1.95543
1.95549
1.95556
1.95564
1.95572
1.9558
1.9559
1.95599
1.9561
1.95621
1.95633
1.95645
1.95658
1.95671
1.95685
1.95699
1.95714
1.9573
1.95746
1.95763
1.9578
1.95798
1.95816
1.95835
1.95855
1.95875
1.95895
1.95916
1.95937
1.95959
1.95982
1.96005
1.96028
1.96052
1.96076
1.96101
1.96126
1.96152
1.96178
1.96204
1.96231
1.96259
1.96287
1.96315
1.96343
1.96372
1.96402
1.96432
1.96462
1.96492
1.96523
1.96554
1.96586
1.96618
1.9665
1.96683
1.96715
1.96749
1.96782
1.96816
1.9685
1.96884
1.96919
1.96954
1.96989
1.97024
1.97059
1.97095
1.97131
1.97167
1.97203
1.9724
1.97277
1.97313
1.9735
1.97387
1.97425
1.97462
1.97499
1.97537
1.97574
1.97612
1.9765
1.97687
1.97725
1.97763
1.97801
1.97839
1.97877
1.97914
1.97952
1.9799
1.98027
1.98065
1.98102
1.9814
1.98177
1.98214
1.98251
1.98288
1.98324
1.98361
1.98397
1.98433
1.98469
1.98505
1.9854
1.98575
1.9861
1.98644
1.98678
1.98712
1.98746
1.98779
1.98812
1.98844
1.98877
1.98908
1.9894
1.9897
1.99001
1.99031
1.9906
1.99089
1.99118
1.99146
1.99173
1.992
1.99227
1.99253
1.99278
1.99303
1.99327
1.99351
1.99374
1.99396
1.99418
1.99439
1.99459
1.99479
1.99498
1.99516
1.99534
1.99551
1.99567
1.99583
1.99597
1.99611
1.99625
1.99637
1.99649
1.9966
1.9967
1.9968
1.99688
1.99696
1.99703
1.99709
1.99715
1.99719
1.99723
1.99726
1.99728
1.9973
1.9973
1.9973
1.99729
1.99727
1.99724
1.9972
1.99715
1.9971
1.99704
1.99697
1.99689
1.9968
1.99671
1.9966
1.99649
1.99637
1.99624
1.99611
1.99596
1.99581
1.99565
1.99548
1.99531
1.99512
1.99493
1.99473
1.99453
1.99431
1.99409
1.99386
1.99363
1.99339
1.99314
1.99288
1.99262
1.99235
1.99207
1.99179
1.9915
1.9912
1.9909
1.9906
1.99028
1.98997
1.98964
1.98931
1.98898
1.98864
1.9883
1.98795
1.98759
1.98723
1.98687
1.98651
1.98614
1.98576
1.98538
1.985
1.98462
1.98423
1.98384
1.98345
1.98305
1.98265
1.98225
1.98185
1.98144
1.98104
1.98063
1.98022
1.97981
1.9794
1.97898
1.97857
1.97816
1.97774
1.97733
1.97691
1.9765
1.97608
1.97567
1.97525
1.97484
1.97443
1.97402
1.97361
1.9732
1.9728
1.97239
1.97199
1.97159
1.97119
1.9708
1.9704
1.97001
1.96962
1.96924
1.96886
1.96848
1.9681
1.96773
1.96736
1.967
1.96664
1.96628
1.96593
1.96558
1.96524
1.9649
1.96456
1.96423
1.96391
1.96359
1.96327
1.96296
1.96265
1.96235
1.96206
1.96177
1.96148
1.96121
1.96093
1.96067
1.9604
1.96015
1.9599
1.95966
1.95942
1.95919
1.95896
1.95874
1.95853
1.95832
1.95812
1.95793
1.95774
1.95756
1.95738
1.95722
1.95705
1.9569
1.95675
1.95661
1.95647
1.95634
1.95622
1.95611
1.956
1.9559
1.9558
1.95571
1.95563
1.95555
1.95548
1.95542
1.95537
1.95532
1.95527
1.95524
1.95521
1.95519
1.95517
1.95516
1.95516
1.95516
1.95517
1.95519
1.95521
1.95524
1.95527
1.95531
1.95536
1.95542
1.95548
1.95554
1.95562
1.9557
1.95578
1.95587
1.95597
1.95607
1.95618
1.9563
1.95642
1.95654
1.95668
1.95681
1.95696
1.95711
1.95726
1.95742
1.95759
1.95776
1.95794
1.95812
1.95831
1.95543
1.95549
1.95556
1.95564
1.95572
1.9558
1.9559
1.95599
1.9561
1.95621
1.95633
1.95645
1.95658
1.95671
1.95685
1.95699
1.95714
1.9573
1.95746
1.95763
1.9578
1.95798
1.95816
1.95835
1.95855
1.95875
1.95895
1.95916
1.95937
1.95959
1.95982
1.96005
1.96028
1.96052
1.96076
1.96101
1.96126
1.96152
1.96178
1.96204
1.96231
1.96259
1.96287
1.96315
1.96343
1.96372
1.96402
1.96432
1.96462
1.96492
1.96523
1.96554
1.96586
1.96618
1.9665
1.96683
1.96715
1.96749
1.96782
1.96816
1.9685
1.96884
1.96919
1.96954
1.96989
1.97024
1.97059
1.97095
1.97131
1.97167
1.97203
1.9724
1.97277
1.97313
1.9735
1.97387
1.97425
1.97462
1.97499
1.97537
1.97574
1.97612
1.9765
1.97687
1.97725
1.97763
1.97801
1.97839
1.97877
1.97914
1.97952
1.9799
1.98027
1.98065
1.98102
1.9814
1.98177
1.98214
1.98251
1.98288
1.98324
1.98361
1.98397
1.98433
1.98469
1.98505
1.9854
1.98575
1.9861
1.98644
1.98678
1.98712
1.98746
1.98779
1.98812
1.98844
1.98877
1.98908
1.9894
1.9897
1.99001
1.99031
1.9906
1.99089
1.99118
1.99146
1.99173
1.992
1.99227
1.99253
1.99278
1.99303
1.99327
1.99351
1.99374
1.99396
1.99418
1.99439
1.99459
1.99479
1.99498
1.99516
1.99534
1.99551
1.99567
1.99583
1.99597
1.99611
1.99625
1.99637
1.99649
1.9966
1.9967
1.9968
1.99688
1.99696
1.99703
1.99709
1.99715
1.99719
1.99723
1.99726
1.99728
1.9973
1.9973
1.9973
1.99729
1.99727
1.99724
1.9972
1.99715
1.9971
1.99704
1.99697
1.99689
1.9968
1.99671
1.9966
1.99649
1.99637
1.99624
1.99611
1.99596
1.99581
1.99565
1.99548
1.99531
1.99512
1.99493
1.99473
1.99453
1.99431
1.99409
1.99386
1.99363
1.99339
1.99314
1.99288
1.99262
1.99235
1.99207
1.99179
1.9915
1.9912
1.9909
1.9906
1.99028
1.98997
1.98964
1.98931
1.98898
1.98864
1.9883
1.98795
1.98759
1.98723
1.98687
1.98651
1.98614
1.98576
1.98538
1.985
1.98462
1.98423
1.98384
1.98345
1.98305
1.98265
1.98225
1.98185
1.98144
1.98104
1.98063
1.98022
1.97981
1.9794
1.97898
1.97857
1.97816
1.97774
1.97733
1.97691
1.9765
1.97608
1.97567
1.97525
1.97484
1.97443
1.97402
1.97361
1.9732
1.9728
1.97239
1.97199
1.97159
1.97119
1.9708
1.9704
1.97001
1.96962
1.96924
1.96886
1.96848
1.9681
1.96773
1.96736
1.967
1.96664
1.96628
1.96593
1.96558
1.96524
1.9649
1.96456
1.96423
1.96391
1.96359
1.96327
1.96296
1.96265
1.96235
1.96206
1.96177
1.96148
1.96121
1.96093
1.96067
1.9604
1.96015
1.9599
1.95966
1.95942
1.95919
1.95896
1.95874
1.95853
1.95832
1.95812
1.95793
1.95774
1.95756
1.95738
1.95722
1.95705
1.9569
1.95675
1.95661
1.95647
1.95634
1.95622
1.95611
1.956
1.9559
1.9558
1.95571
1.95563
1.95555
1.95548
1.95542
1.95537
1.95532
1.95527
1.95524
1.95521
1.95519
1.95517
1.95516
1.95516
1.95516
1.95517
1.95519
1.95521
1.95524
1.95527
1.95531
1.95536
1.95542
1.95548
1.95554
1.95562
1.9557
1.95578
1.95587
1.95597
1.95607
1.95618
1.9563
1.95642
1.95654
1.95668
1.95681
1.95696
1.95711
1.95726
1.95742
1.95759
1.95776
1.95794
1.95812
1.95831
0.277909
0.27873
0.279425
0.28
0.280456
0.280785
0.281299
0.282238
0.283142
0.28393
0.284596
0.285148
0.285597
0.285961
0.286235
0.286422
0.286551
0.28672
0.286797
0.286955
0.28705
0.287069
0.287046
0.286972
0.286822
0.286615
0.286343
0.286076
0.285756
0.285357
0.284895
0.284492
0.284042
0.283521
0.282939
0.282313
0.281665
0.280991
0.280297
0.279531
0.278698
0.277815
0.276911
0.276036
0.275138
0.274176
0.273148
0.272052
0.270922
0.269758
0.268562
0.267319
0.266026
0.264669
0.263251
0.261845
0.260376
0.258827
0.257208
0.255571
0.253853
0.252061
0.250177
0.24821
0.246157
0.243996
0.241719
0.239472
0.237081
0.234701
0.232213
0.229541
0.22667
0.223584
0.220232
0.216563
0.212506
0.207968
0.202946
0.199374
0.197017
0.193986
0.190328
0.186006
0.180946
0.175003
0.167951
0.15944
0.148907
0.135398
0.129288
0.138387
0.14616
0.151522
0.154927
0.156681
0.156898
0.155526
0.152299
0.146633
0.140931
0.14882
0.153053
0.165044
0.176078
0.185061
0.192611
0.199001
0.204351
0.208756
0.212166
0.217077
0.222263
0.226624
0.230402
0.234789
0.238913
0.242644
0.246054
0.249188
0.252085
0.2548
0.257629
0.260239
0.262667
0.264934
0.267066
0.269237
0.271316
0.273292
0.275147
0.276882
0.27859
0.280243
0.281812
0.28329
0.284669
0.285942
0.287119
0.288405
0.289608
0.290688
0.291669
0.29275
0.293708
0.294557
0.295279
0.295903
0.296464
0.296891
0.297162
0.297915
0.298537
0.299398
0.300305
0.301038
0.301615
0.302052
0.302331
0.302429
0.302343
0.302066
0.301694
0.302264
0.303454
0.304447
0.30528
0.305973
0.306538
0.306976
0.307285
0.307454
0.307461
0.307269
0.307184
0.307612
0.308066
0.308461
0.308774
0.309007
0.309156
0.309229
0.309213
0.309099
0.308901
0.308753
0.308524
0.308405
0.308236
0.308015
0.307771
0.307484
0.307127
0.306712
0.30623
0.305745
0.305227
0.304638
0.303984
0.303388
0.302751
0.302052
0.301309
0.300523
0.299717
0.298881
0.298034
0.297123
0.296148
0.295111
0.294036
0.292994
0.291942
0.290846
0.289689
0.288465
0.287203
0.28591
0.284582
0.283216
0.281792
0.280305
0.278752
0.277218
0.275634
0.273971
0.272234
0.270482
0.268646
0.266736
0.264736
0.26265
0.260489
0.258238
0.255871
0.253538
0.251108
0.248641
0.246097
0.243359
0.240421
0.237277
0.233895
0.230232
0.22624
0.221852
0.216996
0.213263
0.211095
0.208154
0.204449
0.199987
0.194707
0.188478
0.181085
0.1722
0.161248
0.147321
0.138062
0.1452
0.152275
0.156833
0.159322
0.16003
0.159038
0.156246
0.151297
0.143476
0.133409
0.137763
0.138755
0.147619
0.156624
0.163916
0.170021
0.175152
0.17937
0.18272
0.185115
0.188597
0.192907
0.196488
0.199492
0.203145
0.206681
0.209884
0.212809
0.215498
0.217987
0.220295
0.222765
0.225052
0.227176
0.229177
0.231061
0.232994
0.234868
0.236635
0.238299
0.239859
0.24139
0.242893
0.244324
0.245682
0.246968
0.248173
0.249292
0.250506
0.25169
0.252771
0.253752
0.254868
0.255884
0.256812
0.257644
0.258393
0.259107
0.259772
0.260304
0.261252
0.262249
0.26339
0.26467
0.265748
0.266663
0.267449
0.268107
0.268636
0.269047
0.269335
0.2696
0.270638
0.27253
0.274154
0.275519
0.276683
0.27768
0.278535
0.279261
0.279866
0.280353
0.280715
0.281133
0.281993
0.282918
0.283744
0.284439
0.285019
0.285492
0.285877
0.286174
0.286383
0.286508
0.286688
0.286779
0.286915
0.287035
0.287068
0.287052
0.286998
0.207081
0.207029
0.206893
0.206662
0.206317
0.205825
0.205467
0.205585
0.205805
0.206024
0.206217
0.206375
0.206497
0.206589
0.20664
0.206638
0.206597
0.20664
0.206648
0.206785
0.206938
0.207082
0.207241
0.207404
0.207543
0.207669
0.207767
0.207903
0.208043
0.208157
0.208251
0.208441
0.208638
0.208814
0.208975
0.209135
0.209307
0.209488
0.209691
0.209869
0.210022
0.210165
0.210324
0.210535
0.210758
0.210955
0.211121
0.211253
0.211383
0.211509
0.211628
0.211731
0.211813
0.211857
0.211871
0.211915
0.211918
0.211866
0.211771
0.21167
0.211505
0.211284
0.210991
0.210633
0.21021
0.209704
0.209111
0.208556
0.207875
0.207208
0.206416
0.205435
0.204257
0.202871
0.201239
0.199322
0.197067
0.194415
0.191414
0.189771
0.189063
0.187533
0.185249
0.182192
0.178292
0.173412
0.167335
0.159727
0.150069
0.137519
0.131609
0.139371
0.145948
0.150206
0.15249
0.153024
0.151855
0.14886
0.143692
0.135676
0.126796
0.130308
0.130754
0.138376
0.145667
0.151385
0.155972
0.159613
0.162359
0.164254
0.165211
0.167513
0.170188
0.172187
0.173699
0.175791
0.177703
0.179297
0.18063
0.18174
0.182658
0.183439
0.184343
0.18507
0.185649
0.186104
0.18646
0.18687
0.187218
0.187498
0.187696
0.187809
0.187929
0.188022
0.188062
0.188049
0.187976
0.18784
0.187657
0.187608
0.187519
0.187353
0.187147
0.187065
0.186899
0.186672
0.186374
0.186041
0.185706
0.185321
0.184884
0.184953
0.18495
0.185221
0.185515
0.185655
0.185674
0.185609
0.185455
0.185212
0.184897
0.18454
0.184269
0.18499
0.186199
0.18713
0.187861
0.188441
0.188902
0.189263
0.189538
0.189735
0.189854
0.189892
0.190149
0.190869
0.19155
0.192142
0.192644
0.193076
0.193443
0.193763
0.194035
0.194261
0.194472
0.194762
0.195004
0.195367
0.195687
0.195974
0.196256
0.196522
0.196752
0.196963
0.197151
0.197379
0.197597
0.197775
0.197928
0.198163
0.198378
0.19856
0.198729
0.198889
0.199059
0.199236
0.199429
0.199583
0.199705
0.199795
0.19988
0.200016
0.200169
0.200306
0.200411
0.200479
0.200535
0.200584
0.200621
0.200646
0.200636
0.200586
0.200491
0.200431
0.200342
0.200197
0.199993
0.199791
0.199527
0.199206
0.198811
0.19834
0.197797
0.197168
0.19642
0.195688
0.194861
0.193989
0.193059
0.191952
0.190652
0.18914
0.187375
0.185302
0.18286
0.179961
0.176506
0.173951
0.172894
0.171259
0.168991
0.166064
0.162401
0.157871
0.152271
0.145307
0.136484
0.125053
0.118081
0.12608
0.133928
0.139395
0.14291
0.144769
0.145095
0.143863
0.140857
0.135618
0.12916
0.135831
0.139173
0.149388
0.159082
0.166735
0.172935
0.177967
0.181951
0.184993
0.187085
0.190142
0.193761
0.19656
0.198725
0.201387
0.203841
0.205909
0.207653
0.209124
0.210365
0.211401
0.212551
0.213508
0.214293
0.214949
0.215482
0.216041
0.216538
0.21693
0.217219
0.217406
0.21756
0.217692
0.217759
0.217763
0.217701
0.217563
0.217343
0.217207
0.217052
0.216803
0.21646
0.216245
0.215953
0.215592
0.21514
0.214607
0.214027
0.213384
0.212589
0.212141
0.211756
0.211499
0.21144
0.211248
0.210936
0.210521
0.209988
0.209318
0.208505
0.207516
0.206404
0.205912
0.206325
0.206669
0.206898
0.207032
0.207081
0.20705
0.206936
0.20673
0.206417
0.205966
0.205519
0.205533
0.205741
0.205973
0.206171
0.206338
0.206468
0.20657
0.206632
0.206645
0.206597
0.206633
0.206644
0.206743
0.206902
0.207044
0.207196
0.207365
0.540164
0.555481
0.567172
0.575247
0.579792
0.580853
0.578261
0.571578
0.559952
0.541841
0.534426
0.551321
0.573235
0.590247
0.602943
0.611635
0.61616
0.615988
0.610022
0.59602
0.598771
0.600522
0.602249
0.600791
0.607327
0.615465
0.622372
0.628063
0.632337
0.634814
0.639533
0.644032
0.648126
0.652457
0.656297
0.659615
0.662869
0.666383
0.6695
0.672476
0.675293
0.67797
0.68038
0.682683
0.684891
0.686968
0.688836
0.690622
0.692181
0.693602
0.694977
0.696292
0.697391
0.698526
0.699504
0.700242
0.700787
0.701132
0.701265
0.702088
0.702769
0.703534
0.704263
0.705333
0.706294
0.706892
0.707161
0.707137
0.706858
0.706314
0.705449
0.70464
0.704793
0.706173
0.707322
0.708024
0.708358
0.708336
0.70797
0.707271
0.70625
0.705108
0.703623
0.702443
0.702596
0.702403
0.702033
0.701441
0.700601
0.69953
0.698242
0.6968
0.695192
0.693354
0.691782
0.69061
0.689424
0.688066
0.686567
0.684994
0.683338
0.681553
0.679639
0.677597
0.675498
0.673359
0.671334
0.669322
0.667299
0.66523
0.66307
0.660874
0.658592
0.656234
0.65386
0.65142
0.648954
0.64649
0.643979
0.641444
0.638852
0.636234
0.63355
0.630862
0.628144
0.625394
0.622598
0.619801
0.616979
0.614133
0.611246
0.608338
0.605374
0.602403
0.599394
0.596382
0.593311
0.590235
0.587134
0.583965
0.58076
0.577499
0.574173
0.570949
0.567681
0.56446
0.561267
0.558075
0.554806
0.551395
0.547829
0.544124
0.540288
0.536287
0.532063
0.527953
0.524775
0.523431
0.52207
0.520023
0.517371
0.514071
0.510082
0.505343
0.499751
0.49322
0.485423
0.484771
0.507168
0.524269
0.537698
0.547619
0.553994
0.55692
0.556287
0.55174
0.542545
0.527323
0.518845
0.542489
0.573148
0.597977
0.617872
0.633499
0.644905
0.651887
0.653796
0.64914
0.654067
0.659984
0.666986
0.671538
0.680057
0.690684
0.699933
0.707889
0.714444
0.719343
0.725318
0.731335
0.736835
0.742325
0.747311
0.751751
0.755867
0.760219
0.764118
0.767748
0.771143
0.774405
0.777353
0.780124
0.7827
0.78511
0.787247
0.789247
0.790976
0.792566
0.793973
0.795328
0.796454
0.797495
0.798382
0.799021
0.799444
0.799651
0.799616
0.799776
0.799814
0.799835
0.799895
0.799994
0.799995
0.799671
0.799036
0.798101
0.796896
0.795399
0.793507
0.791244
0.789619
0.789001
0.788243
0.787158
0.785782
0.784096
0.782071
0.779684
0.776908
0.773975
0.770582
0.766965
0.765414
0.763643
0.761717
0.759624
0.757321
0.754804
0.752059
0.749123
0.745957
0.742442
0.73944
0.73683
0.734632
0.732321
0.729893
0.727395
0.724824
0.722127
0.719287
0.71628
0.713327
0.710342
0.707446
0.704548
0.701776
0.699101
0.696353
0.693567
0.690703
0.687744
0.68483
0.681891
0.678904
0.675937
0.67294
0.669918
0.66685
0.663823
0.660733
0.65767
0.654599
0.651537
0.648428
0.645316
0.642195
0.639089
0.635933
0.632791
0.62959
0.626405
0.623195
0.62
0.61675
0.613509
0.610276
0.606977
0.603634
0.600254
0.596815
0.593543
0.590277
0.587043
0.583839
0.580692
0.577547
0.574236
0.570766
0.567148
0.5634
0.5595
0.555415
0.551385
0.548945
0.548243
0.547968
0.546846
0.545006
0.542454
0.539183
0.535167
0.530354
0.524667
0.517907
0.513719
0.535542
0.552043
0.564553
0.573549
0.578972
0.580918
0.579278
0.573688
0.563422
0.547144
0.5331
0.544916
0.568198
0.586381
0.600108
0.609821
0.615435
0.616521
0.612168
0.600507
0.598186
0.599716
0.601973
0.601587
0.540164
0.555481
0.567172
0.575247
0.579792
0.580853
0.578261
0.571578
0.559952
0.541841
0.534426
0.551321
0.573235
0.590247
0.602943
0.611635
0.61616
0.615988
0.610022
0.59602
0.598771
0.600522
0.602249
0.600791
0.607327
0.615465
0.622372
0.628063
0.632337
0.634814
0.639533
0.644032
0.648126
0.652457
0.656297
0.659615
0.662869
0.666383
0.6695
0.672476
0.675293
0.67797
0.68038
0.682683
0.684891
0.686968
0.688836
0.690622
0.692181
0.693602
0.694977
0.696292
0.697391
0.698526
0.699504
0.700242
0.700787
0.701132
0.701265
0.702088
0.702769
0.703534
0.704263
0.705333
0.706294
0.706892
0.707161
0.707137
0.706858
0.706314
0.705449
0.70464
0.704793
0.706173
0.707322
0.708024
0.708358
0.708336
0.70797
0.707271
0.70625
0.705108
0.703623
0.702443
0.702596
0.702403
0.702033
0.701441
0.700601
0.69953
0.698242
0.6968
0.695192
0.693354
0.691782
0.69061
0.689424
0.688066
0.686567
0.684994
0.683338
0.681553
0.679639
0.677597
0.675498
0.673359
0.671334
0.669322
0.667299
0.66523
0.66307
0.660874
0.658592
0.656234
0.65386
0.65142
0.648954
0.64649
0.643979
0.641444
0.638852
0.636234
0.63355
0.630862
0.628144
0.625394
0.622598
0.619801
0.616979
0.614133
0.611246
0.608338
0.605374
0.602403
0.599394
0.596382
0.593311
0.590235
0.587134
0.583965
0.58076
0.577499
0.574173
0.570949
0.567681
0.56446
0.561267
0.558075
0.554806
0.551395
0.547829
0.544124
0.540288
0.536287
0.532063
0.527953
0.524775
0.523431
0.52207
0.520023
0.517371
0.514071
0.510082
0.505343
0.499751
0.49322
0.485423
0.484771
0.507168
0.524269
0.537698
0.547619
0.553994
0.55692
0.556287
0.55174
0.542545
0.527323
0.518845
0.542489
0.573148
0.597977
0.617872
0.633499
0.644905
0.651887
0.653796
0.64914
0.654067
0.659984
0.666986
0.671538
0.680057
0.690684
0.699933
0.707889
0.714444
0.719343
0.725318
0.731335
0.736835
0.742325
0.747311
0.751751
0.755867
0.760219
0.764118
0.767748
0.771143
0.774405
0.777353
0.780124
0.7827
0.78511
0.787247
0.789247
0.790976
0.792566
0.793973
0.795328
0.796454
0.797495
0.798382
0.799021
0.799444
0.799651
0.799616
0.799776
0.799814
0.799835
0.799895
0.799994
0.799995
0.799671
0.799036
0.798101
0.796896
0.795399
0.793507
0.791244
0.789619
0.789001
0.788243
0.787158
0.785782
0.784096
0.782071
0.779684
0.776908
0.773975
0.770582
0.766965
0.765414
0.763643
0.761717
0.759624
0.757321
0.754804
0.752059
0.749123
0.745957
0.742442
0.73944
0.73683
0.734632
0.732321
0.729893
0.727395
0.724824
0.722127
0.719287
0.71628
0.713327
0.710342
0.707446
0.704548
0.701776
0.699101
0.696353
0.693567
0.690703
0.687744
0.68483
0.681891
0.678904
0.675937
0.67294
0.669918
0.66685
0.663823
0.660733
0.65767
0.654599
0.651537
0.648428
0.645316
0.642195
0.639089
0.635933
0.632791
0.62959
0.626405
0.623195
0.62
0.61675
0.613509
0.610276
0.606977
0.603634
0.600254
0.596815
0.593543
0.590277
0.587043
0.583839
0.580692
0.577547
0.574236
0.570766
0.567148
0.5634
0.5595
0.555415
0.551385
0.548945
0.548243
0.547968
0.546846
0.545006
0.542454
0.539183
0.535167
0.530354
0.524667
0.517907
0.513719
0.535542
0.552043
0.564553
0.573549
0.578972
0.580918
0.579278
0.573688
0.563422
0.547144
0.5331
0.544916
0.568198
0.586381
0.600108
0.609821
0.615435
0.616521
0.612168
0.600507
0.598186
0.599716
0.601973
0.601587
0.277909
0.27873
0.279425
0.28
0.280456
0.280785
0.281299
0.282238
0.283142
0.28393
0.284596
0.285148
0.285597
0.285961
0.286235
0.286422
0.286551
0.28672
0.286797
0.286955
0.28705
0.287069
0.287046
0.286972
0.286822
0.286615
0.286343
0.286076
0.285756
0.285357
0.284895
0.284492
0.284042
0.283521
0.282939
0.282313
0.281665
0.280991
0.280297
0.279531
0.278698
0.277815
0.276911
0.276036
0.275138
0.274176
0.273148
0.272052
0.270922
0.269758
0.268562
0.267319
0.266026
0.264669
0.263251
0.261845
0.260376
0.258827
0.257208
0.255571
0.253853
0.252061
0.250177
0.24821
0.246157
0.243996
0.241719
0.239472
0.237081
0.234701
0.232213
0.229541
0.22667
0.223584
0.220232
0.216563
0.212506
0.207968
0.202946
0.199374
0.197017
0.193986
0.190328
0.186006
0.180946
0.175003
0.167951
0.15944
0.148907
0.135398
0.129288
0.138387
0.14616
0.151522
0.154927
0.156681
0.156898
0.155526
0.152299
0.146633
0.140931
0.14882
0.153053
0.165044
0.176078
0.185061
0.192611
0.199001
0.204351
0.208756
0.212166
0.217077
0.222263
0.226624
0.230402
0.234789
0.238913
0.242644
0.246054
0.249188
0.252085
0.2548
0.257629
0.260239
0.262667
0.264934
0.267066
0.269237
0.271316
0.273292
0.275147
0.276882
0.27859
0.280243
0.281812
0.28329
0.284669
0.285942
0.287119
0.288405
0.289608
0.290688
0.291669
0.29275
0.293708
0.294557
0.295279
0.295903
0.296464
0.296891
0.297162
0.297915
0.298537
0.299398
0.300305
0.301038
0.301615
0.302052
0.302331
0.302429
0.302343
0.302066
0.301694
0.302264
0.303454
0.304447
0.30528
0.305973
0.306538
0.306976
0.307285
0.307454
0.307461
0.307269
0.307184
0.307612
0.308066
0.308461
0.308774
0.309007
0.309156
0.309229
0.309213
0.309099
0.308901
0.308753
0.308524
0.308405
0.308236
0.308015
0.307771
0.307484
0.307127
0.306712
0.30623
0.305745
0.305227
0.304638
0.303984
0.303388
0.302751
0.302052
0.301309
0.300523
0.299717
0.298881
0.298034
0.297123
0.296148
0.295111
0.294036
0.292994
0.291942
0.290846
0.289689
0.288465
0.287203
0.28591
0.284582
0.283216
0.281792
0.280305
0.278752
0.277218
0.275634
0.273971
0.272234
0.270482
0.268646
0.266736
0.264736
0.26265
0.260489
0.258238
0.255871
0.253538
0.251108
0.248641
0.246097
0.243359
0.240421
0.237277
0.233895
0.230232
0.22624
0.221852
0.216996
0.213263
0.211095
0.208154
0.204449
0.199987
0.194707
0.188478
0.181085
0.1722
0.161248
0.147321
0.138062
0.1452
0.152275
0.156833
0.159322
0.16003
0.159038
0.156246
0.151297
0.143476
0.133409
0.137763
0.138755
0.147619
0.156624
0.163916
0.170021
0.175152
0.17937
0.18272
0.185115
0.188597
0.192907
0.196488
0.199492
0.203145
0.206681
0.209884
0.212809
0.215498
0.217987
0.220295
0.222765
0.225052
0.227176
0.229177
0.231061
0.232994
0.234868
0.236635
0.238299
0.239859
0.24139
0.242893
0.244324
0.245682
0.246968
0.248173
0.249292
0.250506
0.25169
0.252771
0.253752
0.254868
0.255884
0.256812
0.257644
0.258393
0.259107
0.259772
0.260304
0.261252
0.262249
0.26339
0.26467
0.265748
0.266663
0.267449
0.268107
0.268636
0.269047
0.269335
0.2696
0.270638
0.27253
0.274154
0.275519
0.276683
0.27768
0.278535
0.279261
0.279866
0.280353
0.280715
0.281133
0.281993
0.282918
0.283744
0.284439
0.285019
0.285492
0.285877
0.286174
0.286383
0.286508
0.286688
0.286779
0.286915
0.287035
0.287068
0.287052
0.286998
0.207081
0.207029
0.206893
0.206662
0.206317
0.205825
0.205467
0.205585
0.205805
0.206024
0.206217
0.206375
0.206497
0.206589
0.20664
0.206638
0.206597
0.20664
0.206648
0.206785
0.206938
0.207082
0.207241
0.207404
0.207543
0.207669
0.207767
0.207903
0.208043
0.208157
0.208251
0.208441
0.208638
0.208814
0.208975
0.209135
0.209307
0.209488
0.209691
0.209869
0.210022
0.210165
0.210324
0.210535
0.210758
0.210955
0.211121
0.211253
0.211383
0.211509
0.211628
0.211731
0.211813
0.211857
0.211871
0.211915
0.211918
0.211866
0.211771
0.21167
0.211505
0.211284
0.210991
0.210633
0.21021
0.209704
0.209111
0.208556
0.207875
0.207208
0.206416
0.205435
0.204257
0.202871
0.201239
0.199322
0.197067
0.194415
0.191414
0.189771
0.189063
0.187533
0.185249
0.182192
0.178292
0.173412
0.167335
0.159727
0.150069
0.137519
0.131609
0.139371
0.145948
0.150206
0.15249
0.153024
0.151855
0.14886
0.143692
0.135676
0.126796
0.130308
0.130754
0.138376
0.145667
0.151385
0.155972
0.159613
0.162359
0.164254
0.165211
0.167513
0.170188
0.172187
0.173699
0.175791
0.177703
0.179297
0.18063
0.18174
0.182658
0.183439
0.184343
0.18507
0.185649
0.186104
0.18646
0.18687
0.187218
0.187498
0.187696
0.187809
0.187929
0.188022
0.188062
0.188049
0.187976
0.18784
0.187657
0.187608
0.187519
0.187353
0.187147
0.187065
0.186899
0.186672
0.186374
0.186041
0.185706
0.185321
0.184884
0.184953
0.18495
0.185221
0.185515
0.185655
0.185674
0.185609
0.185455
0.185212
0.184897
0.18454
0.184269
0.18499
0.186199
0.18713
0.187861
0.188441
0.188902
0.189263
0.189538
0.189735
0.189854
0.189892
0.190149
0.190869
0.19155
0.192142
0.192644
0.193076
0.193443
0.193763
0.194035
0.194261
0.194472
0.194762
0.195004
0.195367
0.195687
0.195974
0.196256
0.196522
0.196752
0.196963
0.197151
0.197379
0.197597
0.197775
0.197928
0.198163
0.198378
0.19856
0.198729
0.198889
0.199059
0.199236
0.199429
0.199583
0.199705
0.199795
0.19988
0.200016
0.200169
0.200306
0.200411
0.200479
0.200535
0.200584
0.200621
0.200646
0.200636
0.200586
0.200491
0.200431
0.200342
0.200197
0.199993
0.199791
0.199527
0.199206
0.198811
0.19834
0.197797
0.197168
0.19642
0.195688
0.194861
0.193989
0.193059
0.191952
0.190652
0.18914
0.187375
0.185302
0.18286
0.179961
0.176506
0.173951
0.172894
0.171259
0.168991
0.166064
0.162401
0.157871
0.152271
0.145307
0.136484
0.125053
0.118081
0.12608
0.133928
0.139395
0.14291
0.144769
0.145095
0.143863
0.140857
0.135618
0.12916
0.135831
0.139173
0.149388
0.159082
0.166735
0.172935
0.177967
0.181951
0.184993
0.187085
0.190142
0.193761
0.19656
0.198725
0.201387
0.203841
0.205909
0.207653
0.209124
0.210365
0.211401
0.212551
0.213508
0.214293
0.214949
0.215482
0.216041
0.216538
0.21693
0.217219
0.217406
0.21756
0.217692
0.217759
0.217763
0.217701
0.217563
0.217343
0.217207
0.217052
0.216803
0.21646
0.216245
0.215953
0.215592
0.21514
0.214607
0.214027
0.213384
0.212589
0.212141
0.211756
0.211499
0.21144
0.211248
0.210936
0.210521
0.209988
0.209318
0.208505
0.207516
0.206404
0.205912
0.206325
0.206669
0.206898
0.207032
0.207081
0.20705
0.206936
0.20673
0.206417
0.205966
0.205519
0.205533
0.205741
0.205973
0.206171
0.206338
0.206468
0.20657
0.206632
0.206645
0.206597
0.206633
0.206644
0.206743
0.206902
0.207044
0.207196
0.207365
0.161103
0.157007
0.151856
0.145274
0.136617
0.124701
0.119323
0.130187
0.138608
0.144772
0.149085
0.151756
0.152826
0.152152
0.149323
0.143429
0.137449
0.142728
0.144195
0.15556
0.164957
0.17272
0.179428
0.185061
0.189734
0.193459
0.196084
0.200196
0.20443
0.207926
0.210766
0.214418
0.217654
0.220518
0.223051
0.225296
0.227319
0.229145
0.231027
0.232687
0.234152
0.23544
0.236559
0.237783
0.238872
0.23983
0.240661
0.241365
0.242043
0.24264
0.243175
0.243607
0.243938
0.244179
0.244331
0.24462
0.244811
0.244893
0.244904
0.244998
0.245005
0.244905
0.244703
0.244398
0.244148
0.243782
0.243267
0.243367
0.243296
0.243497
0.243694
0.243733
0.243625
0.243385
0.243026
0.242553
0.24196
0.241238
0.240586
0.24103
0.241915
0.242511
0.242882
0.243073
0.243113
0.243021
0.24281
0.242489
0.242057
0.241507
0.241112
0.241206
0.241287
0.24124
0.241081
0.240821
0.240477
0.240052
0.23955
0.238988
0.238385
0.237838
0.237203
0.236699
0.236127
0.235483
0.23486
0.234186
0.233459
0.23268
0.23188
0.231102
0.230295
0.229435
0.228524
0.227699
0.226848
0.225969
0.225049
0.224088
0.223175
0.22224
0.221313
0.220344
0.219336
0.21829
0.217206
0.216266
0.215309
0.214319
0.213295
0.212234
0.211166
0.210079
0.209023
0.20794
0.206824
0.205685
0.204527
0.203417
0.20228
0.201098
0.199876
0.198665
0.197433
0.196153
0.194823
0.193435
0.192035
0.190568
0.189004
0.187529
0.18596
0.184407
0.182825
0.181131
0.179302
0.177314
0.175137
0.172731
0.170011
0.16687
0.163206
0.16078
0.159827
0.158334
0.156328
0.153786
0.150638
0.146765
0.141946
0.135847
0.127887
0.116998
0.111064
0.121085
0.130539
0.137719
0.143039
0.146786
0.149065
0.149831
0.148832
0.14545
0.140605
0.149693
0.154797
0.167822
0.179875
0.189852
0.19841
0.205672
0.2118
0.216882
0.220861
0.225856
0.231256
0.235769
0.239538
0.243848
0.247817
0.251331
0.25445
0.257219
0.25971
0.26192
0.264194
0.266207
0.267997
0.26958
0.270968
0.272404
0.273715
0.274872
0.275881
0.27674
0.277531
0.278243
0.278872
0.279387
0.279784
0.28007
0.280245
0.280504
0.280682
0.280731
0.280648
0.280658
0.280574
0.280367
0.280037
0.279574
0.279112
0.278513
0.277703
0.277346
0.276906
0.276599
0.27641
0.276085
0.275617
0.275005
0.27425
0.27334
0.27224
0.270924
0.269492
0.268768
0.268838
0.268736
0.268494
0.268128
0.267649
0.267061
0.266361
0.265541
0.264579
0.263431
0.262281
0.261613
0.261078
0.260502
0.259871
0.259179
0.258432
0.257623
0.256747
0.255806
0.254778
0.253824
0.252793
0.251875
0.250955
0.24999
0.24906
0.248106
0.247112
0.246075
0.24501
0.243951
0.242892
0.241791
0.240645
0.239572
0.238509
0.237434
0.236327
0.235188
0.234091
0.232975
0.231883
0.23076
0.229608
0.228428
0.227214
0.226127
0.225053
0.22395
0.22282
0.221659
0.22049
0.219314
0.218164
0.217004
0.215814
0.214604
0.213386
0.212208
0.211017
0.209788
0.208519
0.207269
0.206001
0.204692
0.203334
0.201927
0.200511
0.199047
0.19751
0.196054
0.194546
0.193044
0.191531
0.189896
0.188128
0.186211
0.184126
0.181843
0.179304
0.176438
0.17319
0.170835
0.17039
0.169247
0.167474
0.165075
0.161998
0.158129
0.153272
0.147098
0.139049
0.128123
0.12017
0.127742
0.136718
0.143403
0.148158
0.151231
0.152711
0.152503
0.150278
0.145294
0.135781
0.141757
0.144196
0.152876
0.162757
0.170895
0.177843
0.183733
0.161103
0.157007
0.151856
0.145274
0.136617
0.124701
0.119323
0.130187
0.138608
0.144772
0.149085
0.151756
0.152826
0.152152
0.149323
0.143429
0.137449
0.142728
0.144195
0.15556
0.164957
0.17272
0.179428
0.185061
0.189734
0.193459
0.196084
0.200196
0.20443
0.207926
0.210766
0.214418
0.217654
0.220518
0.223051
0.225296
0.227319
0.229145
0.231027
0.232687
0.234152
0.23544
0.236559
0.237783
0.238872
0.23983
0.240661
0.241365
0.242043
0.24264
0.243175
0.243607
0.243938
0.244179
0.244331
0.24462
0.244811
0.244893
0.244904
0.244998
0.245005
0.244905
0.244703
0.244398
0.244148
0.243782
0.243267
0.243367
0.243296
0.243497
0.243694
0.243733
0.243625
0.243385
0.243026
0.242553
0.24196
0.241238
0.240586
0.24103
0.241915
0.242511
0.242882
0.243073
0.243113
0.243021
0.24281
0.242489
0.242057
0.241507
0.241112
0.241206
0.241287
0.24124
0.241081
0.240821
0.240477
0.240052
0.23955
0.238988
0.238385
0.237838
0.237203
0.236699
0.236127
0.235483
0.23486
0.234186
0.233459
0.23268
0.23188
0.231102
0.230295
0.229435
0.228524
0.227699
0.226848
0.225969
0.225049
0.224088
0.223175
0.22224
0.221313
0.220344
0.219336
0.21829
0.217206
0.216266
0.215309
0.214319
0.213295
0.212234
0.211166
0.210079
0.209023
0.20794
0.206824
0.205685
0.204527
0.203417
0.20228
0.201098
0.199876
0.198665
0.197433
0.196153
0.194823
0.193435
0.192035
0.190568
0.189004
0.187529
0.18596
0.184407
0.182825
0.181131
0.179302
0.177314
0.175137
0.172731
0.170011
0.16687
0.163206
0.16078
0.159827
0.158334
0.156328
0.153786
0.150638
0.146765
0.141946
0.135847
0.127887
0.116998
0.111064
0.121085
0.130539
0.137719
0.143039
0.146786
0.149065
0.149831
0.148832
0.14545
0.140605
0.149693
0.154797
0.167822
0.179875
0.189852
0.19841
0.205672
0.2118
0.216882
0.220861
0.225856
0.231256
0.235769
0.239538
0.243848
0.247817
0.251331
0.25445
0.257219
0.25971
0.26192
0.264194
0.266207
0.267997
0.26958
0.270968
0.272404
0.273715
0.274872
0.275881
0.27674
0.277531
0.278243
0.278872
0.279387
0.279784
0.28007
0.280245
0.280504
0.280682
0.280731
0.280648
0.280658
0.280574
0.280367
0.280037
0.279574
0.279112
0.278513
0.277703
0.277346
0.276906
0.276599
0.27641
0.276085
0.275617
0.275005
0.27425
0.27334
0.27224
0.270924
0.269492
0.268768
0.268838
0.268736
0.268494
0.268128
0.267649
0.267061
0.266361
0.265541
0.264579
0.263431
0.262281
0.261613
0.261078
0.260502
0.259871
0.259179
0.258432
0.257623
0.256747
0.255806
0.254778
0.253824
0.252793
0.251875
0.250955
0.24999
0.24906
0.248106
0.247112
0.246075
0.24501
0.243951
0.242892
0.241791
0.240645
0.239572
0.238509
0.237434
0.236327
0.235188
0.234091
0.232975
0.231883
0.23076
0.229608
0.228428
0.227214
0.226127
0.225053
0.22395
0.22282
0.221659
0.22049
0.219314
0.218164
0.217004
0.215814
0.214604
0.213386
0.212208
0.211017
0.209788
0.208519
0.207269
0.206001
0.204692
0.203334
0.201927
0.200511
0.199047
0.19751
0.196054
0.194546
0.193044
0.191531
0.189896
0.188128
0.186211
0.184126
0.181843
0.179304
0.176438
0.17319
0.170835
0.17039
0.169247
0.167474
0.165075
0.161998
0.158129
0.153272
0.147098
0.139049
0.128123
0.12017
0.127742
0.136718
0.143403
0.148158
0.151231
0.152711
0.152503
0.150278
0.145294
0.135781
0.141757
0.144196
0.152876
0.162757
0.170895
0.177843
0.183733
0.277909
0.27873
0.279425
0.28
0.280456
0.280785
0.281299
0.282238
0.283142
0.28393
0.284596
0.285148
0.285597
0.285961
0.286235
0.286422
0.286551
0.28672
0.286797
0.286955
0.28705
0.287069
0.287046
0.286972
0.286822
0.286615
0.286343
0.286076
0.285756
0.285357
0.284895
0.284492
0.284042
0.283521
0.282939
0.282313
0.281665
0.280991
0.280297
0.279531
0.278698
0.277815
0.276911
0.276036
0.275138
0.274176
0.273148
0.272052
0.270922
0.269758
0.268562
0.267319
0.266026
0.264669
0.263251
0.261845
0.260376
0.258827
0.257208
0.255571
0.253853
0.252061
0.250177
0.24821
0.246157
0.243996
0.241719
0.239472
0.237081
0.234701
0.232213
0.229541
0.22667
0.223584
0.220232
0.216563
0.212506
0.207968
0.202946
0.199374
0.197017
0.193986
0.190328
0.186006
0.180946
0.175003
0.167951
0.15944
0.148907
0.135398
0.129288
0.138387
0.14616
0.151522
0.154927
0.156681
0.156898
0.155526
0.152299
0.146633
0.140931
0.14882
0.153053
0.165044
0.176078
0.185061
0.192611
0.199001
0.204351
0.208756
0.212166
0.217077
0.222263
0.226624
0.230402
0.234789
0.238913
0.242644
0.246054
0.249188
0.252085
0.2548
0.257629
0.260239
0.262667
0.264934
0.267066
0.269237
0.271316
0.273292
0.275147
0.276882
0.27859
0.280243
0.281812
0.28329
0.284669
0.285942
0.287119
0.288405
0.289608
0.290688
0.291669
0.29275
0.293708
0.294557
0.295279
0.295903
0.296464
0.296891
0.297162
0.297915
0.298537
0.299398
0.300305
0.301038
0.301615
0.302052
0.302331
0.302429
0.302343
0.302066
0.301694
0.302264
0.303454
0.304447
0.30528
0.305973
0.306538
0.306976
0.307285
0.307454
0.307461
0.307269
0.307184
0.307612
0.308066
0.308461
0.308774
0.309007
0.309156
0.309229
0.309213
0.309099
0.308901
0.308753
0.308524
0.308405
0.308236
0.308015
0.307771
0.307484
0.307127
0.306712
0.30623
0.305745
0.305227
0.304638
0.303984
0.303388
0.302751
0.302052
0.301309
0.300523
0.299717
0.298881
0.298034
0.297123
0.296148
0.295111
0.294036
0.292994
0.291942
0.290846
0.289689
0.288465
0.287203
0.28591
0.284582
0.283216
0.281792
0.280305
0.278752
0.277218
0.275634
0.273971
0.272234
0.270482
0.268646
0.266736
0.264736
0.26265
0.260489
0.258238
0.255871
0.253538
0.251108
0.248641
0.246097
0.243359
0.240421
0.237277
0.233895
0.230232
0.22624
0.221852
0.216996
0.213263
0.211095
0.208154
0.204449
0.199987
0.194707
0.188478
0.181085
0.1722
0.161248
0.147321
0.138062
0.1452
0.152275
0.156833
0.159322
0.16003
0.159038
0.156246
0.151297
0.143476
0.133409
0.137763
0.138755
0.147619
0.156624
0.163916
0.170021
0.175152
0.17937
0.18272
0.185115
0.188597
0.192907
0.196488
0.199492
0.203145
0.206681
0.209884
0.212809
0.215498
0.217987
0.220295
0.222765
0.225052
0.227176
0.229177
0.231061
0.232994
0.234868
0.236635
0.238299
0.239859
0.24139
0.242893
0.244324
0.245682
0.246968
0.248173
0.249292
0.250506
0.25169
0.252771
0.253752
0.254868
0.255884
0.256812
0.257644
0.258393
0.259107
0.259772
0.260304
0.261252
0.262249
0.26339
0.26467
0.265748
0.266663
0.267449
0.268107
0.268636
0.269047
0.269335
0.2696
0.270638
0.27253
0.274154
0.275519
0.276683
0.27768
0.278535
0.279261
0.279866
0.280353
0.280715
0.281133
0.281993
0.282918
0.283744
0.284439
0.285019
0.285492
0.285877
0.286174
0.286383
0.286508
0.286688
0.286779
0.286915
0.287035
0.287068
0.287052
0.286998
0.207081
0.207029
0.206893
0.206662
0.206317
0.205825
0.205467
0.205585
0.205805
0.206024
0.206217
0.206375
0.206497
0.206589
0.20664
0.206638
0.206597
0.20664
0.206648
0.206785
0.206938
0.207082
0.207241
0.207404
0.207543
0.207669
0.207767
0.207903
0.208043
0.208157
0.208251
0.208441
0.208638
0.208814
0.208975
0.209135
0.209307
0.209488
0.209691
0.209869
0.210022
0.210165
0.210324
0.210535
0.210758
0.210955
0.211121
0.211253
0.211383
0.211509
0.211628
0.211731
0.211813
0.211857
0.211871
0.211915
0.211918
0.211866
0.211771
0.21167
0.211505
0.211284
0.210991
0.210633
0.21021
0.209704
0.209111
0.208556
0.207875
0.207208
0.206416
0.205435
0.204257
0.202871
0.201239
0.199322
0.197067
0.194415
0.191414
0.189771
0.189063
0.187533
0.185249
0.182192
0.178292
0.173412
0.167335
0.159727
0.150069
0.137519
0.131609
0.139371
0.145948
0.150206
0.15249
0.153024
0.151855
0.14886
0.143692
0.135676
0.126796
0.130308
0.130754
0.138376
0.145667
0.151385
0.155972
0.159613
0.162359
0.164254
0.165211
0.167513
0.170188
0.172187
0.173699
0.175791
0.177703
0.179297
0.18063
0.18174
0.182658
0.183439
0.184343
0.18507
0.185649
0.186104
0.18646
0.18687
0.187218
0.187498
0.187696
0.187809
0.187929
0.188022
0.188062
0.188049
0.187976
0.18784
0.187657
0.187608
0.187519
0.187353
0.187147
0.187065
0.186899
0.186672
0.186374
0.186041
0.185706
0.185321
0.184884
0.184953
0.18495
0.185221
0.185515
0.185655
0.185674
0.185609
0.185455
0.185212
0.184897
0.18454
0.184269
0.18499
0.186199
0.18713
0.187861
0.188441
0.188902
0.189263
0.189538
0.189735
0.189854
0.189892
0.190149
0.190869
0.19155
0.192142
0.192644
0.193076
0.193443
0.193763
0.194035
0.194261
0.194472
0.194762
0.195004
0.195367
0.195687
0.195974
0.196256
0.196522
0.196752
0.196963
0.197151
0.197379
0.197597
0.197775
0.197928
0.198163
0.198378
0.19856
0.198729
0.198889
0.199059
0.199236
0.199429
0.199583
0.199705
0.199795
0.19988
0.200016
0.200169
0.200306
0.200411
0.200479
0.200535
0.200584
0.200621
0.200646
0.200636
0.200586
0.200491
0.200431
0.200342
0.200197
0.199993
0.199791
0.199527
0.199206
0.198811
0.19834
0.197797
0.197168
0.19642
0.195688
0.194861
0.193989
0.193059
0.191952
0.190652
0.18914
0.187375
0.185302
0.18286
0.179961
0.176506
0.173951
0.172894
0.171259
0.168991
0.166064
0.162401
0.157871
0.152271
0.145307
0.136484
0.125053
0.118081
0.12608
0.133928
0.139395
0.14291
0.144769
0.145095
0.143863
0.140857
0.135618
0.12916
0.135831
0.139173
0.149388
0.159082
0.166735
0.172935
0.177967
0.181951
0.184993
0.187085
0.190142
0.193761
0.19656
0.198725
0.201387
0.203841
0.205909
0.207653
0.209124
0.210365
0.211401
0.212551
0.213508
0.214293
0.214949
0.215482
0.216041
0.216538
0.21693
0.217219
0.217406
0.21756
0.217692
0.217759
0.217763
0.217701
0.217563
0.217343
0.217207
0.217052
0.216803
0.21646
0.216245
0.215953
0.215592
0.21514
0.214607
0.214027
0.213384
0.212589
0.212141
0.211756
0.211499
0.21144
0.211248
0.210936
0.210521
0.209988
0.209318
0.208505
0.207516
0.206404
0.205912
0.206325
0.206669
0.206898
0.207032
0.207081
0.20705
0.206936
0.20673
0.206417
0.205966
0.205519
0.205533
0.205741
0.205973
0.206171
0.206338
0.206468
0.20657
0.206632
0.206645
0.206597
0.206633
0.206644
0.206743
0.206902
0.207044
0.207196
0.207365
-0.0783562
-0.0695998
-0.0654942
-0.0647809
-0.0636607
-0.0624437
-0.0608142
-0.0587103
-0.0560375
-0.0526497
-0.0483237
-0.042678
-0.035722
-0.0334298
-0.0396017
-0.0461366
-0.0516301
-0.0562968
-0.0602973
-0.0637054
-0.0665788
-0.0689496
-0.0722569
-0.0781566
-0.0832799
-0.088277
-0.0930969
-0.10007
-0.106134
-0.111454
-0.116161
-0.120341
-0.12426
-0.12848
-0.13215
-0.135511
-0.138656
-0.141505
-0.144094
-0.146676
-0.149071
-0.151249
-0.153262
-0.155181
-0.156905
-0.158454
-0.15987
-0.161199
-0.162396
-0.163482
-0.164476
-0.165392
-0.166213
-0.166988
-0.167681
-0.168259
-0.1688
-0.169251
-0.169613
-0.169896
-0.170082
-0.170187
-0.170365
-0.170514
-0.170696
-0.170801
-0.170949
-0.171035
-0.171054
-0.171006
-0.170898
-0.170739
-0.170503
-0.170173
-0.169855
-0.169924
-0.170116
-0.170211
-0.170228
-0.170181
-0.170068
-0.169894
-0.169662
-0.169403
-0.169176
-0.168877
-0.169009
-0.169347
-0.169543
-0.169648
-0.169657
-0.169583
-0.169434
-0.169224
-0.168975
-0.168679
-0.168372
-0.168342
-0.168365
-0.16837
-0.168285
-0.168128
-0.167915
-0.167652
-0.167335
-0.166969
-0.166573
-0.166189
-0.165775
-0.165373
-0.164949
-0.164592
-0.164186
-0.163735
-0.163253
-0.162733
-0.162185
-0.161645
-0.161061
-0.160453
-0.159835
-0.159194
-0.15853
-0.157865
-0.157179
-0.156469
-0.155754
-0.15503
-0.154275
-0.153485
-0.152674
-0.151856
-0.151011
-0.150139
-0.149248
-0.148337
-0.147402
-0.146449
-0.145465
-0.144433
-0.143391
-0.142305
-0.141168
-0.139989
-0.138747
-0.137443
-0.136162
-0.134819
-0.133451
-0.132005
-0.130533
-0.128972
-0.127297
-0.125487
-0.123526
-0.12138
-0.118992
-0.11629
-0.113528
-0.110802
-0.10878
-0.10656
-0.104087
-0.10131
-0.0981453
-0.0944897
-0.0902001
-0.0850715
-0.0787982
-0.0708635
-0.0658263
-0.0651551
-0.0641791
-0.0631102
-0.0617616
-0.0600582
-0.0579291
-0.0552659
-0.0519093
-0.0475728
-0.0418783
-0.0402235
-0.0460165
-0.0528563
-0.0585862
-0.0634389
-0.0675954
-0.071143
-0.0741465
-0.0766598
-0.0796943
-0.0872919
-0.0936083
-0.0995693
-0.104875
-0.113346
-0.120792
-0.127278
-0.132999
-0.138056
-0.142623
-0.147743
-0.152189
-0.15618
-0.159951
-0.163344
-0.16642
-0.169422
-0.172245
-0.174791
-0.177149
-0.179354
-0.181339
-0.183102
-0.184708
-0.186205
-0.187552
-0.188755
-0.189858
-0.190847
-0.191718
-0.192529
-0.193242
-0.193809
-0.19433
-0.194746
-0.195044
-0.195232
-0.19529
-0.195202
-0.195303
-0.195331
-0.195372
-0.195316
-0.195334
-0.195314
-0.195207
-0.195009
-0.194721
-0.194337
-0.193831
-0.193166
-0.19249
-0.192091
-0.19204
-0.191935
-0.19176
-0.191524
-0.191221
-0.19085
-0.190408
-0.189898
-0.189367
-0.188722
-0.188271
-0.188114
-0.187869
-0.18759
-0.187256
-0.186864
-0.186416
-0.185917
-0.185383
-0.184807
-0.184176
-0.183642
-0.183204
-0.182749
-0.182244
-0.181697
-0.18113
-0.180537
-0.17991
-0.179246
-0.17855
-0.177829
-0.177089
-0.176379
-0.175674
-0.17498
-0.174264
-0.17352
-0.172764
-0.171984
-0.171182
-0.170373
-0.169535
-0.168683
-0.167829
-0.16696
-0.166085
-0.165201
-0.164303
-0.163387
-0.162467
-0.161537
-0.160585
-0.159609
-0.158622
-0.157626
-0.156613
-0.155578
-0.15453
-0.153467
-0.152385
-0.151284
-0.150164
-0.149005
-0.147828
-0.14662
-0.145369
-0.144083
-0.142747
-0.14136
-0.139971
-0.138537
-0.137084
-0.135579
-0.134018
-0.132377
-0.130632
-0.128767
-0.126774
-0.124622
-0.122269
-0.119658
-0.116895
-0.114194
-0.111942
-0.109567
-0.106919
-0.103954
-0.100588
-0.0967083
-0.0921758
-0.0867841
-0.0802453
-0.0720275
-0.0656075
-0.0649999
-0.0639791
-0.0627879
-0.0612672
-0.0592903
-0.0567724
-0.0535823
-0.0495207
-0.0442561
-0.0372247
-0.0328566
-0.0377534
-0.044594
-0.0503313
-0.0551827
-0.0593462
-0.0628979
-0.065902
-0.0683985
-0.0705008
-0.0768222
-0.0783562
-0.0695998
-0.0654942
-0.0647809
-0.0636607
-0.0624437
-0.0608142
-0.0587103
-0.0560375
-0.0526497
-0.0483237
-0.042678
-0.035722
-0.0334298
-0.0396017
-0.0461366
-0.0516301
-0.0562968
-0.0602973
-0.0637054
-0.0665788
-0.0689496
-0.0722569
-0.0781566
-0.0832799
-0.088277
-0.0930969
-0.10007
-0.106134
-0.111454
-0.116161
-0.120341
-0.12426
-0.12848
-0.13215
-0.135511
-0.138656
-0.141505
-0.144094
-0.146676
-0.149071
-0.151249
-0.153262
-0.155181
-0.156905
-0.158454
-0.15987
-0.161199
-0.162396
-0.163482
-0.164476
-0.165392
-0.166213
-0.166988
-0.167681
-0.168259
-0.1688
-0.169251
-0.169613
-0.169896
-0.170082
-0.170187
-0.170365
-0.170514
-0.170696
-0.170801
-0.170949
-0.171035
-0.171054
-0.171006
-0.170898
-0.170739
-0.170503
-0.170173
-0.169855
-0.169924
-0.170116
-0.170211
-0.170228
-0.170181
-0.170068
-0.169894
-0.169662
-0.169403
-0.169176
-0.168877
-0.169009
-0.169347
-0.169543
-0.169648
-0.169657
-0.169583
-0.169434
-0.169224
-0.168975
-0.168679
-0.168372
-0.168342
-0.168365
-0.16837
-0.168285
-0.168128
-0.167915
-0.167652
-0.167335
-0.166969
-0.166573
-0.166189
-0.165775
-0.165373
-0.164949
-0.164592
-0.164186
-0.163735
-0.163253
-0.162733
-0.162185
-0.161645
-0.161061
-0.160453
-0.159835
-0.159194
-0.15853
-0.157865
-0.157179
-0.156469
-0.155754
-0.15503
-0.154275
-0.153485
-0.152674
-0.151856
-0.151011
-0.150139
-0.149248
-0.148337
-0.147402
-0.146449
-0.145465
-0.144433
-0.143391
-0.142305
-0.141168
-0.139989
-0.138747
-0.137443
-0.136162
-0.134819
-0.133451
-0.132005
-0.130533
-0.128972
-0.127297
-0.125487
-0.123526
-0.12138
-0.118992
-0.11629
-0.113528
-0.110802
-0.10878
-0.10656
-0.104087
-0.10131
-0.0981453
-0.0944897
-0.0902001
-0.0850715
-0.0787982
-0.0708635
-0.0658263
-0.0651551
-0.0641791
-0.0631102
-0.0617616
-0.0600582
-0.0579291
-0.0552659
-0.0519093
-0.0475728
-0.0418783
-0.0402235
-0.0460165
-0.0528563
-0.0585862
-0.0634389
-0.0675954
-0.071143
-0.0741465
-0.0766598
-0.0796943
-0.0872919
-0.0936083
-0.0995693
-0.104875
-0.113346
-0.120792
-0.127278
-0.132999
-0.138056
-0.142623
-0.147743
-0.152189
-0.15618
-0.159951
-0.163344
-0.16642
-0.169422
-0.172245
-0.174791
-0.177149
-0.179354
-0.181339
-0.183102
-0.184708
-0.186205
-0.187552
-0.188755
-0.189858
-0.190847
-0.191718
-0.192529
-0.193242
-0.193809
-0.19433
-0.194746
-0.195044
-0.195232
-0.19529
-0.195202
-0.195303
-0.195331
-0.195372
-0.195316
-0.195334
-0.195314
-0.195207
-0.195009
-0.194721
-0.194337
-0.193831
-0.193166
-0.19249
-0.192091
-0.19204
-0.191935
-0.19176
-0.191524
-0.191221
-0.19085
-0.190408
-0.189898
-0.189367
-0.188722
-0.188271
-0.188114
-0.187869
-0.18759
-0.187256
-0.186864
-0.186416
-0.185917
-0.185383
-0.184807
-0.184176
-0.183642
-0.183204
-0.182749
-0.182244
-0.181697
-0.18113
-0.180537
-0.17991
-0.179246
-0.17855
-0.177829
-0.177089
-0.176379
-0.175674
-0.17498
-0.174264
-0.17352
-0.172764
-0.171984
-0.171182
-0.170373
-0.169535
-0.168683
-0.167829
-0.16696
-0.166085
-0.165201
-0.164303
-0.163387
-0.162467
-0.161537
-0.160585
-0.159609
-0.158622
-0.157626
-0.156613
-0.155578
-0.15453
-0.153467
-0.152385
-0.151284
-0.150164
-0.149005
-0.147828
-0.14662
-0.145369
-0.144083
-0.142747
-0.14136
-0.139971
-0.138537
-0.137084
-0.135579
-0.134018
-0.132377
-0.130632
-0.128767
-0.126774
-0.124622
-0.122269
-0.119658
-0.116895
-0.114194
-0.111942
-0.109567
-0.106919
-0.103954
-0.100588
-0.0967083
-0.0921758
-0.0867841
-0.0802453
-0.0720275
-0.0656075
-0.0649999
-0.0639791
-0.0627879
-0.0612672
-0.0592903
-0.0567724
-0.0535823
-0.0495207
-0.0442561
-0.0372247
-0.0328566
-0.0377534
-0.044594
-0.0503313
-0.0551827
-0.0593462
-0.0628979
-0.065902
-0.0683985
-0.0705008
-0.0768222
0.277909
0.27873
0.279425
0.28
0.280456
0.280785
0.281299
0.282238
0.283142
0.28393
0.284596
0.285148
0.285597
0.285961
0.286235
0.286422
0.286551
0.28672
0.286797
0.286955
0.28705
0.287069
0.287046
0.286972
0.286822
0.286615
0.286343
0.286076
0.285756
0.285357
0.284895
0.284492
0.284042
0.283521
0.282939
0.282313
0.281665
0.280991
0.280297
0.279531
0.278698
0.277815
0.276911
0.276036
0.275138
0.274176
0.273148
0.272052
0.270922
0.269758
0.268562
0.267319
0.266026
0.264669
0.263251
0.261845
0.260376
0.258827
0.257208
0.255571
0.253853
0.252061
0.250177
0.24821
0.246157
0.243996
0.241719
0.239472
0.237081
0.234701
0.232213
0.229541
0.22667
0.223584
0.220232
0.216563
0.212506
0.207968
0.202946
0.199374
0.197017
0.193986
0.190328
0.186006
0.180946
0.175003
0.167951
0.15944
0.148907
0.135398
0.129288
0.138387
0.14616
0.151522
0.154927
0.156681
0.156898
0.155526
0.152299
0.146633
0.140931
0.14882
0.153053
0.165044
0.176078
0.185061
0.192611
0.199001
0.204351
0.208756
0.212166
0.217077
0.222263
0.226624
0.230402
0.234789
0.238913
0.242644
0.246054
0.249188
0.252085
0.2548
0.257629
0.260239
0.262667
0.264934
0.267066
0.269237
0.271316
0.273292
0.275147
0.276882
0.27859
0.280243
0.281812
0.28329
0.284669
0.285942
0.287119
0.288405
0.289608
0.290688
0.291669
0.29275
0.293708
0.294557
0.295279
0.295903
0.296464
0.296891
0.297162
0.297915
0.298537
0.299398
0.300305
0.301038
0.301615
0.302052
0.302331
0.302429
0.302343
0.302066
0.301694
0.302264
0.303454
0.304447
0.30528
0.305973
0.306538
0.306976
0.307285
0.307454
0.307461
0.307269
0.307184
0.307612
0.308066
0.308461
0.308774
0.309007
0.309156
0.309229
0.309213
0.309099
0.308901
0.308753
0.308524
0.308405
0.308236
0.308015
0.307771
0.307484
0.307127
0.306712
0.30623
0.305745
0.305227
0.304638
0.303984
0.303388
0.302751
0.302052
0.301309
0.300523
0.299717
0.298881
0.298034
0.297123
0.296148
0.295111
0.294036
0.292994
0.291942
0.290846
0.289689
0.288465
0.287203
0.28591
0.284582
0.283216
0.281792
0.280305
0.278752
0.277218
0.275634
0.273971
0.272234
0.270482
0.268646
0.266736
0.264736
0.26265
0.260489
0.258238
0.255871
0.253538
0.251108
0.248641
0.246097
0.243359
0.240421
0.237277
0.233895
0.230232
0.22624
0.221852
0.216996
0.213263
0.211095
0.208154
0.204449
0.199987
0.194707
0.188478
0.181085
0.1722
0.161248
0.147321
0.138062
0.1452
0.152275
0.156833
0.159322
0.16003
0.159038
0.156246
0.151297
0.143476
0.133409
0.137763
0.138755
0.147619
0.156624
0.163916
0.170021
0.175152
0.17937
0.18272
0.185115
0.188597
0.192907
0.196488
0.199492
0.203145
0.206681
0.209884
0.212809
0.215498
0.217987
0.220295
0.222765
0.225052
0.227176
0.229177
0.231061
0.232994
0.234868
0.236635
0.238299
0.239859
0.24139
0.242893
0.244324
0.245682
0.246968
0.248173
0.249292
0.250506
0.25169
0.252771
0.253752
0.254868
0.255884
0.256812
0.257644
0.258393
0.259107
0.259772
0.260304
0.261252
0.262249
0.26339
0.26467
0.265748
0.266663
0.267449
0.268107
0.268636
0.269047
0.269335
0.2696
0.270638
0.27253
0.274154
0.275519
0.276683
0.27768
0.278535
0.279261
0.279866
0.280353
0.280715
0.281133
0.281993
0.282918
0.283744
0.284439
0.285019
0.285492
0.285877
0.286174
0.286383
0.286508
0.286688
0.286779
0.286915
0.287035
0.287068
0.287052
0.286998
0.207081
0.207029
0.206893
0.206662
0.206317
0.205825
0.205467
0.205585
0.205805
0.206024
0.206217
0.206375
0.206497
0.206589
0.20664
0.206638
0.206597
0.20664
0.206648
0.206785
0.206938
0.207082
0.207241
0.207404
0.207543
0.207669
0.207767
0.207903
0.208043
0.208157
0.208251
0.208441
0.208638
0.208814
0.208975
0.209135
0.209307
0.209488
0.209691
0.209869
0.210022
0.210165
0.210324
0.210535
0.210758
0.210955
0.211121
0.211253
0.211383
0.211509
0.211628
0.211731
0.211813
0.211857
0.211871
0.211915
0.211918
0.211866
0.211771
0.21167
0.211505
0.211284
0.210991
0.210633
0.21021
0.209704
0.209111
0.208556
0.207875
0.207208
0.206416
0.205435
0.204257
0.202871
0.201239
0.199322
0.197067
0.194415
0.191414
0.189771
0.189063
0.187533
0.185249
0.182192
0.178292
0.173412
0.167335
0.159727
0.150069
0.137519
0.131609
0.139371
0.145948
0.150206
0.15249
0.153024
0.151855
0.14886
0.143692
0.135676
0.126796
0.130308
0.130754
0.138376
0.145667
0.151385
0.155972
0.159613
0.162359
0.164254
0.165211
0.167513
0.170188
0.172187
0.173699
0.175791
0.177703
0.179297
0.18063
0.18174
0.182658
0.183439
0.184343
0.18507
0.185649
0.186104
0.18646
0.18687
0.187218
0.187498
0.187696
0.187809
0.187929
0.188022
0.188062
0.188049
0.187976
0.18784
0.187657
0.187608
0.187519
0.187353
0.187147
0.187065
0.186899
0.186672
0.186374
0.186041
0.185706
0.185321
0.184884
0.184953
0.18495
0.185221
0.185515
0.185655
0.185674
0.185609
0.185455
0.185212
0.184897
0.18454
0.184269
0.18499
0.186199
0.18713
0.187861
0.188441
0.188902
0.189263
0.189538
0.189735
0.189854
0.189892
0.190149
0.190869
0.19155
0.192142
0.192644
0.193076
0.193443
0.193763
0.194035
0.194261
0.194472
0.194762
0.195004
0.195367
0.195687
0.195974
0.196256
0.196522
0.196752
0.196963
0.197151
0.197379
0.197597
0.197775
0.197928
0.198163
0.198378
0.19856
0.198729
0.198889
0.199059
0.199236
0.199429
0.199583
0.199705
0.199795
0.19988
0.200016
0.200169
0.200306
0.200411
0.200479
0.200535
0.200584
0.200621
0.200646
0.200636
0.200586
0.200491
0.200431
0.200342
0.200197
0.199993
0.199791
0.199527
0.199206
0.198811
0.19834
0.197797
0.197168
0.19642
0.195688
0.194861
0.193989
0.193059
0.191952
0.190652
0.18914
0.187375
0.185302
0.18286
0.179961
0.176506
0.173951
0.172894
0.171259
0.168991
0.166064
0.162401
0.157871
0.152271
0.145307
0.136484
0.125053
0.118081
0.12608
0.133928
0.139395
0.14291
0.144769
0.145095
0.143863
0.140857
0.135618
0.12916
0.135831
0.139173
0.149388
0.159082
0.166735
0.172935
0.177967
0.181951
0.184993
0.187085
0.190142
0.193761
0.19656
0.198725
0.201387
0.203841
0.205909
0.207653
0.209124
0.210365
0.211401
0.212551
0.213508
0.214293
0.214949
0.215482
0.216041
0.216538
0.21693
0.217219
0.217406
0.21756
0.217692
0.217759
0.217763
0.217701
0.217563
0.217343
0.217207
0.217052
0.216803
0.21646
0.216245
0.215953
0.215592
0.21514
0.214607
0.214027
0.213384
0.212589
0.212141
0.211756
0.211499
0.21144
0.211248
0.210936
0.210521
0.209988
0.209318
0.208505
0.207516
0.206404
0.205912
0.206325
0.206669
0.206898
0.207032
0.207081
0.20705
0.206936
0.20673
0.206417
0.205966
0.205519
0.205533
0.205741
0.205973
0.206171
0.206338
0.206468
0.20657
0.206632
0.206645
0.206597
0.206633
0.206644
0.206743
0.206902
0.207044
0.207196
0.207365
-0.0800287
-0.0781366
-0.0760226
-0.0735546
-0.070645
-0.067238
-0.0632363
-0.058527
-0.0529381
-0.0462183
-0.0427033
-0.0468441
-0.0527436
-0.0572517
-0.060769
-0.063569
-0.0657905
-0.0675217
-0.068825
-0.0697317
-0.0759026
-0.0803591
-0.0844825
-0.0880316
-0.094082
-0.0997326
-0.104446
-0.108458
-0.111911
-0.114918
-0.118497
-0.121534
-0.12417
-0.126724
-0.129029
-0.131145
-0.133238
-0.135306
-0.137171
-0.138943
-0.140629
-0.142186
-0.143595
-0.14493
-0.146213
-0.147433
-0.14857
-0.149677
-0.150718
-0.151705
-0.152669
-0.153597
-0.154429
-0.155251
-0.156027
-0.156728
-0.157357
-0.157902
-0.15835
-0.158988
-0.159618
-0.160285
-0.160914
-0.161625
-0.162358
-0.16303
-0.163636
-0.164174
-0.164643
-0.165025
-0.165293
-0.165555
-0.166145
-0.167088
-0.168041
-0.168936
-0.169787
-0.170588
-0.171337
-0.172032
-0.172673
-0.173311
-0.173875
-0.174565
-0.175655
-0.176649
-0.177606
-0.17852
-0.179382
-0.180197
-0.180967
-0.181709
-0.182417
-0.183077
-0.183817
-0.184671
-0.185524
-0.186323
-0.187076
-0.187805
-0.188508
-0.18917
-0.189793
-0.190375
-0.19093
-0.191452
-0.191999
-0.192548
-0.19309
-0.193605
-0.194076
-0.194519
-0.194922
-0.195285
-0.195624
-0.195915
-0.196172
-0.196408
-0.196607
-0.196778
-0.196911
-0.197006
-0.197053
-0.197068
-0.197041
-0.196961
-0.196825
-0.196646
-0.196419
-0.19614
-0.195802
-0.195412
-0.194958
-0.194447
-0.193869
-0.193226
-0.192496
-0.191692
-0.190808
-0.189827
-0.188752
-0.18757
-0.186271
-0.184903
-0.183425
-0.181853
-0.18016
-0.178329
-0.176342
-0.174168
-0.171782
-0.16917
-0.16631
-0.163162
-0.159674
-0.15591
-0.152164
-0.14869
-0.145054
-0.141013
-0.136515
-0.131478
-0.125809
-0.119388
-0.112062
-0.103648
-0.0938452
-0.0849429
-0.0832316
-0.080932
-0.0782861
-0.0752157
-0.0715785
-0.0673013
-0.0622785
-0.0563657
-0.0493543
-0.0409351
-0.0342979
-0.0372698
-0.0431368
-0.0475905
-0.0510339
-0.0537664
-0.0559088
-0.0575495
-0.0587471
-0.0595285
-0.0638175
-0.0672264
-0.0706976
-0.0738268
-0.0784944
-0.0832509
-0.0872314
-0.0906377
-0.0935871
-0.096167
-0.0991294
-0.101766
-0.104053
-0.106261
-0.108281
-0.110154
-0.111976
-0.113831
-0.115516
-0.117114
-0.118654
-0.12011
-0.12144
-0.122706
-0.123922
-0.125098
-0.126202
-0.127287
-0.128323
-0.129335
-0.130313
-0.131288
-0.13219
-0.13307
-0.133928
-0.134736
-0.135498
-0.136211
-0.136861
-0.137593
-0.138348
-0.139145
-0.139952
-0.140767
-0.141601
-0.142392
-0.143142
-0.143854
-0.144534
-0.145179
-0.145764
-0.146316
-0.147173
-0.148285
-0.149352
-0.150343
-0.151283
-0.152175
-0.153023
-0.153831
-0.154604
-0.155426
-0.156227
-0.157126
-0.15859
-0.159871
-0.161038
-0.162115
-0.163116
-0.164052
-0.164931
-0.165776
-0.166593
-0.167366
-0.168343
-0.169412
-0.170542
-0.171567
-0.172509
-0.173394
-0.174232
-0.175016
-0.17575
-0.176437
-0.177134
-0.177789
-0.178446
-0.179088
-0.179752
-0.180404
-0.180996
-0.181546
-0.182046
-0.182498
-0.18294
-0.183335
-0.183677
-0.183996
-0.184274
-0.184517
-0.184721
-0.184901
-0.185024
-0.185119
-0.185175
-0.185182
-0.185124
-0.185016
-0.184861
-0.18466
-0.184393
-0.184079
-0.183699
-0.183266
-0.182766
-0.182203
-0.18155
-0.180824
-0.180025
-0.179127
-0.178131
-0.177027
-0.175801
-0.174517
-0.173134
-0.17165
-0.170046
-0.168316
-0.166459
-0.164413
-0.162156
-0.159667
-0.156921
-0.153874
-0.150476
-0.146737
-0.143187
-0.139911
-0.136696
-0.133113
-0.129124
-0.124653
-0.11961
-0.113887
-0.107353
-0.0998153
-0.0910173
-0.0817796
-0.0804391
-0.0786532
-0.0765808
-0.0742169
-0.0714237
-0.0681504
-0.0643073
-0.0597903
-0.0544435
-0.0480374
-0.0427623
-0.045067
-0.0514064
-0.056221
-0.0599536
-0.0629209
-0.0652795
-0.0671273
-0.0685343
-0.0695397
-0.0745535
-0.0792008
-0.0834785
-0.0871996
-0.0800287
-0.0781366
-0.0760226
-0.0735546
-0.070645
-0.067238
-0.0632363
-0.058527
-0.0529381
-0.0462183
-0.0427033
-0.0468441
-0.0527436
-0.0572517
-0.060769
-0.063569
-0.0657905
-0.0675217
-0.068825
-0.0697317
-0.0759026
-0.0803591
-0.0844825
-0.0880316
-0.094082
-0.0997326
-0.104446
-0.108458
-0.111911
-0.114918
-0.118497
-0.121534
-0.12417
-0.126724
-0.129029
-0.131145
-0.133238
-0.135306
-0.137171
-0.138943
-0.140629
-0.142186
-0.143595
-0.14493
-0.146213
-0.147433
-0.14857
-0.149677
-0.150718
-0.151705
-0.152669
-0.153597
-0.154429
-0.155251
-0.156027
-0.156728
-0.157357
-0.157902
-0.15835
-0.158988
-0.159618
-0.160285
-0.160914
-0.161625
-0.162358
-0.16303
-0.163636
-0.164174
-0.164643
-0.165025
-0.165293
-0.165555
-0.166145
-0.167088
-0.168041
-0.168936
-0.169787
-0.170588
-0.171337
-0.172032
-0.172673
-0.173311
-0.173875
-0.174565
-0.175655
-0.176649
-0.177606
-0.17852
-0.179382
-0.180197
-0.180967
-0.181709
-0.182417
-0.183077
-0.183817
-0.184671
-0.185524
-0.186323
-0.187076
-0.187805
-0.188508
-0.18917
-0.189793
-0.190375
-0.19093
-0.191452
-0.191999
-0.192548
-0.19309
-0.193605
-0.194076
-0.194519
-0.194922
-0.195285
-0.195624
-0.195915
-0.196172
-0.196408
-0.196607
-0.196778
-0.196911
-0.197006
-0.197053
-0.197068
-0.197041
-0.196961
-0.196825
-0.196646
-0.196419
-0.19614
-0.195802
-0.195412
-0.194958
-0.194447
-0.193869
-0.193226
-0.192496
-0.191692
-0.190808
-0.189827
-0.188752
-0.18757
-0.186271
-0.184903
-0.183425
-0.181853
-0.18016
-0.178329
-0.176342
-0.174168
-0.171782
-0.16917
-0.16631
-0.163162
-0.159674
-0.15591
-0.152164
-0.14869
-0.145054
-0.141013
-0.136515
-0.131478
-0.125809
-0.119388
-0.112062
-0.103648
-0.0938452
-0.0849429
-0.0832316
-0.080932
-0.0782861
-0.0752157
-0.0715785
-0.0673013
-0.0622785
-0.0563657
-0.0493543
-0.0409351
-0.0342979
-0.0372698
-0.0431368
-0.0475905
-0.0510339
-0.0537664
-0.0559088
-0.0575495
-0.0587471
-0.0595285
-0.0638175
-0.0672264
-0.0706976
-0.0738268
-0.0784944
-0.0832509
-0.0872314
-0.0906377
-0.0935871
-0.096167
-0.0991294
-0.101766
-0.104053
-0.106261
-0.108281
-0.110154
-0.111976
-0.113831
-0.115516
-0.117114
-0.118654
-0.12011
-0.12144
-0.122706
-0.123922
-0.125098
-0.126202
-0.127287
-0.128323
-0.129335
-0.130313
-0.131288
-0.13219
-0.13307
-0.133928
-0.134736
-0.135498
-0.136211
-0.136861
-0.137593
-0.138348
-0.139145
-0.139952
-0.140767
-0.141601
-0.142392
-0.143142
-0.143854
-0.144534
-0.145179
-0.145764
-0.146316
-0.147173
-0.148285
-0.149352
-0.150343
-0.151283
-0.152175
-0.153023
-0.153831
-0.154604
-0.155426
-0.156227
-0.157126
-0.15859
-0.159871
-0.161038
-0.162115
-0.163116
-0.164052
-0.164931
-0.165776
-0.166593
-0.167366
-0.168343
-0.169412
-0.170542
-0.171567
-0.172509
-0.173394
-0.174232
-0.175016
-0.17575
-0.176437
-0.177134
-0.177789
-0.178446
-0.179088
-0.179752
-0.180404
-0.180996
-0.181546
-0.182046
-0.182498
-0.18294
-0.183335
-0.183677
-0.183996
-0.184274
-0.184517
-0.184721
-0.184901
-0.185024
-0.185119
-0.185175
-0.185182
-0.185124
-0.185016
-0.184861
-0.18466
-0.184393
-0.184079
-0.183699
-0.183266
-0.182766
-0.182203
-0.18155
-0.180824
-0.180025
-0.179127
-0.178131
-0.177027
-0.175801
-0.174517
-0.173134
-0.17165
-0.170046
-0.168316
-0.166459
-0.164413
-0.162156
-0.159667
-0.156921
-0.153874
-0.150476
-0.146737
-0.143187
-0.139911
-0.136696
-0.133113
-0.129124
-0.124653
-0.11961
-0.113887
-0.107353
-0.0998153
-0.0910173
-0.0817796
-0.0804391
-0.0786532
-0.0765808
-0.0742169
-0.0714237
-0.0681504
-0.0643073
-0.0597903
-0.0544435
-0.0480374
-0.0427623
-0.045067
-0.0514064
-0.056221
-0.0599536
-0.0629209
-0.0652795
-0.0671273
-0.0685343
-0.0695397
-0.0745535
-0.0792008
-0.0834785
-0.0871996
0.277909
0.27873
0.279425
0.28
0.280456
0.280785
0.281299
0.282238
0.283142
0.28393
0.284596
0.285148
0.285597
0.285961
0.286235
0.286422
0.286551
0.28672
0.286797
0.286955
0.28705
0.287069
0.287046
0.286972
0.286822
0.286615
0.286343
0.286076
0.285756
0.285357
0.284895
0.284492
0.284042
0.283521
0.282939
0.282313
0.281665
0.280991
0.280297
0.279531
0.278698
0.277815
0.276911
0.276036
0.275138
0.274176
0.273148
0.272052
0.270922
0.269758
0.268562
0.267319
0.266026
0.264669
0.263251
0.261845
0.260376
0.258827
0.257208
0.255571
0.253853
0.252061
0.250177
0.24821
0.246157
0.243996
0.241719
0.239472
0.237081
0.234701
0.232213
0.229541
0.22667
0.223584
0.220232
0.216563
0.212506
0.207968
0.202946
0.199374
0.197017
0.193986
0.190328
0.186006
0.180946
0.175003
0.167951
0.15944
0.148907
0.135398
0.129288
0.138387
0.14616
0.151522
0.154927
0.156681
0.156898
0.155526
0.152299
0.146633
0.140931
0.14882
0.153053
0.165044
0.176078
0.185061
0.192611
0.199001
0.204351
0.208756
0.212166
0.217077
0.222263
0.226624
0.230402
0.234789
0.238913
0.242644
0.246054
0.249188
0.252085
0.2548
0.257629
0.260239
0.262667
0.264934
0.267066
0.269237
0.271316
0.273292
0.275147
0.276882
0.27859
0.280243
0.281812
0.28329
0.284669
0.285942
0.287119
0.288405
0.289608
0.290688
0.291669
0.29275
0.293708
0.294557
0.295279
0.295903
0.296464
0.296891
0.297162
0.297915
0.298537
0.299398
0.300305
0.301038
0.301615
0.302052
0.302331
0.302429
0.302343
0.302066
0.301694
0.302264
0.303454
0.304447
0.30528
0.305973
0.306538
0.306976
0.307285
0.307454
0.307461
0.307269
0.307184
0.307612
0.308066
0.308461
0.308774
0.309007
0.309156
0.309229
0.309213
0.309099
0.308901
0.308753
0.308524
0.308405
0.308236
0.308015
0.307771
0.307484
0.307127
0.306712
0.30623
0.305745
0.305227
0.304638
0.303984
0.303388
0.302751
0.302052
0.301309
0.300523
0.299717
0.298881
0.298034
0.297123
0.296148
0.295111
0.294036
0.292994
0.291942
0.290846
0.289689
0.288465
0.287203
0.28591
0.284582
0.283216
0.281792
0.280305
0.278752
0.277218
0.275634
0.273971
0.272234
0.270482
0.268646
0.266736
0.264736
0.26265
0.260489
0.258238
0.255871
0.253538
0.251108
0.248641
0.246097
0.243359
0.240421
0.237277
0.233895
0.230232
0.22624
0.221852
0.216996
0.213263
0.211095
0.208154
0.204449
0.199987
0.194707
0.188478
0.181085
0.1722
0.161248
0.147321
0.138062
0.1452
0.152275
0.156833
0.159322
0.16003
0.159038
0.156246
0.151297
0.143476
0.133409
0.137763
0.138755
0.147619
0.156624
0.163916
0.170021
0.175152
0.17937
0.18272
0.185115
0.188597
0.192907
0.196488
0.199492
0.203145
0.206681
0.209884
0.212809
0.215498
0.217987
0.220295
0.222765
0.225052
0.227176
0.229177
0.231061
0.232994
0.234868
0.236635
0.238299
0.239859
0.24139
0.242893
0.244324
0.245682
0.246968
0.248173
0.249292
0.250506
0.25169
0.252771
0.253752
0.254868
0.255884
0.256812
0.257644
0.258393
0.259107
0.259772
0.260304
0.261252
0.262249
0.26339
0.26467
0.265748
0.266663
0.267449
0.268107
0.268636
0.269047
0.269335
0.2696
0.270638
0.27253
0.274154
0.275519
0.276683
0.27768
0.278535
0.279261
0.279866
0.280353
0.280715
0.281133
0.281993
0.282918
0.283744
0.284439
0.285019
0.285492
0.285877
0.286174
0.286383
0.286508
0.286688
0.286779
0.286915
0.287035
0.287068
0.287052
0.286998
0.207081
0.207029
0.206893
0.206662
0.206317
0.205825
0.205467
0.205585
0.205805
0.206024
0.206217
0.206375
0.206497
0.206589
0.20664
0.206638
0.206597
0.20664
0.206648
0.206785
0.206938
0.207082
0.207241
0.207404
0.207543
0.207669
0.207767
0.207903
0.208043
0.208157
0.208251
0.208441
0.208638
0.208814
0.208975
0.209135
0.209307
0.209488
0.209691
0.209869
0.210022
0.210165
0.210324
0.210535
0.210758
0.210955
0.211121
0.211253
0.211383
0.211509
0.211628
0.211731
0.211813
0.211857
0.211871
0.211915
0.211918
0.211866
0.211771
0.21167
0.211505
0.211284
0.210991
0.210633
0.21021
0.209704
0.209111
0.208556
0.207875
0.207208
0.206416
0.205435
0.204257
0.202871
0.201239
0.199322
0.197067
0.194415
0.191414
0.189771
0.189063
0.187533
0.185249
0.182192
0.178292
0.173412
0.167335
0.159727
0.150069
0.137519
0.131609
0.139371
0.145948
0.150206
0.15249
0.153024
0.151855
0.14886
0.143692
0.135676
0.126796
0.130308
0.130754
0.138376
0.145667
0.151385
0.155972
0.159613
0.162359
0.164254
0.165211
0.167513
0.170188
0.172187
0.173699
0.175791
0.177703
0.179297
0.18063
0.18174
0.182658
0.183439
0.184343
0.18507
0.185649
0.186104
0.18646
0.18687
0.187218
0.187498
0.187696
0.187809
0.187929
0.188022
0.188062
0.188049
0.187976
0.18784
0.187657
0.187608
0.187519
0.187353
0.187147
0.187065
0.186899
0.186672
0.186374
0.186041
0.185706
0.185321
0.184884
0.184953
0.18495
0.185221
0.185515
0.185655
0.185674
0.185609
0.185455
0.185212
0.184897
0.18454
0.184269
0.18499
0.186199
0.18713
0.187861
0.188441
0.188902
0.189263
0.189538
0.189735
0.189854
0.189892
0.190149
0.190869
0.19155
0.192142
0.192644
0.193076
0.193443
0.193763
0.194035
0.194261
0.194472
0.194762
0.195004
0.195367
0.195687
0.195974
0.196256
0.196522
0.196752
0.196963
0.197151
0.197379
0.197597
0.197775
0.197928
0.198163
0.198378
0.19856
0.198729
0.198889
0.199059
0.199236
0.199429
0.199583
0.199705
0.199795
0.19988
0.200016
0.200169
0.200306
0.200411
0.200479
0.200535
0.200584
0.200621
0.200646
0.200636
0.200586
0.200491
0.200431
0.200342
0.200197
0.199993
0.199791
0.199527
0.199206
0.198811
0.19834
0.197797
0.197168
0.19642
0.195688
0.194861
0.193989
0.193059
0.191952
0.190652
0.18914
0.187375
0.185302
0.18286
0.179961
0.176506
0.173951
0.172894
0.171259
0.168991
0.166064
0.162401
0.157871
0.152271
0.145307
0.136484
0.125053
0.118081
0.12608
0.133928
0.139395
0.14291
0.144769
0.145095
0.143863
0.140857
0.135618
0.12916
0.135831
0.139173
0.149388
0.159082
0.166735
0.172935
0.177967
0.181951
0.184993
0.187085
0.190142
0.193761
0.19656
0.198725
0.201387
0.203841
0.205909
0.207653
0.209124
0.210365
0.211401
0.212551
0.213508
0.214293
0.214949
0.215482
0.216041
0.216538
0.21693
0.217219
0.217406
0.21756
0.217692
0.217759
0.217763
0.217701
0.217563
0.217343
0.217207
0.217052
0.216803
0.21646
0.216245
0.215953
0.215592
0.21514
0.214607
0.214027
0.213384
0.212589
0.212141
0.211756
0.211499
0.21144
0.211248
0.210936
0.210521
0.209988
0.209318
0.208505
0.207516
0.206404
0.205912
0.206325
0.206669
0.206898
0.207032
0.207081
0.20705
0.206936
0.20673
0.206417
0.205966
0.205519
0.205533
0.205741
0.205973
0.206171
0.206338
0.206468
0.20657
0.206632
0.206645
0.206597
0.206633
0.206644
0.206743
0.206902
0.207044
0.207196
0.207365
0.1895
0.182823
0.174939
0.165529
0.15412
0.140009
0.133379
0.142318
0.147956
0.151055
0.15225
0.151848
0.149951
0.146497
0.141257
0.1338
0.128254
0.133504
0.134592
0.145365
0.15346
0.159654
0.164727
0.168752
0.171902
0.174253
0.175805
0.179173
0.182474
0.185075
0.187162
0.190176
0.192829
0.195186
0.197298
0.199205
0.200978
0.202658
0.204459
0.2061
0.207619
0.209032
0.210346
0.211827
0.213227
0.214546
0.215788
0.216951
0.218135
0.219278
0.2204
0.221456
0.222446
0.223375
0.224242
0.225271
0.226223
0.227083
0.227894
0.228805
0.229645
0.230392
0.231044
0.23159
0.232184
0.232646
0.232933
0.233825
0.234549
0.235561
0.236603
0.237521
0.238314
0.238979
0.239517
0.239913
0.240141
0.240169
0.240183
0.24126
0.242877
0.24432
0.245633
0.246839
0.247948
0.24896
0.249873
0.250675
0.251349
0.251865
0.252495
0.253667
0.254915
0.256113
0.257257
0.258343
0.259377
0.260347
0.261252
0.262092
0.262877
0.263724
0.264495
0.265413
0.266292
0.267116
0.267975
0.268789
0.269549
0.270252
0.27092
0.271594
0.272241
0.272829
0.273355
0.273957
0.274527
0.27506
0.275537
0.275954
0.276399
0.276796
0.277182
0.277506
0.277768
0.277968
0.278103
0.278352
0.278553
0.278686
0.27875
0.278742
0.278692
0.27858
0.278459
0.278269
0.278
0.277664
0.277265
0.276864
0.276377
0.275792
0.275115
0.274385
0.273566
0.272634
0.271583
0.270409
0.269154
0.267764
0.266215
0.264681
0.262969
0.261191
0.259246
0.257065
0.25463
0.251918
0.248903
0.245549
0.241786
0.237542
0.232811
0.229359
0.226976
0.223603
0.219364
0.214266
0.20824
0.20116
0.192796
0.182841
0.170831
0.156049
0.146857
0.153047
0.157805
0.159932
0.160014
0.158338
0.154973
0.149803
0.142523
0.132574
0.121361
0.123972
0.122598
0.129594
0.136036
0.14089
0.144797
0.147825
0.150071
0.151575
0.152289
0.154398
0.157062
0.159097
0.160665
0.163036
0.165277
0.167266
0.169047
0.17065
0.172138
0.173514
0.175084
0.176503
0.177815
0.179034
0.18017
0.181456
0.182704
0.183882
0.184996
0.186047
0.187117
0.188168
0.1892
0.190187
0.191123
0.192015
0.192868
0.193869
0.194837
0.195733
0.196572
0.197552
0.198468
0.199309
0.200081
0.200782
0.201551
0.202257
0.202856
0.203995
0.205083
0.206384
0.207742
0.208947
0.210028
0.211002
0.211885
0.212683
0.213385
0.213999
0.214699
0.216299
0.218561
0.220485
0.222186
0.223724
0.225135
0.226441
0.227653
0.228776
0.229816
0.230767
0.231846
0.23338
0.234933
0.236373
0.237713
0.238964
0.240143
0.24125
0.242293
0.243285
0.244224
0.245239
0.246159
0.247179
0.248154
0.249052
0.249956
0.250818
0.251621
0.252367
0.25308
0.253799
0.254482
0.255099
0.255653
0.256262
0.25684
0.257376
0.257851
0.258266
0.258697
0.259089
0.259473
0.259785
0.260032
0.260215
0.260334
0.260545
0.260729
0.260845
0.260892
0.260868
0.260797
0.260672
0.260528
0.260325
0.260045
0.259694
0.259284
0.258861
0.258368
0.25778
0.257092
0.256363
0.255552
0.254633
0.253596
0.252434
0.251181
0.249791
0.248235
0.246661
0.244938
0.243121
0.2412
0.239054
0.236662
0.233993
0.23101
0.227667
0.223888
0.219584
0.214705
0.210563
0.208205
0.205032
0.201129
0.196483
0.191021
0.184612
0.177057
0.168069
0.15722
0.143885
0.134539
0.140476
0.146809
0.15047
0.152108
0.152091
0.150572
0.147524
0.142767
0.135932
0.12628
0.132642
0.134636
0.142924
0.151625
0.158236
0.163555
0.167824
0.1895
0.182823
0.174939
0.165529
0.15412
0.140009
0.133379
0.142318
0.147956
0.151055
0.15225
0.151848
0.149951
0.146497
0.141257
0.1338
0.128254
0.133504
0.134592
0.145365
0.15346
0.159654
0.164727
0.168752
0.171902
0.174253
0.175805
0.179173
0.182474
0.185075
0.187162
0.190176
0.192829
0.195186
0.197298
0.199205
0.200978
0.202658
0.204459
0.2061
0.207619
0.209032
0.210346
0.211827
0.213227
0.214546
0.215788
0.216951
0.218135
0.219278
0.2204
0.221456
0.222446
0.223375
0.224242
0.225271
0.226223
0.227083
0.227894
0.228805
0.229645
0.230392
0.231044
0.23159
0.232184
0.232646
0.232933
0.233825
0.234549
0.235561
0.236603
0.237521
0.238314
0.238979
0.239517
0.239913
0.240141
0.240169
0.240183
0.24126
0.242877
0.24432
0.245633
0.246839
0.247948
0.24896
0.249873
0.250675
0.251349
0.251865
0.252495
0.253667
0.254915
0.256113
0.257257
0.258343
0.259377
0.260347
0.261252
0.262092
0.262877
0.263724
0.264495
0.265413
0.266292
0.267116
0.267975
0.268789
0.269549
0.270252
0.27092
0.271594
0.272241
0.272829
0.273355
0.273957
0.274527
0.27506
0.275537
0.275954
0.276399
0.276796
0.277182
0.277506
0.277768
0.277968
0.278103
0.278352
0.278553
0.278686
0.27875
0.278742
0.278692
0.27858
0.278459
0.278269
0.278
0.277664
0.277265
0.276864
0.276377
0.275792
0.275115
0.274385
0.273566
0.272634
0.271583
0.270409
0.269154
0.267764
0.266215
0.264681
0.262969
0.261191
0.259246
0.257065
0.25463
0.251918
0.248903
0.245549
0.241786
0.237542
0.232811
0.229359
0.226976
0.223603
0.219364
0.214266
0.20824
0.20116
0.192796
0.182841
0.170831
0.156049
0.146857
0.153047
0.157805
0.159932
0.160014
0.158338
0.154973
0.149803
0.142523
0.132574
0.121361
0.123972
0.122598
0.129594
0.136036
0.14089
0.144797
0.147825
0.150071
0.151575
0.152289
0.154398
0.157062
0.159097
0.160665
0.163036
0.165277
0.167266
0.169047
0.17065
0.172138
0.173514
0.175084
0.176503
0.177815
0.179034
0.18017
0.181456
0.182704
0.183882
0.184996
0.186047
0.187117
0.188168
0.1892
0.190187
0.191123
0.192015
0.192868
0.193869
0.194837
0.195733
0.196572
0.197552
0.198468
0.199309
0.200081
0.200782
0.201551
0.202257
0.202856
0.203995
0.205083
0.206384
0.207742
0.208947
0.210028
0.211002
0.211885
0.212683
0.213385
0.213999
0.214699
0.216299
0.218561
0.220485
0.222186
0.223724
0.225135
0.226441
0.227653
0.228776
0.229816
0.230767
0.231846
0.23338
0.234933
0.236373
0.237713
0.238964
0.240143
0.24125
0.242293
0.243285
0.244224
0.245239
0.246159
0.247179
0.248154
0.249052
0.249956
0.250818
0.251621
0.252367
0.25308
0.253799
0.254482
0.255099
0.255653
0.256262
0.25684
0.257376
0.257851
0.258266
0.258697
0.259089
0.259473
0.259785
0.260032
0.260215
0.260334
0.260545
0.260729
0.260845
0.260892
0.260868
0.260797
0.260672
0.260528
0.260325
0.260045
0.259694
0.259284
0.258861
0.258368
0.25778
0.257092
0.256363
0.255552
0.254633
0.253596
0.252434
0.251181
0.249791
0.248235
0.246661
0.244938
0.243121
0.2412
0.239054
0.236662
0.233993
0.23101
0.227667
0.223888
0.219584
0.214705
0.210563
0.208205
0.205032
0.201129
0.196483
0.191021
0.184612
0.177057
0.168069
0.15722
0.143885
0.134539
0.140476
0.146809
0.15047
0.152108
0.152091
0.150572
0.147524
0.142767
0.135932
0.12628
0.132642
0.134636
0.142924
0.151625
0.158236
0.163555
0.167824
0.277909
0.27873
0.279425
0.28
0.280456
0.280785
0.281299
0.282238
0.283142
0.28393
0.284596
0.285148
0.285597
0.285961
0.286235
0.286422
0.286551
0.28672
0.286797
0.286955
0.28705
0.287069
0.287046
0.286972
0.286822
0.286615
0.286343
0.286076
0.285756
0.285357
0.284895
0.284492
0.284042
0.283521
0.282939
0.282313
0.281665
0.280991
0.280297
0.279531
0.278698
0.277815
0.276911
0.276036
0.275138
0.274176
0.273148
0.272052
0.270922
0.269758
0.268562
0.267319
0.266026
0.264669
0.263251
0.261845
0.260376
0.258827
0.257208
0.255571
0.253853
0.252061
0.250177
0.24821
0.246157
0.243996
0.241719
0.239472
0.237081
0.234701
0.232213
0.229541
0.22667
0.223584
0.220232
0.216563
0.212506
0.207968
0.202946
0.199374
0.197017
0.193986
0.190328
0.186006
0.180946
0.175003
0.167951
0.15944
0.148907
0.135398
0.129288
0.138387
0.14616
0.151522
0.154927
0.156681
0.156898
0.155526
0.152299
0.146633
0.140931
0.14882
0.153053
0.165044
0.176078
0.185061
0.192611
0.199001
0.204351
0.208756
0.212166
0.217077
0.222263
0.226624
0.230402
0.234789
0.238913
0.242644
0.246054
0.249188
0.252085
0.2548
0.257629
0.260239
0.262667
0.264934
0.267066
0.269237
0.271316
0.273292
0.275147
0.276882
0.27859
0.280243
0.281812
0.28329
0.284669
0.285942
0.287119
0.288405
0.289608
0.290688
0.291669
0.29275
0.293708
0.294557
0.295279
0.295903
0.296464
0.296891
0.297162
0.297915
0.298537
0.299398
0.300305
0.301038
0.301615
0.302052
0.302331
0.302429
0.302343
0.302066
0.301694
0.302264
0.303454
0.304447
0.30528
0.305973
0.306538
0.306976
0.307285
0.307454
0.307461
0.307269
0.307184
0.307612
0.308066
0.308461
0.308774
0.309007
0.309156
0.309229
0.309213
0.309099
0.308901
0.308753
0.308524
0.308405
0.308236
0.308015
0.307771
0.307484
0.307127
0.306712
0.30623
0.305745
0.305227
0.304638
0.303984
0.303388
0.302751
0.302052
0.301309
0.300523
0.299717
0.298881
0.298034
0.297123
0.296148
0.295111
0.294036
0.292994
0.291942
0.290846
0.289689
0.288465
0.287203
0.28591
0.284582
0.283216
0.281792
0.280305
0.278752
0.277218
0.275634
0.273971
0.272234
0.270482
0.268646
0.266736
0.264736
0.26265
0.260489
0.258238
0.255871
0.253538
0.251108
0.248641
0.246097
0.243359
0.240421
0.237277
0.233895
0.230232
0.22624
0.221852
0.216996
0.213263
0.211095
0.208154
0.204449
0.199987
0.194707
0.188478
0.181085
0.1722
0.161248
0.147321
0.138062
0.1452
0.152275
0.156833
0.159322
0.16003
0.159038
0.156246
0.151297
0.143476
0.133409
0.137763
0.138755
0.147619
0.156624
0.163916
0.170021
0.175152
0.17937
0.18272
0.185115
0.188597
0.192907
0.196488
0.199492
0.203145
0.206681
0.209884
0.212809
0.215498
0.217987
0.220295
0.222765
0.225052
0.227176
0.229177
0.231061
0.232994
0.234868
0.236635
0.238299
0.239859
0.24139
0.242893
0.244324
0.245682
0.246968
0.248173
0.249292
0.250506
0.25169
0.252771
0.253752
0.254868
0.255884
0.256812
0.257644
0.258393
0.259107
0.259772
0.260304
0.261252
0.262249
0.26339
0.26467
0.265748
0.266663
0.267449
0.268107
0.268636
0.269047
0.269335
0.2696
0.270638
0.27253
0.274154
0.275519
0.276683
0.27768
0.278535
0.279261
0.279866
0.280353
0.280715
0.281133
0.281993
0.282918
0.283744
0.284439
0.285019
0.285492
0.285877
0.286174
0.286383
0.286508
0.286688
0.286779
0.286915
0.287035
0.287068
0.287052
0.286998
0.207081
0.207029
0.206893
0.206662
0.206317
0.205825
0.205467
0.205585
0.205805
0.206024
0.206217
0.206375
0.206497
0.206589
0.20664
0.206638
0.206597
0.20664
0.206648
0.206785
0.206938
0.207082
0.207241
0.207404
0.207543
0.207669
0.207767
0.207903
0.208043
0.208157
0.208251
0.208441
0.208638
0.208814
0.208975
0.209135
0.209307
0.209488
0.209691
0.209869
0.210022
0.210165
0.210324
0.210535
0.210758
0.210955
0.211121
0.211253
0.211383
0.211509
0.211628
0.211731
0.211813
0.211857
0.211871
0.211915
0.211918
0.211866
0.211771
0.21167
0.211505
0.211284
0.210991
0.210633
0.21021
0.209704
0.209111
0.208556
0.207875
0.207208
0.206416
0.205435
0.204257
0.202871
0.201239
0.199322
0.197067
0.194415
0.191414
0.189771
0.189063
0.187533
0.185249
0.182192
0.178292
0.173412
0.167335
0.159727
0.150069
0.137519
0.131609
0.139371
0.145948
0.150206
0.15249
0.153024
0.151855
0.14886
0.143692
0.135676
0.126796
0.130308
0.130754
0.138376
0.145667
0.151385
0.155972
0.159613
0.162359
0.164254
0.165211
0.167513
0.170188
0.172187
0.173699
0.175791
0.177703
0.179297
0.18063
0.18174
0.182658
0.183439
0.184343
0.18507
0.185649
0.186104
0.18646
0.18687
0.187218
0.187498
0.187696
0.187809
0.187929
0.188022
0.188062
0.188049
0.187976
0.18784
0.187657
0.187608
0.187519
0.187353
0.187147
0.187065
0.186899
0.186672
0.186374
0.186041
0.185706
0.185321
0.184884
0.184953
0.18495
0.185221
0.185515
0.185655
0.185674
0.185609
0.185455
0.185212
0.184897
0.18454
0.184269
0.18499
0.186199
0.18713
0.187861
0.188441
0.188902
0.189263
0.189538
0.189735
0.189854
0.189892
0.190149
0.190869
0.19155
0.192142
0.192644
0.193076
0.193443
0.193763
0.194035
0.194261
0.194472
0.194762
0.195004
0.195367
0.195687
0.195974
0.196256
0.196522
0.196752
0.196963
0.197151
0.197379
0.197597
0.197775
0.197928
0.198163
0.198378
0.19856
0.198729
0.198889
0.199059
0.199236
0.199429
0.199583
0.199705
0.199795
0.19988
0.200016
0.200169
0.200306
0.200411
0.200479
0.200535
0.200584
0.200621
0.200646
0.200636
0.200586
0.200491
0.200431
0.200342
0.200197
0.199993
0.199791
0.199527
0.199206
0.198811
0.19834
0.197797
0.197168
0.19642
0.195688
0.194861
0.193989
0.193059
0.191952
0.190652
0.18914
0.187375
0.185302
0.18286
0.179961
0.176506
0.173951
0.172894
0.171259
0.168991
0.166064
0.162401
0.157871
0.152271
0.145307
0.136484
0.125053
0.118081
0.12608
0.133928
0.139395
0.14291
0.144769
0.145095
0.143863
0.140857
0.135618
0.12916
0.135831
0.139173
0.149388
0.159082
0.166735
0.172935
0.177967
0.181951
0.184993
0.187085
0.190142
0.193761
0.19656
0.198725
0.201387
0.203841
0.205909
0.207653
0.209124
0.210365
0.211401
0.212551
0.213508
0.214293
0.214949
0.215482
0.216041
0.216538
0.21693
0.217219
0.217406
0.21756
0.217692
0.217759
0.217763
0.217701
0.217563
0.217343
0.217207
0.217052
0.216803
0.21646
0.216245
0.215953
0.215592
0.21514
0.214607
0.214027
0.213384
0.212589
0.212141
0.211756
0.211499
0.21144
0.211248
0.210936
0.210521
0.209988
0.209318
0.208505
0.207516
0.206404
0.205912
0.206325
0.206669
0.206898
0.207032
0.207081
0.20705
0.206936
0.20673
0.206417
0.205966
0.205519
0.205533
0.205741
0.205973
0.206171
0.206338
0.206468
0.20657
0.206632
0.206645
0.206597
0.206633
0.206644
0.206743
0.206902
0.207044
0.207196
0.207365
0.614886
0.602105
0.609218
0.621651
0.627667
0.629711
0.627562
0.621624
0.612047
0.598758
0.581486
0.559665
0.534725
0.531418
0.550745
0.567076
0.577302
0.582724
0.584024
0.581354
0.574615
0.563406
0.552182
0.551699
0.55164
0.551226
0.549275
0.555545
0.560697
0.564848
0.568057
0.570252
0.572
0.575972
0.579534
0.583148
0.586833
0.590215
0.593244
0.596772
0.600336
0.603741
0.607083
0.610612
0.614048
0.617401
0.6207
0.62406
0.627318
0.630519
0.633658
0.636759
0.639793
0.642903
0.646005
0.648999
0.652081
0.655004
0.657784
0.660474
0.663023
0.665504
0.668302
0.670999
0.673908
0.676768
0.679873
0.682691
0.685239
0.687535
0.689609
0.69149
0.693104
0.694388
0.695657
0.6982
0.701296
0.704038
0.706494
0.708692
0.710604
0.712212
0.713491
0.714512
0.715452
0.715917
0.71767
0.720433
0.722994
0.72545
0.727725
0.72981
0.731692
0.733377
0.7349
0.736185
0.737308
0.739402
0.741781
0.744313
0.746722
0.749022
0.751241
0.753356
0.755325
0.757136
0.758831
0.760604
0.762331
0.764122
0.765831
0.767792
0.769651
0.771398
0.773056
0.77458
0.775992
0.777432
0.778744
0.779971
0.781147
0.782216
0.783161
0.784058
0.784857
0.785541
0.786163
0.786725
0.787165
0.787478
0.787671
0.787792
0.787778
0.78763
0.787349
0.786934
0.786385
0.785725
0.784923
0.783935
0.782871
0.781606
0.78013
0.778488
0.776633
0.774594
0.77261
0.770376
0.768061
0.765531
0.762946
0.760009
0.756702
0.753031
0.749017
0.744653
0.739896
0.73471
0.730128
0.725986
0.724057
0.720776
0.716328
0.710848
0.704346
0.696818
0.688224
0.678503
0.667593
0.655292
0.657572
0.668892
0.673613
0.673932
0.670046
0.662275
0.650764
0.635428
0.61601
0.591885
0.562489
0.550297
0.559349
0.568689
0.572494
0.57176
0.56697
0.558083
0.544826
0.526541
0.505717
0.501649
0.497033
0.492062
0.484318
0.488383
0.491876
0.494397
0.495996
0.496548
0.49616
0.49907
0.501599
0.504101
0.506975
0.509545
0.511802
0.514517
0.517498
0.520322
0.523198
0.526208
0.529197
0.532106
0.535021
0.53804
0.541018
0.543952
0.546908
0.549803
0.552662
0.555656
0.558673
0.561586
0.564667
0.567609
0.570403
0.573118
0.575722
0.578212
0.581568
0.584745
0.588144
0.591518
0.595362
0.598953
0.602222
0.605234
0.608033
0.610662
0.613092
0.615288
0.617803
0.621324
0.626049
0.630285
0.634103
0.637601
0.6408
0.64372
0.646373
0.648797
0.651191
0.653304
0.656221
0.660082
0.663598
0.666979
0.670158
0.673129
0.67591
0.67852
0.681017
0.683378
0.685574
0.688197
0.691156
0.694035
0.696747
0.699333
0.70185
0.704282
0.706586
0.708764
0.710817
0.712818
0.714794
0.716849
0.718859
0.720858
0.722758
0.724541
0.726253
0.72785
0.729333
0.730771
0.732093
0.73335
0.73454
0.735628
0.736622
0.737513
0.738298
0.738961
0.739553
0.740054
0.74044
0.740705
0.740871
0.740934
0.740874
0.740679
0.740362
0.739906
0.739327
0.738619
0.73779
0.736787
0.735673
0.734387
0.732906
0.731261
0.72942
0.727385
0.725314
0.723036
0.720675
0.718158
0.715476
0.7125
0.709189
0.705538
0.701567
0.697258
0.692566
0.68744
0.682396
0.677866
0.674993
0.67133
0.66665
0.661061
0.654534
0.647016
0.638451
0.628746
0.617857
0.605489
0.60479
0.619199
0.626652
0.629613
0.628473
0.623467
0.614807
0.602471
0.586244
0.565642
0.539869
0.528389
0.545414
0.563594
0.57522
0.581747
0.584071
0.582403
0.576715
0.566691
0.552018
0.551992
0.614886
0.602105
0.609218
0.621651
0.627667
0.629711
0.627562
0.621624
0.612047
0.598758
0.581486
0.559665
0.534725
0.531418
0.550745
0.567076
0.577302
0.582724
0.584024
0.581354
0.574615
0.563406
0.552182
0.551699
0.55164
0.551226
0.549275
0.555545
0.560697
0.564848
0.568057
0.570252
0.572
0.575972
0.579534
0.583148
0.586833
0.590215
0.593244
0.596772
0.600336
0.603741
0.607083
0.610612
0.614048
0.617401
0.6207
0.62406
0.627318
0.630519
0.633658
0.636759
0.639793
0.642903
0.646005
0.648999
0.652081
0.655004
0.657784
0.660474
0.663023
0.665504
0.668302
0.670999
0.673908
0.676768
0.679873
0.682691
0.685239
0.687535
0.689609
0.69149
0.693104
0.694388
0.695657
0.6982
0.701296
0.704038
0.706494
0.708692
0.710604
0.712212
0.713491
0.714512
0.715452
0.715917
0.71767
0.720433
0.722994
0.72545
0.727725
0.72981
0.731692
0.733377
0.7349
0.736185
0.737308
0.739402
0.741781
0.744313
0.746722
0.749022
0.751241
0.753356
0.755325
0.757136
0.758831
0.760604
0.762331
0.764122
0.765831
0.767792
0.769651
0.771398
0.773056
0.77458
0.775992
0.777432
0.778744
0.779971
0.781147
0.782216
0.783161
0.784058
0.784857
0.785541
0.786163
0.786725
0.787165
0.787478
0.787671
0.787792
0.787778
0.78763
0.787349
0.786934
0.786385
0.785725
0.784923
0.783935
0.782871
0.781606
0.78013
0.778488
0.776633
0.774594
0.77261
0.770376
0.768061
0.765531
0.762946
0.760009
0.756702
0.753031
0.749017
0.744653
0.739896
0.73471
0.730128
0.725986
0.724057
0.720776
0.716328
0.710848
0.704346
0.696818
0.688224
0.678503
0.667593
0.655292
0.657572
0.668892
0.673613
0.673932
0.670046
0.662275
0.650764
0.635428
0.61601
0.591885
0.562489
0.550297
0.559349
0.568689
0.572494
0.57176
0.56697
0.558083
0.544826
0.526541
0.505717
0.501649
0.497033
0.492062
0.484318
0.488383
0.491876
0.494397
0.495996
0.496548
0.49616
0.49907
0.501599
0.504101
0.506975
0.509545
0.511802
0.514517
0.517498
0.520322
0.523198
0.526208
0.529197
0.532106
0.535021
0.53804
0.541018
0.543952
0.546908
0.549803
0.552662
0.555656
0.558673
0.561586
0.564667
0.567609
0.570403
0.573118
0.575722
0.578212
0.581568
0.584745
0.588144
0.591518
0.595362
0.598953
0.602222
0.605234
0.608033
0.610662
0.613092
0.615288
0.617803
0.621324
0.626049
0.630285
0.634103
0.637601
0.6408
0.64372
0.646373
0.648797
0.651191
0.653304
0.656221
0.660082
0.663598
0.666979
0.670158
0.673129
0.67591
0.67852
0.681017
0.683378
0.685574
0.688197
0.691156
0.694035
0.696747
0.699333
0.70185
0.704282
0.706586
0.708764
0.710817
0.712818
0.714794
0.716849
0.718859
0.720858
0.722758
0.724541
0.726253
0.72785
0.729333
0.730771
0.732093
0.73335
0.73454
0.735628
0.736622
0.737513
0.738298
0.738961
0.739553
0.740054
0.74044
0.740705
0.740871
0.740934
0.740874
0.740679
0.740362
0.739906
0.739327
0.738619
0.73779
0.736787
0.735673
0.734387
0.732906
0.731261
0.72942
0.727385
0.725314
0.723036
0.720675
0.718158
0.715476
0.7125
0.709189
0.705538
0.701567
0.697258
0.692566
0.68744
0.682396
0.677866
0.674993
0.67133
0.66665
0.661061
0.654534
0.647016
0.638451
0.628746
0.617857
0.605489
0.60479
0.619199
0.626652
0.629613
0.628473
0.623467
0.614807
0.602471
0.586244
0.565642
0.539869
0.528389
0.545414
0.563594
0.57522
0.581747
0.584071
0.582403
0.576715
0.566691
0.552018
0.551992
0.277909
0.27873
0.279425
0.28
0.280456
0.280785
0.281299
0.282238
0.283142
0.28393
0.284596
0.285148
0.285597
0.285961
0.286235
0.286422
0.286551
0.28672
0.286797
0.286955
0.28705
0.287069
0.287046
0.286972
0.286822
0.286615
0.286343
0.286076
0.285756
0.285357
0.284895
0.284492
0.284042
0.283521
0.282939
0.282313
0.281665
0.280991
0.280297
0.279531
0.278698
0.277815
0.276911
0.276036
0.275138
0.274176
0.273148
0.272052
0.270922
0.269758
0.268562
0.267319
0.266026
0.264669
0.263251
0.261845
0.260376
0.258827
0.257208
0.255571
0.253853
0.252061
0.250177
0.24821
0.246157
0.243996
0.241719
0.239472
0.237081
0.234701
0.232213
0.229541
0.22667
0.223584
0.220232
0.216563
0.212506
0.207968
0.202946
0.199374
0.197017
0.193986
0.190328
0.186006
0.180946
0.175003
0.167951
0.15944
0.148907
0.135398
0.129288
0.138387
0.14616
0.151522
0.154927
0.156681
0.156898
0.155526
0.152299
0.146633
0.140931
0.14882
0.153053
0.165044
0.176078
0.185061
0.192611
0.199001
0.204351
0.208756
0.212166
0.217077
0.222263
0.226624
0.230402
0.234789
0.238913
0.242644
0.246054
0.249188
0.252085
0.2548
0.257629
0.260239
0.262667
0.264934
0.267066
0.269237
0.271316
0.273292
0.275147
0.276882
0.27859
0.280243
0.281812
0.28329
0.284669
0.285942
0.287119
0.288405
0.289608
0.290688
0.291669
0.29275
0.293708
0.294557
0.295279
0.295903
0.296464
0.296891
0.297162
0.297915
0.298537
0.299398
0.300305
0.301038
0.301615
0.302052
0.302331
0.302429
0.302343
0.302066
0.301694
0.302264
0.303454
0.304447
0.30528
0.305973
0.306538
0.306976
0.307285
0.307454
0.307461
0.307269
0.307184
0.307612
0.308066
0.308461
0.308774
0.309007
0.309156
0.309229
0.309213
0.309099
0.308901
0.308753
0.308524
0.308405
0.308236
0.308015
0.307771
0.307484
0.307127
0.306712
0.30623
0.305745
0.305227
0.304638
0.303984
0.303388
0.302751
0.302052
0.301309
0.300523
0.299717
0.298881
0.298034
0.297123
0.296148
0.295111
0.294036
0.292994
0.291942
0.290846
0.289689
0.288465
0.287203
0.28591
0.284582
0.283216
0.281792
0.280305
0.278752
0.277218
0.275634
0.273971
0.272234
0.270482
0.268646
0.266736
0.264736
0.26265
0.260489
0.258238
0.255871
0.253538
0.251108
0.248641
0.246097
0.243359
0.240421
0.237277
0.233895
0.230232
0.22624
0.221852
0.216996
0.213263
0.211095
0.208154
0.204449
0.199987
0.194707
0.188478
0.181085
0.1722
0.161248
0.147321
0.138062
0.1452
0.152275
0.156833
0.159322
0.16003
0.159038
0.156246
0.151297
0.143476
0.133409
0.137763
0.138755
0.147619
0.156624
0.163916
0.170021
0.175152
0.17937
0.18272
0.185115
0.188597
0.192907
0.196488
0.199492
0.203145
0.206681
0.209884
0.212809
0.215498
0.217987
0.220295
0.222765
0.225052
0.227176
0.229177
0.231061
0.232994
0.234868
0.236635
0.238299
0.239859
0.24139
0.242893
0.244324
0.245682
0.246968
0.248173
0.249292
0.250506
0.25169
0.252771
0.253752
0.254868
0.255884
0.256812
0.257644
0.258393
0.259107
0.259772
0.260304
0.261252
0.262249
0.26339
0.26467
0.265748
0.266663
0.267449
0.268107
0.268636
0.269047
0.269335
0.2696
0.270638
0.27253
0.274154
0.275519
0.276683
0.27768
0.278535
0.279261
0.279866
0.280353
0.280715
0.281133
0.281993
0.282918
0.283744
0.284439
0.285019
0.285492
0.285877
0.286174
0.286383
0.286508
0.286688
0.286779
0.286915
0.287035
0.287068
0.287052
0.286998
0.207081
0.207029
0.206893
0.206662
0.206317
0.205825
0.205467
0.205585
0.205805
0.206024
0.206217
0.206375
0.206497
0.206589
0.20664
0.206638
0.206597
0.20664
0.206648
0.206785
0.206938
0.207082
0.207241
0.207404
0.207543
0.207669
0.207767
0.207903
0.208043
0.208157
0.208251
0.208441
0.208638
0.208814
0.208975
0.209135
0.209307
0.209488
0.209691
0.209869
0.210022
0.210165
0.210324
0.210535
0.210758
0.210955
0.211121
0.211253
0.211383
0.211509
0.211628
0.211731
0.211813
0.211857
0.211871
0.211915
0.211918
0.211866
0.211771
0.21167
0.211505
0.211284
0.210991
0.210633
0.21021
0.209704
0.209111
0.208556
0.207875
0.207208
0.206416
0.205435
0.204257
0.202871
0.201239
0.199322
0.197067
0.194415
0.191414
0.189771
0.189063
0.187533
0.185249
0.182192
0.178292
0.173412
0.167335
0.159727
0.150069
0.137519
0.131609
0.139371
0.145948
0.150206
0.15249
0.153024
0.151855
0.14886
0.143692
0.135676
0.126796
0.130308
0.130754
0.138376
0.145667
0.151385
0.155972
0.159613
0.162359
0.164254
0.165211
0.167513
0.170188
0.172187
0.173699
0.175791
0.177703
0.179297
0.18063
0.18174
0.182658
0.183439
0.184343
0.18507
0.185649
0.186104
0.18646
0.18687
0.187218
0.187498
0.187696
0.187809
0.187929
0.188022
0.188062
0.188049
0.187976
0.18784
0.187657
0.187608
0.187519
0.187353
0.187147
0.187065
0.186899
0.186672
0.186374
0.186041
0.185706
0.185321
0.184884
0.184953
0.18495
0.185221
0.185515
0.185655
0.185674
0.185609
0.185455
0.185212
0.184897
0.18454
0.184269
0.18499
0.186199
0.18713
0.187861
0.188441
0.188902
0.189263
0.189538
0.189735
0.189854
0.189892
0.190149
0.190869
0.19155
0.192142
0.192644
0.193076
0.193443
0.193763
0.194035
0.194261
0.194472
0.194762
0.195004
0.195367
0.195687
0.195974
0.196256
0.196522
0.196752
0.196963
0.197151
0.197379
0.197597
0.197775
0.197928
0.198163
0.198378
0.19856
0.198729
0.198889
0.199059
0.199236
0.199429
0.199583
0.199705
0.199795
0.19988
0.200016
0.200169
0.200306
0.200411
0.200479
0.200535
0.200584
0.200621
0.200646
0.200636
0.200586
0.200491
0.200431
0.200342
0.200197
0.199993
0.199791
0.199527
0.199206
0.198811
0.19834
0.197797
0.197168
0.19642
0.195688
0.194861
0.193989
0.193059
0.191952
0.190652
0.18914
0.187375
0.185302
0.18286
0.179961
0.176506
0.173951
0.172894
0.171259
0.168991
0.166064
0.162401
0.157871
0.152271
0.145307
0.136484
0.125053
0.118081
0.12608
0.133928
0.139395
0.14291
0.144769
0.145095
0.143863
0.140857
0.135618
0.12916
0.135831
0.139173
0.149388
0.159082
0.166735
0.172935
0.177967
0.181951
0.184993
0.187085
0.190142
0.193761
0.19656
0.198725
0.201387
0.203841
0.205909
0.207653
0.209124
0.210365
0.211401
0.212551
0.213508
0.214293
0.214949
0.215482
0.216041
0.216538
0.21693
0.217219
0.217406
0.21756
0.217692
0.217759
0.217763
0.217701
0.217563
0.217343
0.217207
0.217052
0.216803
0.21646
0.216245
0.215953
0.215592
0.21514
0.214607
0.214027
0.213384
0.212589
0.212141
0.211756
0.211499
0.21144
0.211248
0.210936
0.210521
0.209988
0.209318
0.208505
0.207516
0.206404
0.205912
0.206325
0.206669
0.206898
0.207032
0.207081
0.20705
0.206936
0.20673
0.206417
0.205966
0.205519
0.205533
0.205741
0.205973
0.206171
0.206338
0.206468
0.20657
0.206632
0.206645
0.206597
0.206633
0.206644
0.206743
0.206902
0.207044
0.207196
0.207365
