1.86258
1.86299
1.8634
1.86381
1.86421
1.86462
1.86503
1.86544
1.86585
1.86626
1.86667
1.86708
1.86749
1.8679
1.86831
1.86872
1.86913
1.86954
1.86995
1.87036
1.87077
1.87117
1.87158
1.87199
1.87239
1.87279
1.87319
1.8736
1.874
1.87439
1.87479
1.87519
1.87558
1.87597
1.87636
1.87675
1.87714
1.87753
1.87791
1.87829
1.87867
1.87905
1.87942
1.8798
1.88017
1.88053
1.8809
1.88126
1.88162
1.88198
1.88233
1.88268
1.88303
1.88337
1.88372
1.88406
1.88439
1.88472
1.88505
1.88538
1.8857
1.88602
1.88633
1.88664
1.88695
1.88725
1.88755
1.88785
1.88814
1.88842
1.88871
1.88899
1.88926
1.88953
1.88979
1.89006
1.89031
1.89056
1.89081
1.89105
1.89129
1.89152
1.89175
1.89197
1.89219
1.89241
1.89261
1.89282
1.89301
1.89321
1.89339
1.89358
1.89375
1.89392
1.89409
1.89425
1.8944
1.89455
1.8947
1.89484
1.89497
1.89509
1.89521
1.89533
1.89544
1.89554
1.89564
1.89573
1.89582
1.8959
1.89597
1.89604
1.8961
1.89616
1.89621
1.89625
1.89629
1.89632
1.89635
1.89637
1.89638
1.89639
1.89639
1.89639
1.89638
1.89636
1.89633
1.89631
1.89627
1.89623
1.89618
1.89613
1.89607
1.896
1.89593
1.89585
1.89576
1.89567
1.89558
1.89547
1.89537
1.89525
1.89513
1.895
1.89487
1.89473
1.89459
1.89444
1.89428
1.89412
1.89395
1.89378
1.8936
1.89341
1.89322
1.89302
1.89282
1.89261
1.8924
1.89218
1.89196
1.89173
1.89149
1.89125
1.89101
1.89076
1.8905
1.89024
1.88998
1.88971
1.88943
1.88915
1.88886
1.88857
1.88828
1.88798
1.88768
1.88737
1.88706
1.88674
1.88642
1.88609
1.88576
1.88543
1.88509
1.88475
1.8844
1.88405
1.8837
1.88334
1.88298
1.88262
1.88225
1.88188
1.88151
1.88113
1.88075
1.88037
1.87998
1.87959
1.8792
1.87881
1.87841
1.87801
1.87761
1.8772
1.8768
1.87639
1.87598
1.87557
1.87515
1.87474
1.87432
1.8739
1.87348
1.87305
1.87263
1.87221
1.87178
1.87135
1.87092
1.87049
1.87006
1.86963
1.8692
1.86877
1.86834
1.86791
1.86747
1.86704
1.86661
1.86617
1.86574
1.86531
1.86487
1.86444
1.86401
1.86358
1.86315
1.86272
1.86229
1.86186
1.86144
1.86101
1.86059
1.86017
1.85974
1.85932
1.8589
1.85849
1.85807
1.85766
1.85725
1.85684
1.85643
1.85603
1.85562
1.85522
1.85482
1.85443
1.85403
1.85364
1.85326
1.85287
1.85249
1.85211
1.85173
1.85136
1.85099
1.85062
1.85026
1.8499
1.84954
1.84919
1.84884
1.8485
1.84815
1.84781
1.84748
1.84715
1.84682
1.8465
1.84618
1.84587
1.84556
1.84525
1.84495
1.84465
1.84436
1.84407
1.84379
1.84351
1.84324
1.84297
1.8427
1.84244
1.84219
1.84194
1.84169
1.84145
1.84122
1.84099
1.84076
1.84054
1.84032
1.84012
1.83991
1.83971
1.83952
1.83933
1.83915
1.83897
1.83879
1.83863
1.83847
1.83831
1.83816
1.83801
1.83788
1.83774
1.83761
1.83749
1.83737
1.83726
1.83716
1.83706
1.83696
1.83687
1.83679
1.83671
1.83664
1.83657
1.83651
1.83646
1.83641
1.83637
1.83633
1.8363
1.83627
1.83625
1.83624
1.83623
1.83623
1.83623
1.83624
1.83625
1.83627
1.8363
1.83633
1.83637
1.83641
1.83646
1.83651
1.83657
1.83663
1.83671
1.83678
1.83686
1.83695
1.83704
1.86258
1.86299
1.8634
1.86381
1.86421
1.86462
1.86503
1.86544
1.86585
1.86626
1.86667
1.86708
1.86749
1.8679
1.86831
1.86872
1.86913
1.86954
1.86995
1.87036
1.87077
1.87117
1.87158
1.87199
1.87239
1.87279
1.87319
1.8736
1.874
1.87439
1.87479
1.87519
1.87558
1.87597
1.87636
1.87675
1.87714
1.87753
1.87791
1.87829
1.87867
1.87905
1.87942
1.8798
1.88017
1.88053
1.8809
1.88126
1.88162
1.88198
1.88233
1.88268
1.88303
1.88337
1.88372
1.88406
1.88439
1.88472
1.88505
1.88538
1.8857
1.88602
1.88633
1.88664
1.88695
1.88725
1.88755
1.88785
1.88814
1.88842
1.88871
1.88899
1.88926
1.88953
1.88979
1.89006
1.89031
1.89056
1.89081
1.89105
1.89129
1.89152
1.89175
1.89197
1.89219
1.89241
1.89261
1.89282
1.89301
1.89321
1.89339
1.89358
1.89375
1.89392
1.89409
1.89425
1.8944
1.89455
1.8947
1.89484
1.89497
1.89509
1.89521
1.89533
1.89544
1.89554
1.89564
1.89573
1.89582
1.8959
1.89597
1.89604
1.8961
1.89616
1.89621
1.89625
1.89629
1.89632
1.89635
1.89637
1.89638
1.89639
1.89639
1.89639
1.89638
1.89636
1.89633
1.89631
1.89627
1.89623
1.89618
1.89613
1.89607
1.896
1.89593
1.89585
1.89576
1.89567
1.89558
1.89547
1.89537
1.89525
1.89513
1.895
1.89487
1.89473
1.89459
1.89444
1.89428
1.89412
1.89395
1.89378
1.8936
1.89341
1.89322
1.89302
1.89282
1.89261
1.8924
1.89218
1.89196
1.89173
1.89149
1.89125
1.89101
1.89076
1.8905
1.89024
1.88998
1.88971
1.88943
1.88915
1.88886
1.88857
1.88828
1.88798
1.88768
1.88737
1.88706
1.88674
1.88642
1.88609
1.88576
1.88543
1.88509
1.88475
1.8844
1.88405
1.8837
1.88334
1.88298
1.88262
1.88225
1.88188
1.88151
1.88113
1.88075
1.88037
1.87998
1.87959
1.8792
1.87881
1.87841
1.87801
1.87761
1.8772
1.8768
1.87639
1.87598
1.87557
1.87515
1.87474
1.87432
1.8739
1.87348
1.87305
1.87263
1.87221
1.87178
1.87135
1.87092
1.87049
1.87006
1.86963
1.8692
1.86877
1.86834
1.86791
1.86747
1.86704
1.86661
1.86617
1.86574
1.86531
1.86487
1.86444
1.86401
1.86358
1.86315
1.86272
1.86229
1.86186
1.86144
1.86101
1.86059
1.86017
1.85974
1.85932
1.8589
1.85849
1.85807
1.85766
1.85725
1.85684
1.85643
1.85603
1.85562
1.85522
1.85482
1.85443
1.85403
1.85364
1.85326
1.85287
1.85249
1.85211
1.85173
1.85136
1.85099
1.85062
1.85026
1.8499
1.84954
1.84919
1.84884
1.8485
1.84815
1.84781
1.84748
1.84715
1.84682
1.8465
1.84618
1.84587
1.84556
1.84525
1.84495
1.84465
1.84436
1.84407
1.84379
1.84351
1.84324
1.84297
1.8427
1.84244
1.84219
1.84194
1.84169
1.84145
1.84122
1.84099
1.84076
1.84054
1.84032
1.84012
1.83991
1.83971
1.83952
1.83933
1.83915
1.83897
1.83879
1.83863
1.83847
1.83831
1.83816
1.83801
1.83788
1.83774
1.83761
1.83749
1.83737
1.83726
1.83716
1.83706
1.83696
1.83687
1.83679
1.83671
1.83664
1.83657
1.83651
1.83646
1.83641
1.83637
1.83633
1.8363
1.83627
1.83625
1.83624
1.83623
1.83623
1.83623
1.83624
1.83625
1.83627
1.8363
1.83633
1.83637
1.83641
1.83646
1.83651
1.83657
1.83663
1.83671
1.83678
1.83686
1.83695
1.83704
0.137332
0.13866
0.139881
0.140998
0.142016
0.142936
0.143763
0.144512
0.145387
0.146484
0.147678
0.14889
0.150002
0.15105
0.152019
0.152872
0.153627
0.154305
0.15487
0.155313
0.155619
0.155775
0.155963
0.15603
0.155986
0.156193
0.156456
0.1566
0.156709
0.156837
0.157146
0.157341
0.157411
0.157369
0.157157
0.156688
0.156583
0.156438
0.156129
0.155628
0.154912
0.154801
0.155039
0.155207
0.155309
0.155357
0.155327
0.155239
0.155246
0.155238
0.155387
0.155542
0.155641
0.155682
0.155681
0.155631
0.155545
0.155599
0.155772
0.155922
0.156042
0.156123
0.156162
0.156148
0.156153
0.156148
0.156126
0.156133
0.156116
0.156122
0.156112
0.156067
0.155997
0.155961
0.155924
0.155857
0.155759
0.155628
0.155547
0.155457
0.155349
0.155238
0.155101
0.154936
0.154776
0.154606
0.154435
0.154233
0.154009
0.153808
0.153597
0.153361
0.15315
0.152916
0.152654
0.152364
0.152051
0.15176
0.151461
0.151132
0.150811
0.150544
0.150259
0.150058
0.14988
0.149772
0.149701
0.149606
0.14948
0.149323
0.149136
0.148922
0.148679
0.148408
0.14811
0.147784
0.147429
0.147044
0.146626
0.146177
0.14577
0.14546
0.145212
0.145013
0.144796
0.144593
0.144411
0.144195
0.143966
0.143774
0.143564
0.143324
0.143055
0.142761
0.142522
0.14226
0.142041
0.141957
0.141828
0.141648
0.141598
0.141601
0.141571
0.141487
0.141354
0.141222
0.141096
0.140938
0.140981
0.140943
0.14083
0.140649
0.140683
0.141371
0.141915
0.142319
0.142603
0.142807
0.142937
0.143717
0.144462
0.145122
0.146355
0.147331
0.148088
0.148651
0.149045
0.149295
0.150066
0.152122
0.153945
0.155493
0.156774
0.157804
0.158594
0.159163
0.160168
0.161046
0.162077
0.163079
0.163876
0.164451
0.164794
0.164885
0.164828
0.165194
0.165643
0.165866
0.165856
0.16558
0.165377
0.165059
0.164619
0.164138
0.163446
0.162532
0.161429
0.160305
0.15989
0.159269
0.1584
0.157836
0.157746
0.157497
0.157282
0.157039
0.156694
0.156244
0.155686
0.155043
0.154295
0.153417
0.15242
0.151321
0.150065
0.148911
0.148003
0.147659
0.147728
0.147796
0.147817
0.147791
0.147715
0.147591
0.147415
0.147186
0.146902
0.146557
0.146147
0.145665
0.145099
0.144433
0.14374
0.143166
0.142756
0.142621
0.142523
0.142483
0.142486
0.142452
0.14239
0.14232
0.142219
0.142075
0.141883
0.141635
0.141528
0.141376
0.141246
0.141501
0.141754
0.141923
0.142239
0.142666
0.143114
0.143492
0.143802
0.144104
0.14442
0.144668
0.145521
0.146238
0.146818
0.147279
0.14784
0.149269
0.150551
0.151661
0.152626
0.153492
0.154249
0.155186
0.156076
0.156881
0.157936
0.15886
0.159653
0.160332
0.160915
0.161415
0.161928
0.162629
0.16327
0.163844
0.164357
0.164797
0.165165
0.165464
0.165778
0.166044
0.166298
0.166508
0.166668
0.166784
0.166856
0.166877
0.166866
0.166931
0.166967
0.166956
0.166901
0.166801
0.166711
0.166592
0.166443
0.16631
0.166141
0.165934
0.165713
0.165475
0.165241
0.164974
0.164678
0.164412
0.164129
0.163814
0.163516
0.163187
0.162821
0.162418
0.161982
0.161563
0.161137
0.160674
0.160198
0.159775
0.15932
0.158936
0.158572
0.158302
0.158079
0.157821
0.157523
0.157184
0.156808
0.156393
0.15594
0.155449
0.15492
0.15435
0.153738
0.153082
0.152378
0.151618
0.150847
0.150118
0.149441
0.148872
0.148304
0.14777
0.147262
0.146705
0.146103
0.145482
0.144819
0.144095
0.143302
0.14243
0.141517
0.140551
0.143687
0.143767
0.143791
0.143755
0.143654
0.143482
0.14323
0.142908
0.142736
0.142854
0.143169
0.143601
0.144029
0.144481
0.144937
0.145356
0.145752
0.146144
0.146499
0.146809
0.14707
0.14729
0.147653
0.147951
0.14824
0.14889
0.149595
0.150198
0.150809
0.151502
0.152408
0.153234
0.153986
0.154705
0.155382
0.156035
0.157212
0.158212
0.159053
0.159785
0.160457
0.161857
0.163432
0.164804
0.166022
0.167133
0.168137
0.169084
0.170154
0.171265
0.172551
0.173681
0.174677
0.175572
0.176407
0.177189
0.177954
0.178873
0.179846
0.180739
0.181558
0.182304
0.182984
0.183603
0.184232
0.184806
0.185336
0.185873
0.186363
0.186857
0.187321
0.187739
0.188124
0.188536
0.188924
0.189262
0.189552
0.189797
0.190083
0.190339
0.190562
0.190769
0.190936
0.191063
0.191184
0.191287
0.191381
0.191433
0.191456
0.191497
0.191512
0.19149
0.191483
0.19143
0.191329
0.191184
0.190999
0.190822
0.190622
0.190378
0.190129
0.189923
0.189688
0.189531
0.189396
0.189332
0.189286
0.189184
0.189023
0.188806
0.188537
0.188215
0.18784
0.187412
0.18693
0.186392
0.185796
0.18514
0.184419
0.183635
0.182864
0.182168
0.181512
0.180885
0.180221
0.179544
0.178858
0.178103
0.177297
0.176481
0.175597
0.174626
0.173565
0.17241
0.171246
0.169993
0.16871
0.167518
0.166239
0.164859
0.163555
0.162265
0.160895
0.159412
0.157807
0.156117
0.154336
0.152406
0.150589
0.148621
0.146475
0.144132
0.141853
0.140214
0.138458
0.136557
0.134503
0.132303
0.129932
0.128127
0.12622
0.124104
0.12257
0.120883
0.119025
0.116976
0.114713
0.112215
0.110118
0.109476
0.108843
0.108129
0.107303
0.106344
0.105226
0.103933
0.103235
0.102615
0.102389
0.102358
0.102301
0.102192
0.102016
0.101753
0.101518
0.101933
0.102531
0.103004
0.103367
0.103634
0.104154
0.104618
0.10507
0.105605
0.106066
0.106462
0.106847
0.107413
0.108804
0.110079
0.111247
0.112864
0.114852
0.116618
0.118382
0.119973
0.121376
0.122627
0.123751
0.124794
0.125752
0.126618
0.127422
0.128198
0.128916
0.129849
0.131147
0.133036
0.13521
0.137187
0.138964
0.140569
0.142025
0.143344
0.144539
0.145618
0.146587
0.147453
0.14822
0.14889
0.149465
0.149947
0.150421
0.150996
0.151659
0.152513
0.153306
0.154069
0.154783
0.155372
0.155847
0.156228
0.15649
0.156622
0.156616
0.156462
0.156379
0.156159
0.155871
0.155943
0.155972
0.155864
0.155848
0.155919
0.155967
0.155882
0.15565
0.155311
0.154871
0.154218
0.154118
0.153896
0.153518
0.152968
0.152433
0.152834
0.153212
0.153513
0.15374
0.153916
0.15401
0.154307
0.154584
0.154777
0.155272
0.155729
0.156131
0.156478
0.156773
0.157013
0.157288
0.157808
0.158338
0.158854
0.159355
0.159819
0.16024
0.160617
0.161041
0.161451
0.161885
0.162308
0.162709
0.163088
0.163444
0.163766
0.164073
0.164475
0.164863
0.165218
0.165539
0.165825
0.166134
0.166428
0.166703
0.167003
0.167272
0.167507
0.167732
0.167946
0.168166
0.168352
0.168507
0.168695
0.168867
0.169005
0.169162
0.16929
0.169382
0.169438
0.169462
0.169505
0.169541
0.169542
0.169531
0.169576
0.169592
0.169683
0.169797
0.170011
0.170271
0.170491
0.170665
0.170798
0.170891
0.170945
0.170962
0.17094
0.170881
0.170784
0.170648
0.170473
0.170256
0.169997
0.169746
0.169551
0.16941
0.169379
0.169346
0.169348
0.169379
0.169367
0.169318
0.169264
0.169185
0.169066
0.168907
0.168709
0.168519
0.168297
0.544716
0.544447
0.544213
0.543963
0.543718
0.543415
0.54304
0.542594
0.542076
0.541575
0.541023
0.540446
0.53981
0.539098
0.538303
0.537442
0.536529
0.535581
0.534622
0.53374
0.532835
0.531854
0.530817
0.529696
0.528475
0.527153
0.525721
0.524211
0.522733
0.521178
0.519528
0.517829
0.516264
0.514616
0.512839
0.510985
0.509074
0.507193
0.505369
0.503442
0.501369
0.499417
0.49723
0.494788
0.492543
0.49027
0.488233
0.48594
0.483379
0.480783
0.477975
0.474823
0.471353
0.468854
0.466296
0.463341
0.460121
0.457191
0.455358
0.453252
0.452
0.45083
0.449685
0.448114
0.446541
0.44555
0.444064
0.442033
0.439945
0.440097
0.440002
0.439709
0.440174
0.440403
0.440749
0.440673
0.440211
0.440537
0.44061
0.440517
0.442327
0.444951
0.44763
0.450614
0.453424
0.456387
0.459336
0.462354
0.46518
0.467787
0.470396
0.472757
0.474868
0.476748
0.478403
0.480076
0.482279
0.484549
0.486991
0.489994
0.493071
0.496056
0.498875
0.501498
0.503923
0.506167
0.508249
0.510189
0.512177
0.514384
0.516457
0.518396
0.520214
0.521944
0.523868
0.525774
0.527669
0.529548
0.531272
0.53285
0.534291
0.535638
0.536884
0.538035
0.539088
0.540027
0.540847
0.541587
0.54227
0.543029
0.543822
0.544543
0.545142
0.545629
0.546031
0.546302
0.546427
0.546405
0.54623
0.545926
0.545476
0.544859
0.544138
0.543486
0.54281
0.542025
0.541041
0.539868
0.538728
0.537714
0.53659
0.535299
0.533822
0.532126
0.530155
0.527869
0.52643
0.524995
0.523463
0.521754
0.519836
0.51796
0.516034
0.513865
0.511425
0.510169
0.508786
0.507236
0.505555
0.503962
0.503248
0.502443
0.501595
0.500706
0.499793
0.498766
0.497956
0.497586
0.497129
0.496576
0.49594
0.495551
0.495151
0.494695
0.494441
0.494198
0.493918
0.493572
0.493162
0.493102
0.493059
0.493032
0.493215
0.493515
0.493782
0.494044
0.494269
0.494527
0.494935
0.495327
0.495684
0.496028
0.496461
0.496879
0.497257
0.497592
0.497884
0.49815
0.498455
0.498752
0.499049
0.499572
0.500184
0.500865
0.501621
0.502365
0.503055
0.503694
0.504299
0.50489
0.50545
0.506025
0.50655
0.50702
0.507435
0.507819
0.50827
0.508745
0.509568
0.510628
0.511606
0.512505
0.513327
0.514379
0.515672
0.516915
0.518097
0.519209
0.520242
0.521208
0.522121
0.52312
0.524226
0.525327
0.526384
0.527744
0.530159
0.532891
0.535449
0.537842
0.540077
0.54218
0.544341
0.54649
0.548501
0.550387
0.552591
0.555398
0.558041
0.560429
0.562574
0.564753
0.568149
0.571321
0.574261
0.577632
0.580837
0.5838
0.586545
0.589085
0.592347
0.59559
0.598367
0.602759
0.606607
0.609952
0.612858
0.615556
0.618133
0.620376
0.622357
0.624094
0.625626
0.626914
0.628758
0.630612
0.632053
0.633124
0.63388
0.63475
0.635382
0.635707
0.635765
0.635673
0.63535
0.634796
0.634203
0.63341
0.632567
0.631488
0.630172
0.628661
0.626968
0.625111
0.623119
0.62098
0.618609
0.615976
0.613059
0.610372
0.607966
0.605503
0.602858
0.600028
0.597031
0.593869
0.590497
0.586899
0.583065
0.579036
0.575239
0.571661
0.567837
0.563871
0.560078
0.557076
0.554089
0.550941
0.547611
0.544094
0.540411
0.536553
0.53258
0.528557
0.524311
0.51982
0.515068
0.510821
0.508411
0.505966
0.504322
0.503052
0.50162
0.500027
0.498275
0.496435
0.494569
0.492542
0.490356
0.488001
0.485461
0.482752
0.480203
0.478072
0.476411
0.476277
0.476549
0.476961
0.477953
0.478973
0.544716
0.544447
0.544213
0.543963
0.543718
0.543415
0.54304
0.542594
0.542076
0.541575
0.541023
0.540446
0.53981
0.539098
0.538303
0.537442
0.536529
0.535581
0.534622
0.53374
0.532835
0.531854
0.530817
0.529696
0.528475
0.527153
0.525721
0.524211
0.522733
0.521178
0.519528
0.517829
0.516264
0.514616
0.512839
0.510985
0.509074
0.507193
0.505369
0.503442
0.501369
0.499417
0.49723
0.494788
0.492543
0.49027
0.488233
0.48594
0.483379
0.480783
0.477975
0.474823
0.471353
0.468854
0.466296
0.463341
0.460121
0.457191
0.455358
0.453252
0.452
0.45083
0.449685
0.448114
0.446541
0.44555
0.444064
0.442033
0.439945
0.440097
0.440002
0.439709
0.440174
0.440403
0.440749
0.440673
0.440211
0.440537
0.44061
0.440517
0.442327
0.444951
0.44763
0.450614
0.453424
0.456387
0.459336
0.462354
0.46518
0.467787
0.470396
0.472757
0.474868
0.476748
0.478403
0.480076
0.482279
0.484549
0.486991
0.489994
0.493071
0.496056
0.498875
0.501498
0.503923
0.506167
0.508249
0.510189
0.512177
0.514384
0.516457
0.518396
0.520214
0.521944
0.523868
0.525774
0.527669
0.529548
0.531272
0.53285
0.534291
0.535638
0.536884
0.538035
0.539088
0.540027
0.540847
0.541587
0.54227
0.543029
0.543822
0.544543
0.545142
0.545629
0.546031
0.546302
0.546427
0.546405
0.54623
0.545926
0.545476
0.544859
0.544138
0.543486
0.54281
0.542025
0.541041
0.539868
0.538728
0.537714
0.53659
0.535299
0.533822
0.532126
0.530155
0.527869
0.52643
0.524995
0.523463
0.521754
0.519836
0.51796
0.516034
0.513865
0.511425
0.510169
0.508786
0.507236
0.505555
0.503962
0.503248
0.502443
0.501595
0.500706
0.499793
0.498766
0.497956
0.497586
0.497129
0.496576
0.49594
0.495551
0.495151
0.494695
0.494441
0.494198
0.493918
0.493572
0.493162
0.493102
0.493059
0.493032
0.493215
0.493515
0.493782
0.494044
0.494269
0.494527
0.494935
0.495327
0.495684
0.496028
0.496461
0.496879
0.497257
0.497592
0.497884
0.49815
0.498455
0.498752
0.499049
0.499572
0.500184
0.500865
0.501621
0.502365
0.503055
0.503694
0.504299
0.50489
0.50545
0.506025
0.50655
0.50702
0.507435
0.507819
0.50827
0.508745
0.509568
0.510628
0.511606
0.512505
0.513327
0.514379
0.515672
0.516915
0.518097
0.519209
0.520242
0.521208
0.522121
0.52312
0.524226
0.525327
0.526384
0.527744
0.530159
0.532891
0.535449
0.537842
0.540077
0.54218
0.544341
0.54649
0.548501
0.550387
0.552591
0.555398
0.558041
0.560429
0.562574
0.564753
0.568149
0.571321
0.574261
0.577632
0.580837
0.5838
0.586545
0.589085
0.592347
0.59559
0.598367
0.602759
0.606607
0.609952
0.612858
0.615556
0.618133
0.620376
0.622357
0.624094
0.625626
0.626914
0.628758
0.630612
0.632053
0.633124
0.63388
0.63475
0.635382
0.635707
0.635765
0.635673
0.63535
0.634796
0.634203
0.63341
0.632567
0.631488
0.630172
0.628661
0.626968
0.625111
0.623119
0.62098
0.618609
0.615976
0.613059
0.610372
0.607966
0.605503
0.602858
0.600028
0.597031
0.593869
0.590497
0.586899
0.583065
0.579036
0.575239
0.571661
0.567837
0.563871
0.560078
0.557076
0.554089
0.550941
0.547611
0.544094
0.540411
0.536553
0.53258
0.528557
0.524311
0.51982
0.515068
0.510821
0.508411
0.505966
0.504322
0.503052
0.50162
0.500027
0.498275
0.496435
0.494569
0.492542
0.490356
0.488001
0.485461
0.482752
0.480203
0.478072
0.476411
0.476277
0.476549
0.476961
0.477953
0.478973
0.137332
0.13866
0.139881
0.140998
0.142016
0.142936
0.143763
0.144512
0.145387
0.146484
0.147678
0.14889
0.150002
0.15105
0.152019
0.152872
0.153627
0.154305
0.15487
0.155313
0.155619
0.155775
0.155963
0.15603
0.155986
0.156193
0.156456
0.1566
0.156709
0.156837
0.157146
0.157341
0.157411
0.157369
0.157157
0.156688
0.156583
0.156438
0.156129
0.155628
0.154912
0.154801
0.155039
0.155207
0.155309
0.155357
0.155327
0.155239
0.155246
0.155238
0.155387
0.155542
0.155641
0.155682
0.155681
0.155631
0.155545
0.155599
0.155772
0.155922
0.156042
0.156123
0.156162
0.156148
0.156153
0.156148
0.156126
0.156133
0.156116
0.156122
0.156112
0.156067
0.155997
0.155961
0.155924
0.155857
0.155759
0.155628
0.155547
0.155457
0.155349
0.155238
0.155101
0.154936
0.154776
0.154606
0.154435
0.154233
0.154009
0.153808
0.153597
0.153361
0.15315
0.152916
0.152654
0.152364
0.152051
0.15176
0.151461
0.151132
0.150811
0.150544
0.150259
0.150058
0.14988
0.149772
0.149701
0.149606
0.14948
0.149323
0.149136
0.148922
0.148679
0.148408
0.14811
0.147784
0.147429
0.147044
0.146626
0.146177
0.14577
0.14546
0.145212
0.145013
0.144796
0.144593
0.144411
0.144195
0.143966
0.143774
0.143564
0.143324
0.143055
0.142761
0.142522
0.14226
0.142041
0.141957
0.141828
0.141648
0.141598
0.141601
0.141571
0.141487
0.141354
0.141222
0.141096
0.140938
0.140981
0.140943
0.14083
0.140649
0.140683
0.141371
0.141915
0.142319
0.142603
0.142807
0.142937
0.143717
0.144462
0.145122
0.146355
0.147331
0.148088
0.148651
0.149045
0.149295
0.150066
0.152122
0.153945
0.155493
0.156774
0.157804
0.158594
0.159163
0.160168
0.161046
0.162077
0.163079
0.163876
0.164451
0.164794
0.164885
0.164828
0.165194
0.165643
0.165866
0.165856
0.16558
0.165377
0.165059
0.164619
0.164138
0.163446
0.162532
0.161429
0.160305
0.15989
0.159269
0.1584
0.157836
0.157746
0.157497
0.157282
0.157039
0.156694
0.156244
0.155686
0.155043
0.154295
0.153417
0.15242
0.151321
0.150065
0.148911
0.148003
0.147659
0.147728
0.147796
0.147817
0.147791
0.147715
0.147591
0.147415
0.147186
0.146902
0.146557
0.146147
0.145665
0.145099
0.144433
0.14374
0.143166
0.142756
0.142621
0.142523
0.142483
0.142486
0.142452
0.14239
0.14232
0.142219
0.142075
0.141883
0.141635
0.141528
0.141376
0.141246
0.141501
0.141754
0.141923
0.142239
0.142666
0.143114
0.143492
0.143802
0.144104
0.14442
0.144668
0.145521
0.146238
0.146818
0.147279
0.14784
0.149269
0.150551
0.151661
0.152626
0.153492
0.154249
0.155186
0.156076
0.156881
0.157936
0.15886
0.159653
0.160332
0.160915
0.161415
0.161928
0.162629
0.16327
0.163844
0.164357
0.164797
0.165165
0.165464
0.165778
0.166044
0.166298
0.166508
0.166668
0.166784
0.166856
0.166877
0.166866
0.166931
0.166967
0.166956
0.166901
0.166801
0.166711
0.166592
0.166443
0.16631
0.166141
0.165934
0.165713
0.165475
0.165241
0.164974
0.164678
0.164412
0.164129
0.163814
0.163516
0.163187
0.162821
0.162418
0.161982
0.161563
0.161137
0.160674
0.160198
0.159775
0.15932
0.158936
0.158572
0.158302
0.158079
0.157821
0.157523
0.157184
0.156808
0.156393
0.15594
0.155449
0.15492
0.15435
0.153738
0.153082
0.152378
0.151618
0.150847
0.150118
0.149441
0.148872
0.148304
0.14777
0.147262
0.146705
0.146103
0.145482
0.144819
0.144095
0.143302
0.14243
0.141517
0.140551
0.143687
0.143767
0.143791
0.143755
0.143654
0.143482
0.14323
0.142908
0.142736
0.142854
0.143169
0.143601
0.144029
0.144481
0.144937
0.145356
0.145752
0.146144
0.146499
0.146809
0.14707
0.14729
0.147653
0.147951
0.14824
0.14889
0.149595
0.150198
0.150809
0.151502
0.152408
0.153234
0.153986
0.154705
0.155382
0.156035
0.157212
0.158212
0.159053
0.159785
0.160457
0.161857
0.163432
0.164804
0.166022
0.167133
0.168137
0.169084
0.170154
0.171265
0.172551
0.173681
0.174677
0.175572
0.176407
0.177189
0.177954
0.178873
0.179846
0.180739
0.181558
0.182304
0.182984
0.183603
0.184232
0.184806
0.185336
0.185873
0.186363
0.186857
0.187321
0.187739
0.188124
0.188536
0.188924
0.189262
0.189552
0.189797
0.190083
0.190339
0.190562
0.190769
0.190936
0.191063
0.191184
0.191287
0.191381
0.191433
0.191456
0.191497
0.191512
0.19149
0.191483
0.19143
0.191329
0.191184
0.190999
0.190822
0.190622
0.190378
0.190129
0.189923
0.189688
0.189531
0.189396
0.189332
0.189286
0.189184
0.189023
0.188806
0.188537
0.188215
0.18784
0.187412
0.18693
0.186392
0.185796
0.18514
0.184419
0.183635
0.182864
0.182168
0.181512
0.180885
0.180221
0.179544
0.178858
0.178103
0.177297
0.176481
0.175597
0.174626
0.173565
0.17241
0.171246
0.169993
0.16871
0.167518
0.166239
0.164859
0.163555
0.162265
0.160895
0.159412
0.157807
0.156117
0.154336
0.152406
0.150589
0.148621
0.146475
0.144132
0.141853
0.140214
0.138458
0.136557
0.134503
0.132303
0.129932
0.128127
0.12622
0.124104
0.12257
0.120883
0.119025
0.116976
0.114713
0.112215
0.110118
0.109476
0.108843
0.108129
0.107303
0.106344
0.105226
0.103933
0.103235
0.102615
0.102389
0.102358
0.102301
0.102192
0.102016
0.101753
0.101518
0.101933
0.102531
0.103004
0.103367
0.103634
0.104154
0.104618
0.10507
0.105605
0.106066
0.106462
0.106847
0.107413
0.108804
0.110079
0.111247
0.112864
0.114852
0.116618
0.118382
0.119973
0.121376
0.122627
0.123751
0.124794
0.125752
0.126618
0.127422
0.128198
0.128916
0.129849
0.131147
0.133036
0.13521
0.137187
0.138964
0.140569
0.142025
0.143344
0.144539
0.145618
0.146587
0.147453
0.14822
0.14889
0.149465
0.149947
0.150421
0.150996
0.151659
0.152513
0.153306
0.154069
0.154783
0.155372
0.155847
0.156228
0.15649
0.156622
0.156616
0.156462
0.156379
0.156159
0.155871
0.155943
0.155972
0.155864
0.155848
0.155919
0.155967
0.155882
0.15565
0.155311
0.154871
0.154218
0.154118
0.153896
0.153518
0.152968
0.152433
0.152834
0.153212
0.153513
0.15374
0.153916
0.15401
0.154307
0.154584
0.154777
0.155272
0.155729
0.156131
0.156478
0.156773
0.157013
0.157288
0.157808
0.158338
0.158854
0.159355
0.159819
0.16024
0.160617
0.161041
0.161451
0.161885
0.162308
0.162709
0.163088
0.163444
0.163766
0.164073
0.164475
0.164863
0.165218
0.165539
0.165825
0.166134
0.166428
0.166703
0.167003
0.167272
0.167507
0.167732
0.167946
0.168166
0.168352
0.168507
0.168695
0.168867
0.169005
0.169162
0.16929
0.169382
0.169438
0.169462
0.169505
0.169541
0.169542
0.169531
0.169576
0.169592
0.169683
0.169797
0.170011
0.170271
0.170491
0.170665
0.170798
0.170891
0.170945
0.170962
0.17094
0.170881
0.170784
0.170648
0.170473
0.170256
0.169997
0.169746
0.169551
0.16941
0.169379
0.169346
0.169348
0.169379
0.169367
0.169318
0.169264
0.169185
0.169066
0.168907
0.168709
0.168519
0.168297
0.158771
0.158535
0.158254
0.157928
0.157553
0.157129
0.156652
0.156122
0.155594
0.1551
0.154688
0.154298
0.15397
0.15361
0.153248
0.152844
0.152399
0.151892
0.151326
0.15069
0.149974
0.149172
0.148327
0.147418
0.146422
0.145403
0.144476
0.143466
0.142379
0.141189
0.140109
0.138999
0.137795
0.1365
0.135066
0.133471
0.131915
0.130348
0.128622
0.126722
0.124656
0.12271
0.121342
0.119841
0.118196
0.116387
0.11443
0.11228
0.110009
0.108169
0.106676
0.105294
0.103759
0.102058
0.100159
0.0980878
0.095809
0.0939297
0.0933011
0.0927397
0.0920888
0.0913195
0.0904069
0.0893233
0.0885775
0.0881862
0.0877647
0.087488
0.0875431
0.0875376
0.0874593
0.0873019
0.0873755
0.0877609
0.0883833
0.0889087
0.0893425
0.0898027
0.0905964
0.0912848
0.0918678
0.0924216
0.0929527
0.0935606
0.094987
0.0963807
0.0977018
0.098944
0.100707
0.102794
0.104683
0.106421
0.108181
0.109739
0.111131
0.112385
0.113533
0.114587
0.115551
0.116448
0.117477
0.118489
0.119744
0.121456
0.12346
0.125598
0.127658
0.129515
0.131195
0.132722
0.13411
0.13537
0.136514
0.137549
0.13848
0.139311
0.140048
0.140692
0.141245
0.141722
0.142371
0.143251
0.144176
0.145043
0.14583
0.146502
0.1471
0.147605
0.147998
0.148282
0.148473
0.148551
0.148498
0.148311
0.148127
0.147863
0.147531
0.147262
0.147211
0.147051
0.146854
0.146529
0.146347
0.146163
0.145851
0.145427
0.14482
0.143999
0.143439
0.143079
0.142576
0.141916
0.141134
0.140551
0.140715
0.140808
0.14083
0.140778
0.140682
0.140523
0.140292
0.140233
0.140349
0.140558
0.140727
0.140868
0.140962
0.141035
0.141068
0.141139
0.141406
0.141684
0.141936
0.142159
0.142352
0.142507
0.142684
0.142884
0.143061
0.143235
0.143479
0.143715
0.143926
0.144109
0.144273
0.144437
0.14464
0.144821
0.144978
0.145138
0.145335
0.145523
0.145686
0.145836
0.145979
0.146105
0.14624
0.14635
0.146455
0.146547
0.146625
0.146712
0.146816
0.146905
0.146997
0.147074
0.147125
0.147157
0.147188
0.147214
0.147219
0.147217
0.147239
0.14725
0.14729
0.147368
0.147481
0.147661
0.147902
0.148129
0.148323
0.148485
0.148617
0.14872
0.148794
0.14884
0.148857
0.148846
0.148805
0.148733
0.14863
0.148497
0.148413
0.148438
0.148515
0.148592
0.148672
0.148722
0.148776
0.148839
0.148871
0.148879
0.148906
0.148928
0.148918
0.148878
0.148862
0.148809
0.148839
0.148961
0.149032
0.149069
0.149262
0.149431
0.149549
0.149621
0.149647
0.1497
0.149703
0.149652
0.149751
0.149774
0.149712
0.149576
0.149749
0.15042
0.150908
0.151231
0.151414
0.151474
0.151658
0.152383
0.15295
0.153405
0.154356
0.154969
0.155332
0.1555
0.155501
0.155475
0.15601
0.157552
0.158765
0.159705
0.160368
0.160775
0.160947
0.160891
0.161201
0.161537
0.161803
0.161851
0.161907
0.161751
0.16137
0.160761
0.160071
0.159525
0.15927
0.158819
0.158146
0.157274
0.156463
0.155577
0.154487
0.153323
0.152095
0.150674
0.149098
0.147301
0.145942
0.14488
0.143623
0.142325
0.141812
0.141264
0.14072
0.140222
0.139633
0.138954
0.138197
0.137355
0.136408
0.135353
0.134201
0.132926
0.131538
0.130072
0.128716
0.127982
0.127912
0.127973
0.127995
0.127977
0.127918
0.127817
0.127673
0.127483
0.127245
0.126955
0.12661
0.126204
0.12573
0.125181
0.124615
0.124135
0.123892
0.123766
0.123844
0.123932
0.124079
0.124238
0.124377
0.124486
0.124582
0.124647
0.124675
0.124658
0.124762
0.124839
0.158771
0.158535
0.158254
0.157928
0.157553
0.157129
0.156652
0.156122
0.155594
0.1551
0.154688
0.154298
0.15397
0.15361
0.153248
0.152844
0.152399
0.151892
0.151326
0.15069
0.149974
0.149172
0.148327
0.147418
0.146422
0.145403
0.144476
0.143466
0.142379
0.141189
0.140109
0.138999
0.137795
0.1365
0.135066
0.133471
0.131915
0.130348
0.128622
0.126722
0.124656
0.12271
0.121342
0.119841
0.118196
0.116387
0.11443
0.11228
0.110009
0.108169
0.106676
0.105294
0.103759
0.102058
0.100159
0.0980878
0.095809
0.0939297
0.0933011
0.0927397
0.0920888
0.0913195
0.0904069
0.0893233
0.0885775
0.0881862
0.0877647
0.087488
0.0875431
0.0875376
0.0874593
0.0873019
0.0873755
0.0877609
0.0883833
0.0889087
0.0893425
0.0898027
0.0905964
0.0912848
0.0918678
0.0924216
0.0929527
0.0935606
0.094987
0.0963807
0.0977018
0.098944
0.100707
0.102794
0.104683
0.106421
0.108181
0.109739
0.111131
0.112385
0.113533
0.114587
0.115551
0.116448
0.117477
0.118489
0.119744
0.121456
0.12346
0.125598
0.127658
0.129515
0.131195
0.132722
0.13411
0.13537
0.136514
0.137549
0.13848
0.139311
0.140048
0.140692
0.141245
0.141722
0.142371
0.143251
0.144176
0.145043
0.14583
0.146502
0.1471
0.147605
0.147998
0.148282
0.148473
0.148551
0.148498
0.148311
0.148127
0.147863
0.147531
0.147262
0.147211
0.147051
0.146854
0.146529
0.146347
0.146163
0.145851
0.145427
0.14482
0.143999
0.143439
0.143079
0.142576
0.141916
0.141134
0.140551
0.140715
0.140808
0.14083
0.140778
0.140682
0.140523
0.140292
0.140233
0.140349
0.140558
0.140727
0.140868
0.140962
0.141035
0.141068
0.141139
0.141406
0.141684
0.141936
0.142159
0.142352
0.142507
0.142684
0.142884
0.143061
0.143235
0.143479
0.143715
0.143926
0.144109
0.144273
0.144437
0.14464
0.144821
0.144978
0.145138
0.145335
0.145523
0.145686
0.145836
0.145979
0.146105
0.14624
0.14635
0.146455
0.146547
0.146625
0.146712
0.146816
0.146905
0.146997
0.147074
0.147125
0.147157
0.147188
0.147214
0.147219
0.147217
0.147239
0.14725
0.14729
0.147368
0.147481
0.147661
0.147902
0.148129
0.148323
0.148485
0.148617
0.14872
0.148794
0.14884
0.148857
0.148846
0.148805
0.148733
0.14863
0.148497
0.148413
0.148438
0.148515
0.148592
0.148672
0.148722
0.148776
0.148839
0.148871
0.148879
0.148906
0.148928
0.148918
0.148878
0.148862
0.148809
0.148839
0.148961
0.149032
0.149069
0.149262
0.149431
0.149549
0.149621
0.149647
0.1497
0.149703
0.149652
0.149751
0.149774
0.149712
0.149576
0.149749
0.15042
0.150908
0.151231
0.151414
0.151474
0.151658
0.152383
0.15295
0.153405
0.154356
0.154969
0.155332
0.1555
0.155501
0.155475
0.15601
0.157552
0.158765
0.159705
0.160368
0.160775
0.160947
0.160891
0.161201
0.161537
0.161803
0.161851
0.161907
0.161751
0.16137
0.160761
0.160071
0.159525
0.15927
0.158819
0.158146
0.157274
0.156463
0.155577
0.154487
0.153323
0.152095
0.150674
0.149098
0.147301
0.145942
0.14488
0.143623
0.142325
0.141812
0.141264
0.14072
0.140222
0.139633
0.138954
0.138197
0.137355
0.136408
0.135353
0.134201
0.132926
0.131538
0.130072
0.128716
0.127982
0.127912
0.127973
0.127995
0.127977
0.127918
0.127817
0.127673
0.127483
0.127245
0.126955
0.12661
0.126204
0.12573
0.125181
0.124615
0.124135
0.123892
0.123766
0.123844
0.123932
0.124079
0.124238
0.124377
0.124486
0.124582
0.124647
0.124675
0.124658
0.124762
0.124839
0.137332
0.13866
0.139881
0.140998
0.142016
0.142936
0.143763
0.144512
0.145387
0.146484
0.147678
0.14889
0.150002
0.15105
0.152019
0.152872
0.153627
0.154305
0.15487
0.155313
0.155619
0.155775
0.155963
0.15603
0.155986
0.156193
0.156456
0.1566
0.156709
0.156837
0.157146
0.157341
0.157411
0.157369
0.157157
0.156688
0.156583
0.156438
0.156129
0.155628
0.154912
0.154801
0.155039
0.155207
0.155309
0.155357
0.155327
0.155239
0.155246
0.155238
0.155387
0.155542
0.155641
0.155682
0.155681
0.155631
0.155545
0.155599
0.155772
0.155922
0.156042
0.156123
0.156162
0.156148
0.156153
0.156148
0.156126
0.156133
0.156116
0.156122
0.156112
0.156067
0.155997
0.155961
0.155924
0.155857
0.155759
0.155628
0.155547
0.155457
0.155349
0.155238
0.155101
0.154936
0.154776
0.154606
0.154435
0.154233
0.154009
0.153808
0.153597
0.153361
0.15315
0.152916
0.152654
0.152364
0.152051
0.15176
0.151461
0.151132
0.150811
0.150544
0.150259
0.150058
0.14988
0.149772
0.149701
0.149606
0.14948
0.149323
0.149136
0.148922
0.148679
0.148408
0.14811
0.147784
0.147429
0.147044
0.146626
0.146177
0.14577
0.14546
0.145212
0.145013
0.144796
0.144593
0.144411
0.144195
0.143966
0.143774
0.143564
0.143324
0.143055
0.142761
0.142522
0.14226
0.142041
0.141957
0.141828
0.141648
0.141598
0.141601
0.141571
0.141487
0.141354
0.141222
0.141096
0.140938
0.140981
0.140943
0.14083
0.140649
0.140683
0.141371
0.141915
0.142319
0.142603
0.142807
0.142937
0.143717
0.144462
0.145122
0.146355
0.147331
0.148088
0.148651
0.149045
0.149295
0.150066
0.152122
0.153945
0.155493
0.156774
0.157804
0.158594
0.159163
0.160168
0.161046
0.162077
0.163079
0.163876
0.164451
0.164794
0.164885
0.164828
0.165194
0.165643
0.165866
0.165856
0.16558
0.165377
0.165059
0.164619
0.164138
0.163446
0.162532
0.161429
0.160305
0.15989
0.159269
0.1584
0.157836
0.157746
0.157497
0.157282
0.157039
0.156694
0.156244
0.155686
0.155043
0.154295
0.153417
0.15242
0.151321
0.150065
0.148911
0.148003
0.147659
0.147728
0.147796
0.147817
0.147791
0.147715
0.147591
0.147415
0.147186
0.146902
0.146557
0.146147
0.145665
0.145099
0.144433
0.14374
0.143166
0.142756
0.142621
0.142523
0.142483
0.142486
0.142452
0.14239
0.14232
0.142219
0.142075
0.141883
0.141635
0.141528
0.141376
0.141246
0.141501
0.141754
0.141923
0.142239
0.142666
0.143114
0.143492
0.143802
0.144104
0.14442
0.144668
0.145521
0.146238
0.146818
0.147279
0.14784
0.149269
0.150551
0.151661
0.152626
0.153492
0.154249
0.155186
0.156076
0.156881
0.157936
0.15886
0.159653
0.160332
0.160915
0.161415
0.161928
0.162629
0.16327
0.163844
0.164357
0.164797
0.165165
0.165464
0.165778
0.166044
0.166298
0.166508
0.166668
0.166784
0.166856
0.166877
0.166866
0.166931
0.166967
0.166956
0.166901
0.166801
0.166711
0.166592
0.166443
0.16631
0.166141
0.165934
0.165713
0.165475
0.165241
0.164974
0.164678
0.164412
0.164129
0.163814
0.163516
0.163187
0.162821
0.162418
0.161982
0.161563
0.161137
0.160674
0.160198
0.159775
0.15932
0.158936
0.158572
0.158302
0.158079
0.157821
0.157523
0.157184
0.156808
0.156393
0.15594
0.155449
0.15492
0.15435
0.153738
0.153082
0.152378
0.151618
0.150847
0.150118
0.149441
0.148872
0.148304
0.14777
0.147262
0.146705
0.146103
0.145482
0.144819
0.144095
0.143302
0.14243
0.141517
0.140551
0.143687
0.143767
0.143791
0.143755
0.143654
0.143482
0.14323
0.142908
0.142736
0.142854
0.143169
0.143601
0.144029
0.144481
0.144937
0.145356
0.145752
0.146144
0.146499
0.146809
0.14707
0.14729
0.147653
0.147951
0.14824
0.14889
0.149595
0.150198
0.150809
0.151502
0.152408
0.153234
0.153986
0.154705
0.155382
0.156035
0.157212
0.158212
0.159053
0.159785
0.160457
0.161857
0.163432
0.164804
0.166022
0.167133
0.168137
0.169084
0.170154
0.171265
0.172551
0.173681
0.174677
0.175572
0.176407
0.177189
0.177954
0.178873
0.179846
0.180739
0.181558
0.182304
0.182984
0.183603
0.184232
0.184806
0.185336
0.185873
0.186363
0.186857
0.187321
0.187739
0.188124
0.188536
0.188924
0.189262
0.189552
0.189797
0.190083
0.190339
0.190562
0.190769
0.190936
0.191063
0.191184
0.191287
0.191381
0.191433
0.191456
0.191497
0.191512
0.19149
0.191483
0.19143
0.191329
0.191184
0.190999
0.190822
0.190622
0.190378
0.190129
0.189923
0.189688
0.189531
0.189396
0.189332
0.189286
0.189184
0.189023
0.188806
0.188537
0.188215
0.18784
0.187412
0.18693
0.186392
0.185796
0.18514
0.184419
0.183635
0.182864
0.182168
0.181512
0.180885
0.180221
0.179544
0.178858
0.178103
0.177297
0.176481
0.175597
0.174626
0.173565
0.17241
0.171246
0.169993
0.16871
0.167518
0.166239
0.164859
0.163555
0.162265
0.160895
0.159412
0.157807
0.156117
0.154336
0.152406
0.150589
0.148621
0.146475
0.144132
0.141853
0.140214
0.138458
0.136557
0.134503
0.132303
0.129932
0.128127
0.12622
0.124104
0.12257
0.120883
0.119025
0.116976
0.114713
0.112215
0.110118
0.109476
0.108843
0.108129
0.107303
0.106344
0.105226
0.103933
0.103235
0.102615
0.102389
0.102358
0.102301
0.102192
0.102016
0.101753
0.101518
0.101933
0.102531
0.103004
0.103367
0.103634
0.104154
0.104618
0.10507
0.105605
0.106066
0.106462
0.106847
0.107413
0.108804
0.110079
0.111247
0.112864
0.114852
0.116618
0.118382
0.119973
0.121376
0.122627
0.123751
0.124794
0.125752
0.126618
0.127422
0.128198
0.128916
0.129849
0.131147
0.133036
0.13521
0.137187
0.138964
0.140569
0.142025
0.143344
0.144539
0.145618
0.146587
0.147453
0.14822
0.14889
0.149465
0.149947
0.150421
0.150996
0.151659
0.152513
0.153306
0.154069
0.154783
0.155372
0.155847
0.156228
0.15649
0.156622
0.156616
0.156462
0.156379
0.156159
0.155871
0.155943
0.155972
0.155864
0.155848
0.155919
0.155967
0.155882
0.15565
0.155311
0.154871
0.154218
0.154118
0.153896
0.153518
0.152968
0.152433
0.152834
0.153212
0.153513
0.15374
0.153916
0.15401
0.154307
0.154584
0.154777
0.155272
0.155729
0.156131
0.156478
0.156773
0.157013
0.157288
0.157808
0.158338
0.158854
0.159355
0.159819
0.16024
0.160617
0.161041
0.161451
0.161885
0.162308
0.162709
0.163088
0.163444
0.163766
0.164073
0.164475
0.164863
0.165218
0.165539
0.165825
0.166134
0.166428
0.166703
0.167003
0.167272
0.167507
0.167732
0.167946
0.168166
0.168352
0.168507
0.168695
0.168867
0.169005
0.169162
0.16929
0.169382
0.169438
0.169462
0.169505
0.169541
0.169542
0.169531
0.169576
0.169592
0.169683
0.169797
0.170011
0.170271
0.170491
0.170665
0.170798
0.170891
0.170945
0.170962
0.17094
0.170881
0.170784
0.170648
0.170473
0.170256
0.169997
0.169746
0.169551
0.16941
0.169379
0.169346
0.169348
0.169379
0.169367
0.169318
0.169264
0.169185
0.169066
0.168907
0.168709
0.168519
0.168297
-0.076537
-0.0760305
-0.0754704
-0.0748556
-0.0742459
-0.0737295
-0.0731765
-0.0725763
-0.0719234
-0.0712151
-0.0704481
-0.0696384
-0.0688264
-0.0680416
-0.0672642
-0.0665114
-0.0657111
-0.0648397
-0.0638935
-0.0628675
-0.0617564
-0.0608124
-0.0598705
-0.0592218
-0.0585184
-0.0577449
-0.0569082
-0.056011
-0.0550177
-0.0540299
-0.0530035
-0.0522862
-0.0515383
-0.050716
-0.049814
-0.0488221
-0.0477325
-0.046867
-0.0461544
-0.0453533
-0.044457
-0.0435136
-0.0426154
-0.0418245
-0.0411847
-0.0404691
-0.0397768
-0.0395964
-0.0394022
-0.0392072
-0.0389893
-0.0387324
-0.0384368
-0.0381999
-0.0379361
-0.0376061
-0.0371958
-0.0369157
-0.0368189
-0.0367098
-0.0365774
-0.036446
-0.0363048
-0.0363082
-0.0363255
-0.0363272
-0.0363173
-0.0363293
-0.036327
-0.0363124
-0.0362791
-0.0362799
-0.0362798
-0.0362909
-0.0363014
-0.0362949
-0.0362715
-0.0362314
-0.0361745
-0.0361542
-0.0362664
-0.0364121
-0.0365653
-0.0366659
-0.0367427
-0.0367893
-0.0368007
-0.0368116
-0.0368687
-0.0370131
-0.037232
-0.0374058
-0.0375369
-0.0376278
-0.0376799
-0.037839
-0.0381776
-0.0384279
-0.0386507
-0.0388224
-0.0389356
-0.038988
-0.0389847
-0.0389289
-0.0388548
-0.0388695
-0.0395485
-0.0402422
-0.0408385
-0.0413428
-0.0418168
-0.042355
-0.0427987
-0.043141
-0.0433832
-0.0435307
-0.0436562
-0.0439777
-0.0444366
-0.0448596
-0.0452029
-0.045466
-0.0456485
-0.0460556
-0.0466839
-0.0472634
-0.0477529
-0.0483475
-0.0488978
-0.0493414
-0.0496806
-0.0499173
-0.0500505
-0.0502912
-0.0505349
-0.0508199
-0.0510299
-0.0511445
-0.0512867
-0.0515434
-0.0517189
-0.0520239
-0.0524269
-0.0532617
-0.0540597
-0.0547896
-0.0554547
-0.0560567
-0.0565966
-0.0571196
-0.0576265
-0.0580901
-0.0585148
-0.0588757
-0.0592164
-0.0595933
-0.0600487
-0.0605194
-0.0609601
-0.0614703
-0.0619846
-0.0625024
-0.063053
-0.0635681
-0.0640551
-0.0645309
-0.0649777
-0.0653862
-0.0657569
-0.0661198
-0.066493
-0.066856
-0.0671927
-0.0675323
-0.0678788
-0.0682384
-0.0685871
-0.0689147
-0.0692328
-0.0695345
-0.0698198
-0.0701008
-0.0703636
-0.0706236
-0.0708692
-0.0711061
-0.0713371
-0.0715471
-0.0717356
-0.071903
-0.0720486
-0.0721915
-0.0723471
-0.0724962
-0.0726266
-0.072756
-0.0729003
-0.0730515
-0.0731864
-0.0733063
-0.073416
-0.0735307
-0.0736342
-0.0737195
-0.0737861
-0.0738334
-0.0738606
-0.0738718
-0.0739017
-0.0739194
-0.0739484
-0.073976
-0.0739955
-0.0739981
-0.0739837
-0.0739522
-0.0739097
-0.0738639
-0.0738209
-0.0737626
-0.0736849
-0.073587
-0.0734825
-0.0733869
-0.0733029
-0.0732121
-0.0731001
-0.072967
-0.0728151
-0.0726545
-0.0724928
-0.0723169
-0.072119
-0.0718988
-0.0716558
-0.0714099
-0.07117
-0.0709287
-0.0706787
-0.0704327
-0.0701567
-0.0698496
-0.0695118
-0.0691435
-0.0687445
-0.068323
-0.0679066
-0.0674698
-0.0670035
-0.0665047
-0.0660147
-0.0655366
-0.065046
-0.064512
-0.0639635
-0.0634644
-0.062976
-0.062432
-0.0618336
-0.0611812
-0.0604744
-0.0598023
-0.0591278
-0.0584514
-0.0577896
-0.0570662
-0.0564145
-0.0557249
-0.0549731
-0.0541748
-0.0533106
-0.0524314
-0.0517543
-0.0511434
-0.0505855
-0.0499194
-0.0491585
-0.0487026
-0.0482814
-0.047675
-0.0469133
-0.0461342
-0.0454544
-0.0446409
-0.0436918
-0.043146
-0.0426016
-0.0421269
-0.0421716
-0.0420791
-0.0419465
-0.0418838
-0.0418729
-0.0422531
-0.0425113
-0.042714
-0.0428523
-0.0431684
-0.043595
-0.0438717
-0.0440026
-0.0439895
-0.0438311
-0.0437284
-0.0439507
-0.0443083
-0.0445718
-0.0448694
-0.0453003
-0.0458335
-0.0463011
-0.0467435
-0.0473285
-0.0478978
-0.0484811
-0.0489861
-0.0494142
-0.0497656
-0.0500394
-0.0502373
-0.0504941
-0.0507594
-0.0511311
-0.051621
-0.0521791
-0.0526951
-0.0531701
-0.0536051
-0.0540097
-0.0544073
-0.0548
-0.0551582
-0.0554763
-0.0557541
-0.056009
-0.0562343
-0.0565411
-0.0568506
-0.0571326
-0.0573872
-0.0576314
-0.0579314
-0.0582453
-0.0585546
-0.0588404
-0.0591026
-0.0593406
-0.0595562
-0.0597517
-0.0599364
-0.0601022
-0.0603252
-0.060559
-0.0607747
-0.060973
-0.0611541
-0.0613181
-0.0614806
-0.0616637
-0.0618426
-0.076537
-0.0760305
-0.0754704
-0.0748556
-0.0742459
-0.0737295
-0.0731765
-0.0725763
-0.0719234
-0.0712151
-0.0704481
-0.0696384
-0.0688264
-0.0680416
-0.0672642
-0.0665114
-0.0657111
-0.0648397
-0.0638935
-0.0628675
-0.0617564
-0.0608124
-0.0598705
-0.0592218
-0.0585184
-0.0577449
-0.0569082
-0.056011
-0.0550177
-0.0540299
-0.0530035
-0.0522862
-0.0515383
-0.050716
-0.049814
-0.0488221
-0.0477325
-0.046867
-0.0461544
-0.0453533
-0.044457
-0.0435136
-0.0426154
-0.0418245
-0.0411847
-0.0404691
-0.0397768
-0.0395964
-0.0394022
-0.0392072
-0.0389893
-0.0387324
-0.0384368
-0.0381999
-0.0379361
-0.0376061
-0.0371958
-0.0369157
-0.0368189
-0.0367098
-0.0365774
-0.036446
-0.0363048
-0.0363082
-0.0363255
-0.0363272
-0.0363173
-0.0363293
-0.036327
-0.0363124
-0.0362791
-0.0362799
-0.0362798
-0.0362909
-0.0363014
-0.0362949
-0.0362715
-0.0362314
-0.0361745
-0.0361542
-0.0362664
-0.0364121
-0.0365653
-0.0366659
-0.0367427
-0.0367893
-0.0368007
-0.0368116
-0.0368687
-0.0370131
-0.037232
-0.0374058
-0.0375369
-0.0376278
-0.0376799
-0.037839
-0.0381776
-0.0384279
-0.0386507
-0.0388224
-0.0389356
-0.038988
-0.0389847
-0.0389289
-0.0388548
-0.0388695
-0.0395485
-0.0402422
-0.0408385
-0.0413428
-0.0418168
-0.042355
-0.0427987
-0.043141
-0.0433832
-0.0435307
-0.0436562
-0.0439777
-0.0444366
-0.0448596
-0.0452029
-0.045466
-0.0456485
-0.0460556
-0.0466839
-0.0472634
-0.0477529
-0.0483475
-0.0488978
-0.0493414
-0.0496806
-0.0499173
-0.0500505
-0.0502912
-0.0505349
-0.0508199
-0.0510299
-0.0511445
-0.0512867
-0.0515434
-0.0517189
-0.0520239
-0.0524269
-0.0532617
-0.0540597
-0.0547896
-0.0554547
-0.0560567
-0.0565966
-0.0571196
-0.0576265
-0.0580901
-0.0585148
-0.0588757
-0.0592164
-0.0595933
-0.0600487
-0.0605194
-0.0609601
-0.0614703
-0.0619846
-0.0625024
-0.063053
-0.0635681
-0.0640551
-0.0645309
-0.0649777
-0.0653862
-0.0657569
-0.0661198
-0.066493
-0.066856
-0.0671927
-0.0675323
-0.0678788
-0.0682384
-0.0685871
-0.0689147
-0.0692328
-0.0695345
-0.0698198
-0.0701008
-0.0703636
-0.0706236
-0.0708692
-0.0711061
-0.0713371
-0.0715471
-0.0717356
-0.071903
-0.0720486
-0.0721915
-0.0723471
-0.0724962
-0.0726266
-0.072756
-0.0729003
-0.0730515
-0.0731864
-0.0733063
-0.073416
-0.0735307
-0.0736342
-0.0737195
-0.0737861
-0.0738334
-0.0738606
-0.0738718
-0.0739017
-0.0739194
-0.0739484
-0.073976
-0.0739955
-0.0739981
-0.0739837
-0.0739522
-0.0739097
-0.0738639
-0.0738209
-0.0737626
-0.0736849
-0.073587
-0.0734825
-0.0733869
-0.0733029
-0.0732121
-0.0731001
-0.072967
-0.0728151
-0.0726545
-0.0724928
-0.0723169
-0.072119
-0.0718988
-0.0716558
-0.0714099
-0.07117
-0.0709287
-0.0706787
-0.0704327
-0.0701567
-0.0698496
-0.0695118
-0.0691435
-0.0687445
-0.068323
-0.0679066
-0.0674698
-0.0670035
-0.0665047
-0.0660147
-0.0655366
-0.065046
-0.064512
-0.0639635
-0.0634644
-0.062976
-0.062432
-0.0618336
-0.0611812
-0.0604744
-0.0598023
-0.0591278
-0.0584514
-0.0577896
-0.0570662
-0.0564145
-0.0557249
-0.0549731
-0.0541748
-0.0533106
-0.0524314
-0.0517543
-0.0511434
-0.0505855
-0.0499194
-0.0491585
-0.0487026
-0.0482814
-0.047675
-0.0469133
-0.0461342
-0.0454544
-0.0446409
-0.0436918
-0.043146
-0.0426016
-0.0421269
-0.0421716
-0.0420791
-0.0419465
-0.0418838
-0.0418729
-0.0422531
-0.0425113
-0.042714
-0.0428523
-0.0431684
-0.043595
-0.0438717
-0.0440026
-0.0439895
-0.0438311
-0.0437284
-0.0439507
-0.0443083
-0.0445718
-0.0448694
-0.0453003
-0.0458335
-0.0463011
-0.0467435
-0.0473285
-0.0478978
-0.0484811
-0.0489861
-0.0494142
-0.0497656
-0.0500394
-0.0502373
-0.0504941
-0.0507594
-0.0511311
-0.051621
-0.0521791
-0.0526951
-0.0531701
-0.0536051
-0.0540097
-0.0544073
-0.0548
-0.0551582
-0.0554763
-0.0557541
-0.056009
-0.0562343
-0.0565411
-0.0568506
-0.0571326
-0.0573872
-0.0576314
-0.0579314
-0.0582453
-0.0585546
-0.0588404
-0.0591026
-0.0593406
-0.0595562
-0.0597517
-0.0599364
-0.0601022
-0.0603252
-0.060559
-0.0607747
-0.060973
-0.0611541
-0.0613181
-0.0614806
-0.0616637
-0.0618426
0.137332
0.13866
0.139881
0.140998
0.142016
0.142936
0.143763
0.144512
0.145387
0.146484
0.147678
0.14889
0.150002
0.15105
0.152019
0.152872
0.153627
0.154305
0.15487
0.155313
0.155619
0.155775
0.155963
0.15603
0.155986
0.156193
0.156456
0.1566
0.156709
0.156837
0.157146
0.157341
0.157411
0.157369
0.157157
0.156688
0.156583
0.156438
0.156129
0.155628
0.154912
0.154801
0.155039
0.155207
0.155309
0.155357
0.155327
0.155239
0.155246
0.155238
0.155387
0.155542
0.155641
0.155682
0.155681
0.155631
0.155545
0.155599
0.155772
0.155922
0.156042
0.156123
0.156162
0.156148
0.156153
0.156148
0.156126
0.156133
0.156116
0.156122
0.156112
0.156067
0.155997
0.155961
0.155924
0.155857
0.155759
0.155628
0.155547
0.155457
0.155349
0.155238
0.155101
0.154936
0.154776
0.154606
0.154435
0.154233
0.154009
0.153808
0.153597
0.153361
0.15315
0.152916
0.152654
0.152364
0.152051
0.15176
0.151461
0.151132
0.150811
0.150544
0.150259
0.150058
0.14988
0.149772
0.149701
0.149606
0.14948
0.149323
0.149136
0.148922
0.148679
0.148408
0.14811
0.147784
0.147429
0.147044
0.146626
0.146177
0.14577
0.14546
0.145212
0.145013
0.144796
0.144593
0.144411
0.144195
0.143966
0.143774
0.143564
0.143324
0.143055
0.142761
0.142522
0.14226
0.142041
0.141957
0.141828
0.141648
0.141598
0.141601
0.141571
0.141487
0.141354
0.141222
0.141096
0.140938
0.140981
0.140943
0.14083
0.140649
0.140683
0.141371
0.141915
0.142319
0.142603
0.142807
0.142937
0.143717
0.144462
0.145122
0.146355
0.147331
0.148088
0.148651
0.149045
0.149295
0.150066
0.152122
0.153945
0.155493
0.156774
0.157804
0.158594
0.159163
0.160168
0.161046
0.162077
0.163079
0.163876
0.164451
0.164794
0.164885
0.164828
0.165194
0.165643
0.165866
0.165856
0.16558
0.165377
0.165059
0.164619
0.164138
0.163446
0.162532
0.161429
0.160305
0.15989
0.159269
0.1584
0.157836
0.157746
0.157497
0.157282
0.157039
0.156694
0.156244
0.155686
0.155043
0.154295
0.153417
0.15242
0.151321
0.150065
0.148911
0.148003
0.147659
0.147728
0.147796
0.147817
0.147791
0.147715
0.147591
0.147415
0.147186
0.146902
0.146557
0.146147
0.145665
0.145099
0.144433
0.14374
0.143166
0.142756
0.142621
0.142523
0.142483
0.142486
0.142452
0.14239
0.14232
0.142219
0.142075
0.141883
0.141635
0.141528
0.141376
0.141246
0.141501
0.141754
0.141923
0.142239
0.142666
0.143114
0.143492
0.143802
0.144104
0.14442
0.144668
0.145521
0.146238
0.146818
0.147279
0.14784
0.149269
0.150551
0.151661
0.152626
0.153492
0.154249
0.155186
0.156076
0.156881
0.157936
0.15886
0.159653
0.160332
0.160915
0.161415
0.161928
0.162629
0.16327
0.163844
0.164357
0.164797
0.165165
0.165464
0.165778
0.166044
0.166298
0.166508
0.166668
0.166784
0.166856
0.166877
0.166866
0.166931
0.166967
0.166956
0.166901
0.166801
0.166711
0.166592
0.166443
0.16631
0.166141
0.165934
0.165713
0.165475
0.165241
0.164974
0.164678
0.164412
0.164129
0.163814
0.163516
0.163187
0.162821
0.162418
0.161982
0.161563
0.161137
0.160674
0.160198
0.159775
0.15932
0.158936
0.158572
0.158302
0.158079
0.157821
0.157523
0.157184
0.156808
0.156393
0.15594
0.155449
0.15492
0.15435
0.153738
0.153082
0.152378
0.151618
0.150847
0.150118
0.149441
0.148872
0.148304
0.14777
0.147262
0.146705
0.146103
0.145482
0.144819
0.144095
0.143302
0.14243
0.141517
0.140551
0.143687
0.143767
0.143791
0.143755
0.143654
0.143482
0.14323
0.142908
0.142736
0.142854
0.143169
0.143601
0.144029
0.144481
0.144937
0.145356
0.145752
0.146144
0.146499
0.146809
0.14707
0.14729
0.147653
0.147951
0.14824
0.14889
0.149595
0.150198
0.150809
0.151502
0.152408
0.153234
0.153986
0.154705
0.155382
0.156035
0.157212
0.158212
0.159053
0.159785
0.160457
0.161857
0.163432
0.164804
0.166022
0.167133
0.168137
0.169084
0.170154
0.171265
0.172551
0.173681
0.174677
0.175572
0.176407
0.177189
0.177954
0.178873
0.179846
0.180739
0.181558
0.182304
0.182984
0.183603
0.184232
0.184806
0.185336
0.185873
0.186363
0.186857
0.187321
0.187739
0.188124
0.188536
0.188924
0.189262
0.189552
0.189797
0.190083
0.190339
0.190562
0.190769
0.190936
0.191063
0.191184
0.191287
0.191381
0.191433
0.191456
0.191497
0.191512
0.19149
0.191483
0.19143
0.191329
0.191184
0.190999
0.190822
0.190622
0.190378
0.190129
0.189923
0.189688
0.189531
0.189396
0.189332
0.189286
0.189184
0.189023
0.188806
0.188537
0.188215
0.18784
0.187412
0.18693
0.186392
0.185796
0.18514
0.184419
0.183635
0.182864
0.182168
0.181512
0.180885
0.180221
0.179544
0.178858
0.178103
0.177297
0.176481
0.175597
0.174626
0.173565
0.17241
0.171246
0.169993
0.16871
0.167518
0.166239
0.164859
0.163555
0.162265
0.160895
0.159412
0.157807
0.156117
0.154336
0.152406
0.150589
0.148621
0.146475
0.144132
0.141853
0.140214
0.138458
0.136557
0.134503
0.132303
0.129932
0.128127
0.12622
0.124104
0.12257
0.120883
0.119025
0.116976
0.114713
0.112215
0.110118
0.109476
0.108843
0.108129
0.107303
0.106344
0.105226
0.103933
0.103235
0.102615
0.102389
0.102358
0.102301
0.102192
0.102016
0.101753
0.101518
0.101933
0.102531
0.103004
0.103367
0.103634
0.104154
0.104618
0.10507
0.105605
0.106066
0.106462
0.106847
0.107413
0.108804
0.110079
0.111247
0.112864
0.114852
0.116618
0.118382
0.119973
0.121376
0.122627
0.123751
0.124794
0.125752
0.126618
0.127422
0.128198
0.128916
0.129849
0.131147
0.133036
0.13521
0.137187
0.138964
0.140569
0.142025
0.143344
0.144539
0.145618
0.146587
0.147453
0.14822
0.14889
0.149465
0.149947
0.150421
0.150996
0.151659
0.152513
0.153306
0.154069
0.154783
0.155372
0.155847
0.156228
0.15649
0.156622
0.156616
0.156462
0.156379
0.156159
0.155871
0.155943
0.155972
0.155864
0.155848
0.155919
0.155967
0.155882
0.15565
0.155311
0.154871
0.154218
0.154118
0.153896
0.153518
0.152968
0.152433
0.152834
0.153212
0.153513
0.15374
0.153916
0.15401
0.154307
0.154584
0.154777
0.155272
0.155729
0.156131
0.156478
0.156773
0.157013
0.157288
0.157808
0.158338
0.158854
0.159355
0.159819
0.16024
0.160617
0.161041
0.161451
0.161885
0.162308
0.162709
0.163088
0.163444
0.163766
0.164073
0.164475
0.164863
0.165218
0.165539
0.165825
0.166134
0.166428
0.166703
0.167003
0.167272
0.167507
0.167732
0.167946
0.168166
0.168352
0.168507
0.168695
0.168867
0.169005
0.169162
0.16929
0.169382
0.169438
0.169462
0.169505
0.169541
0.169542
0.169531
0.169576
0.169592
0.169683
0.169797
0.170011
0.170271
0.170491
0.170665
0.170798
0.170891
0.170945
0.170962
0.17094
0.170881
0.170784
0.170648
0.170473
0.170256
0.169997
0.169746
0.169551
0.16941
0.169379
0.169346
0.169348
0.169379
0.169367
0.169318
0.169264
0.169185
0.169066
0.168907
0.168709
0.168519
0.168297
-0.0794307
-0.0791075
-0.0787885
-0.0784663
-0.0781417
-0.0777961
-0.0774248
-0.0770286
-0.0766075
-0.0761882
-0.0757523
-0.0753077
-0.0748455
-0.074361
-0.0738525
-0.073326
-0.0727849
-0.0722345
-0.0716822
-0.0711511
-0.0706064
-0.070032
-0.0694357
-0.068811
-0.0681544
-0.0674665
-0.0667448
-0.0660004
-0.0652674
-0.0645181
-0.0637476
-0.0629631
-0.0622201
-0.0614609
-0.0606753
-0.0598768
-0.059071
-0.0582743
-0.0574956
-0.0566892
-0.0558453
-0.0550504
-0.054209
-0.0533195
-0.0524997
-0.0516635
-0.050903
-0.0500858
-0.0492123
-0.048359
-0.0474762
-0.0465301
-0.0455356
-0.0448442
-0.0441538
-0.0433791
-0.0425708
-0.0419048
-0.0415187
-0.0409767
-0.0406397
-0.040341
-0.0400729
-0.0397096
-0.0393751
-0.0392443
-0.0390321
-0.0387296
-0.0384919
-0.0389849
-0.0394174
-0.0398149
-0.0403747
-0.0407699
-0.0411593
-0.0414236
-0.0415692
-0.0419243
-0.0421654
-0.0423168
-0.0429792
-0.0438224
-0.0446811
-0.0456442
-0.0465878
-0.0475858
-0.0485572
-0.0495238
-0.0504614
-0.0513568
-0.0522646
-0.0531053
-0.0538746
-0.0545758
-0.0552076
-0.0558363
-0.0565924
-0.0573197
-0.0580495
-0.0589336
-0.0598429
-0.0607496
-0.061629
-0.0624679
-0.0632621
-0.0640134
-0.0647249
-0.0654005
-0.0660925
-0.0668434
-0.0675454
-0.0681965
-0.0687963
-0.06935
-0.0699413
-0.0705399
-0.0711469
-0.0717634
-0.0723473
-0.0728992
-0.0734194
-0.0739196
-0.074397
-0.0748529
-0.0752846
-0.0756869
-0.0760566
-0.0764023
-0.0767269
-0.077071
-0.0774475
-0.0778248
-0.0781833
-0.0785236
-0.0788553
-0.0791666
-0.0794533
-0.0797154
-0.079953
-0.0801739
-0.0803753
-0.0805538
-0.0807292
-0.0809327
-0.081142
-0.0813487
-0.0815333
-0.0817016
-0.081919
-0.0821885
-0.0824434
-0.0826724
-0.0828776
-0.0830578
-0.0832072
-0.0833267
-0.0837221
-0.0840845
-0.0843997
-0.0846622
-0.0848746
-0.0851182
-0.0853675
-0.0855741
-0.0857408
-0.0862589
-0.0867094
-0.0870921
-0.0874302
-0.0877973
-0.0883836
-0.0888856
-0.0893284
-0.0897259
-0.09009
-0.0904002
-0.0907568
-0.0912106
-0.0916079
-0.0919522
-0.0922515
-0.0925999
-0.0929113
-0.0931769
-0.0934654
-0.0937169
-0.0939225
-0.0940788
-0.094188
-0.0943691
-0.0945198
-0.094642
-0.0947937
-0.0949462
-0.0950593
-0.095144
-0.0951936
-0.095228
-0.0952762
-0.0952871
-0.0952592
-0.0951997
-0.0951372
-0.0950411
-0.0949037
-0.0947249
-0.0945047
-0.0942486
-0.0939724
-0.0936611
-0.0933169
-0.0930135
-0.0927161
-0.0924166
-0.0921159
-0.0917893
-0.0914242
-0.0910222
-0.0905859
-0.0901213
-0.0896223
-0.089101
-0.0885366
-0.0879266
-0.0872689
-0.0865687
-0.0858542
-0.0851196
-0.0844542
-0.0838342
-0.0831674
-0.0824531
-0.0816902
-0.0809672
-0.0802925
-0.0795806
-0.0788276
-0.0780241
-0.077166
-0.0762519
-0.0752799
-0.0742873
-0.0733001
-0.0722817
-0.0712087
-0.07018
-0.0694389
-0.0687973
-0.0681083
-0.0673685
-0.0665739
-0.0657244
-0.0648686
-0.0639797
-0.0630073
-0.0619373
-0.0609056
-0.0600534
-0.0591954
-0.0582856
-0.0573105
-0.0563363
-0.0557351
-0.0550958
-0.0544023
-0.0538468
-0.0532474
-0.0525644
-0.0517775
-0.0508481
-0.050047
-0.0493157
-0.0484793
-0.0481989
-0.0479152
-0.0476054
-0.0472674
-0.0469511
-0.0466765
-0.0463703
-0.0460387
-0.0456704
-0.0452535
-0.0447442
-0.0443831
-0.0441554
-0.0439154
-0.0436487
-0.0433522
-0.0431524
-0.0429671
-0.0427685
-0.0425613
-0.042375
-0.0421776
-0.0419664
-0.041784
-0.0415716
-0.0413834
-0.0411813
-0.0409617
-0.0407353
-0.0405049
-0.0402768
-0.0400614
-0.0398562
-0.0396413
-0.039413
-0.0391707
-0.0390564
-0.0390542
-0.0390375
-0.0389785
-0.0388819
-0.0387597
-0.038617
-0.0384445
-0.0382427
-0.0380127
-0.037772
-0.0376443
-0.037613
-0.0375427
-0.0374769
-0.0375151
-0.0377765
-0.0380184
-0.0382001
-0.0383231
-0.038393
-0.0384214
-0.0384104
-0.0383806
-0.0383556
-0.0382864
-0.0381707
-0.0380083
-0.038023
-0.0385563
-0.0390494
-0.0397206
-0.0404517
-0.0411008
-0.0416714
-0.0421668
-0.0426115
-0.0430281
-0.0433794
-0.0436666
-0.0438863
-0.0440324
-0.0441051
-0.0441951
-0.044368
-0.0446958
-0.0454719
-0.0463152
-0.0471379
-0.0480913
-0.0490277
-0.0794307
-0.0791075
-0.0787885
-0.0784663
-0.0781417
-0.0777961
-0.0774248
-0.0770286
-0.0766075
-0.0761882
-0.0757523
-0.0753077
-0.0748455
-0.074361
-0.0738525
-0.073326
-0.0727849
-0.0722345
-0.0716822
-0.0711511
-0.0706064
-0.070032
-0.0694357
-0.068811
-0.0681544
-0.0674665
-0.0667448
-0.0660004
-0.0652674
-0.0645181
-0.0637476
-0.0629631
-0.0622201
-0.0614609
-0.0606753
-0.0598768
-0.059071
-0.0582743
-0.0574956
-0.0566892
-0.0558453
-0.0550504
-0.054209
-0.0533195
-0.0524997
-0.0516635
-0.050903
-0.0500858
-0.0492123
-0.048359
-0.0474762
-0.0465301
-0.0455356
-0.0448442
-0.0441538
-0.0433791
-0.0425708
-0.0419048
-0.0415187
-0.0409767
-0.0406397
-0.040341
-0.0400729
-0.0397096
-0.0393751
-0.0392443
-0.0390321
-0.0387296
-0.0384919
-0.0389849
-0.0394174
-0.0398149
-0.0403747
-0.0407699
-0.0411593
-0.0414236
-0.0415692
-0.0419243
-0.0421654
-0.0423168
-0.0429792
-0.0438224
-0.0446811
-0.0456442
-0.0465878
-0.0475858
-0.0485572
-0.0495238
-0.0504614
-0.0513568
-0.0522646
-0.0531053
-0.0538746
-0.0545758
-0.0552076
-0.0558363
-0.0565924
-0.0573197
-0.0580495
-0.0589336
-0.0598429
-0.0607496
-0.061629
-0.0624679
-0.0632621
-0.0640134
-0.0647249
-0.0654005
-0.0660925
-0.0668434
-0.0675454
-0.0681965
-0.0687963
-0.06935
-0.0699413
-0.0705399
-0.0711469
-0.0717634
-0.0723473
-0.0728992
-0.0734194
-0.0739196
-0.074397
-0.0748529
-0.0752846
-0.0756869
-0.0760566
-0.0764023
-0.0767269
-0.077071
-0.0774475
-0.0778248
-0.0781833
-0.0785236
-0.0788553
-0.0791666
-0.0794533
-0.0797154
-0.079953
-0.0801739
-0.0803753
-0.0805538
-0.0807292
-0.0809327
-0.081142
-0.0813487
-0.0815333
-0.0817016
-0.081919
-0.0821885
-0.0824434
-0.0826724
-0.0828776
-0.0830578
-0.0832072
-0.0833267
-0.0837221
-0.0840845
-0.0843997
-0.0846622
-0.0848746
-0.0851182
-0.0853675
-0.0855741
-0.0857408
-0.0862589
-0.0867094
-0.0870921
-0.0874302
-0.0877973
-0.0883836
-0.0888856
-0.0893284
-0.0897259
-0.09009
-0.0904002
-0.0907568
-0.0912106
-0.0916079
-0.0919522
-0.0922515
-0.0925999
-0.0929113
-0.0931769
-0.0934654
-0.0937169
-0.0939225
-0.0940788
-0.094188
-0.0943691
-0.0945198
-0.094642
-0.0947937
-0.0949462
-0.0950593
-0.095144
-0.0951936
-0.095228
-0.0952762
-0.0952871
-0.0952592
-0.0951997
-0.0951372
-0.0950411
-0.0949037
-0.0947249
-0.0945047
-0.0942486
-0.0939724
-0.0936611
-0.0933169
-0.0930135
-0.0927161
-0.0924166
-0.0921159
-0.0917893
-0.0914242
-0.0910222
-0.0905859
-0.0901213
-0.0896223
-0.089101
-0.0885366
-0.0879266
-0.0872689
-0.0865687
-0.0858542
-0.0851196
-0.0844542
-0.0838342
-0.0831674
-0.0824531
-0.0816902
-0.0809672
-0.0802925
-0.0795806
-0.0788276
-0.0780241
-0.077166
-0.0762519
-0.0752799
-0.0742873
-0.0733001
-0.0722817
-0.0712087
-0.07018
-0.0694389
-0.0687973
-0.0681083
-0.0673685
-0.0665739
-0.0657244
-0.0648686
-0.0639797
-0.0630073
-0.0619373
-0.0609056
-0.0600534
-0.0591954
-0.0582856
-0.0573105
-0.0563363
-0.0557351
-0.0550958
-0.0544023
-0.0538468
-0.0532474
-0.0525644
-0.0517775
-0.0508481
-0.050047
-0.0493157
-0.0484793
-0.0481989
-0.0479152
-0.0476054
-0.0472674
-0.0469511
-0.0466765
-0.0463703
-0.0460387
-0.0456704
-0.0452535
-0.0447442
-0.0443831
-0.0441554
-0.0439154
-0.0436487
-0.0433522
-0.0431524
-0.0429671
-0.0427685
-0.0425613
-0.042375
-0.0421776
-0.0419664
-0.041784
-0.0415716
-0.0413834
-0.0411813
-0.0409617
-0.0407353
-0.0405049
-0.0402768
-0.0400614
-0.0398562
-0.0396413
-0.039413
-0.0391707
-0.0390564
-0.0390542
-0.0390375
-0.0389785
-0.0388819
-0.0387597
-0.038617
-0.0384445
-0.0382427
-0.0380127
-0.037772
-0.0376443
-0.037613
-0.0375427
-0.0374769
-0.0375151
-0.0377765
-0.0380184
-0.0382001
-0.0383231
-0.038393
-0.0384214
-0.0384104
-0.0383806
-0.0383556
-0.0382864
-0.0381707
-0.0380083
-0.038023
-0.0385563
-0.0390494
-0.0397206
-0.0404517
-0.0411008
-0.0416714
-0.0421668
-0.0426115
-0.0430281
-0.0433794
-0.0436666
-0.0438863
-0.0440324
-0.0441051
-0.0441951
-0.044368
-0.0446958
-0.0454719
-0.0463152
-0.0471379
-0.0480913
-0.0490277
0.137332
0.13866
0.139881
0.140998
0.142016
0.142936
0.143763
0.144512
0.145387
0.146484
0.147678
0.14889
0.150002
0.15105
0.152019
0.152872
0.153627
0.154305
0.15487
0.155313
0.155619
0.155775
0.155963
0.15603
0.155986
0.156193
0.156456
0.1566
0.156709
0.156837
0.157146
0.157341
0.157411
0.157369
0.157157
0.156688
0.156583
0.156438
0.156129
0.155628
0.154912
0.154801
0.155039
0.155207
0.155309
0.155357
0.155327
0.155239
0.155246
0.155238
0.155387
0.155542
0.155641
0.155682
0.155681
0.155631
0.155545
0.155599
0.155772
0.155922
0.156042
0.156123
0.156162
0.156148
0.156153
0.156148
0.156126
0.156133
0.156116
0.156122
0.156112
0.156067
0.155997
0.155961
0.155924
0.155857
0.155759
0.155628
0.155547
0.155457
0.155349
0.155238
0.155101
0.154936
0.154776
0.154606
0.154435
0.154233
0.154009
0.153808
0.153597
0.153361
0.15315
0.152916
0.152654
0.152364
0.152051
0.15176
0.151461
0.151132
0.150811
0.150544
0.150259
0.150058
0.14988
0.149772
0.149701
0.149606
0.14948
0.149323
0.149136
0.148922
0.148679
0.148408
0.14811
0.147784
0.147429
0.147044
0.146626
0.146177
0.14577
0.14546
0.145212
0.145013
0.144796
0.144593
0.144411
0.144195
0.143966
0.143774
0.143564
0.143324
0.143055
0.142761
0.142522
0.14226
0.142041
0.141957
0.141828
0.141648
0.141598
0.141601
0.141571
0.141487
0.141354
0.141222
0.141096
0.140938
0.140981
0.140943
0.14083
0.140649
0.140683
0.141371
0.141915
0.142319
0.142603
0.142807
0.142937
0.143717
0.144462
0.145122
0.146355
0.147331
0.148088
0.148651
0.149045
0.149295
0.150066
0.152122
0.153945
0.155493
0.156774
0.157804
0.158594
0.159163
0.160168
0.161046
0.162077
0.163079
0.163876
0.164451
0.164794
0.164885
0.164828
0.165194
0.165643
0.165866
0.165856
0.16558
0.165377
0.165059
0.164619
0.164138
0.163446
0.162532
0.161429
0.160305
0.15989
0.159269
0.1584
0.157836
0.157746
0.157497
0.157282
0.157039
0.156694
0.156244
0.155686
0.155043
0.154295
0.153417
0.15242
0.151321
0.150065
0.148911
0.148003
0.147659
0.147728
0.147796
0.147817
0.147791
0.147715
0.147591
0.147415
0.147186
0.146902
0.146557
0.146147
0.145665
0.145099
0.144433
0.14374
0.143166
0.142756
0.142621
0.142523
0.142483
0.142486
0.142452
0.14239
0.14232
0.142219
0.142075
0.141883
0.141635
0.141528
0.141376
0.141246
0.141501
0.141754
0.141923
0.142239
0.142666
0.143114
0.143492
0.143802
0.144104
0.14442
0.144668
0.145521
0.146238
0.146818
0.147279
0.14784
0.149269
0.150551
0.151661
0.152626
0.153492
0.154249
0.155186
0.156076
0.156881
0.157936
0.15886
0.159653
0.160332
0.160915
0.161415
0.161928
0.162629
0.16327
0.163844
0.164357
0.164797
0.165165
0.165464
0.165778
0.166044
0.166298
0.166508
0.166668
0.166784
0.166856
0.166877
0.166866
0.166931
0.166967
0.166956
0.166901
0.166801
0.166711
0.166592
0.166443
0.16631
0.166141
0.165934
0.165713
0.165475
0.165241
0.164974
0.164678
0.164412
0.164129
0.163814
0.163516
0.163187
0.162821
0.162418
0.161982
0.161563
0.161137
0.160674
0.160198
0.159775
0.15932
0.158936
0.158572
0.158302
0.158079
0.157821
0.157523
0.157184
0.156808
0.156393
0.15594
0.155449
0.15492
0.15435
0.153738
0.153082
0.152378
0.151618
0.150847
0.150118
0.149441
0.148872
0.148304
0.14777
0.147262
0.146705
0.146103
0.145482
0.144819
0.144095
0.143302
0.14243
0.141517
0.140551
0.143687
0.143767
0.143791
0.143755
0.143654
0.143482
0.14323
0.142908
0.142736
0.142854
0.143169
0.143601
0.144029
0.144481
0.144937
0.145356
0.145752
0.146144
0.146499
0.146809
0.14707
0.14729
0.147653
0.147951
0.14824
0.14889
0.149595
0.150198
0.150809
0.151502
0.152408
0.153234
0.153986
0.154705
0.155382
0.156035
0.157212
0.158212
0.159053
0.159785
0.160457
0.161857
0.163432
0.164804
0.166022
0.167133
0.168137
0.169084
0.170154
0.171265
0.172551
0.173681
0.174677
0.175572
0.176407
0.177189
0.177954
0.178873
0.179846
0.180739
0.181558
0.182304
0.182984
0.183603
0.184232
0.184806
0.185336
0.185873
0.186363
0.186857
0.187321
0.187739
0.188124
0.188536
0.188924
0.189262
0.189552
0.189797
0.190083
0.190339
0.190562
0.190769
0.190936
0.191063
0.191184
0.191287
0.191381
0.191433
0.191456
0.191497
0.191512
0.19149
0.191483
0.19143
0.191329
0.191184
0.190999
0.190822
0.190622
0.190378
0.190129
0.189923
0.189688
0.189531
0.189396
0.189332
0.189286
0.189184
0.189023
0.188806
0.188537
0.188215
0.18784
0.187412
0.18693
0.186392
0.185796
0.18514
0.184419
0.183635
0.182864
0.182168
0.181512
0.180885
0.180221
0.179544
0.178858
0.178103
0.177297
0.176481
0.175597
0.174626
0.173565
0.17241
0.171246
0.169993
0.16871
0.167518
0.166239
0.164859
0.163555
0.162265
0.160895
0.159412
0.157807
0.156117
0.154336
0.152406
0.150589
0.148621
0.146475
0.144132
0.141853
0.140214
0.138458
0.136557
0.134503
0.132303
0.129932
0.128127
0.12622
0.124104
0.12257
0.120883
0.119025
0.116976
0.114713
0.112215
0.110118
0.109476
0.108843
0.108129
0.107303
0.106344
0.105226
0.103933
0.103235
0.102615
0.102389
0.102358
0.102301
0.102192
0.102016
0.101753
0.101518
0.101933
0.102531
0.103004
0.103367
0.103634
0.104154
0.104618
0.10507
0.105605
0.106066
0.106462
0.106847
0.107413
0.108804
0.110079
0.111247
0.112864
0.114852
0.116618
0.118382
0.119973
0.121376
0.122627
0.123751
0.124794
0.125752
0.126618
0.127422
0.128198
0.128916
0.129849
0.131147
0.133036
0.13521
0.137187
0.138964
0.140569
0.142025
0.143344
0.144539
0.145618
0.146587
0.147453
0.14822
0.14889
0.149465
0.149947
0.150421
0.150996
0.151659
0.152513
0.153306
0.154069
0.154783
0.155372
0.155847
0.156228
0.15649
0.156622
0.156616
0.156462
0.156379
0.156159
0.155871
0.155943
0.155972
0.155864
0.155848
0.155919
0.155967
0.155882
0.15565
0.155311
0.154871
0.154218
0.154118
0.153896
0.153518
0.152968
0.152433
0.152834
0.153212
0.153513
0.15374
0.153916
0.15401
0.154307
0.154584
0.154777
0.155272
0.155729
0.156131
0.156478
0.156773
0.157013
0.157288
0.157808
0.158338
0.158854
0.159355
0.159819
0.16024
0.160617
0.161041
0.161451
0.161885
0.162308
0.162709
0.163088
0.163444
0.163766
0.164073
0.164475
0.164863
0.165218
0.165539
0.165825
0.166134
0.166428
0.166703
0.167003
0.167272
0.167507
0.167732
0.167946
0.168166
0.168352
0.168507
0.168695
0.168867
0.169005
0.169162
0.16929
0.169382
0.169438
0.169462
0.169505
0.169541
0.169542
0.169531
0.169576
0.169592
0.169683
0.169797
0.170011
0.170271
0.170491
0.170665
0.170798
0.170891
0.170945
0.170962
0.17094
0.170881
0.170784
0.170648
0.170473
0.170256
0.169997
0.169746
0.169551
0.16941
0.169379
0.169346
0.169348
0.169379
0.169367
0.169318
0.169264
0.169185
0.169066
0.168907
0.168709
0.168519
0.168297
0.170648
0.170343
0.170001
0.169621
0.169203
0.168745
0.168244
0.167703
0.167185
0.166732
0.166384
0.16608
0.165854
0.165616
0.165395
0.165155
0.164898
0.164609
0.164295
0.163947
0.163565
0.163146
0.16274
0.162315
0.161857
0.161438
0.161144
0.160795
0.160408
0.159971
0.159695
0.159428
0.159116
0.158781
0.158392
0.15795
0.157656
0.157399
0.157055
0.156636
0.156184
0.156002
0.156388
0.156612
0.156692
0.156647
0.156522
0.156317
0.156143
0.156539
0.157363
0.158154
0.158697
0.159036
0.159191
0.159237
0.159194
0.159702
0.161286
0.162697
0.16382
0.164672
0.165266
0.165611
0.166238
0.16699
0.167535
0.168071
0.168748
0.16917
0.169333
0.169229
0.169182
0.16941
0.169774
0.169897
0.169767
0.169466
0.169408
0.169173
0.168725
0.168114
0.167323
0.166431
0.166239
0.165962
0.165527
0.164883
0.164626
0.164769
0.164797
0.164689
0.164689
0.164587
0.164377
0.164057
0.163636
0.163108
0.162458
0.161691
0.160994
0.16022
0.159605
0.159422
0.159533
0.159876
0.160303
0.16068
0.161004
0.161277
0.161495
0.161658
0.161764
0.16181
0.161793
0.161707
0.161546
0.161303
0.160964
0.160524
0.160261
0.160314
0.160528
0.160793
0.161076
0.161335
0.161603
0.161856
0.162072
0.162252
0.162413
0.162534
0.162599
0.162604
0.162711
0.162806
0.162907
0.163186
0.163728
0.164186
0.164653
0.165061
0.165677
0.166336
0.166926
0.167485
0.16797
0.16838
0.169203
0.170186
0.171012
0.171707
0.172344
0.173283
0.174883
0.176284
0.177518
0.178609
0.179609
0.180524
0.18137
0.182392
0.183579
0.184746
0.185773
0.186697
0.187514
0.188269
0.188956
0.189669
0.190522
0.191315
0.192022
0.192648
0.193197
0.19367
0.194133
0.194569
0.194941
0.19527
0.195631
0.195951
0.196213
0.196418
0.196579
0.196722
0.196875
0.196977
0.197027
0.197053
0.197096
0.19711
0.197075
0.197006
0.196907
0.19677
0.196626
0.196443
0.19624
0.196009
0.195747
0.195486
0.195228
0.194938
0.194637
0.194303
0.193923
0.193505
0.193069
0.192611
0.192118
0.191601
0.191097
0.190572
0.190066
0.189594
0.189155
0.188786
0.188473
0.188128
0.18773
0.187281
0.186783
0.186235
0.185639
0.184994
0.1843
0.183554
0.182755
0.1819
0.180983
0.180002
0.179044
0.178189
0.177388
0.176587
0.175784
0.174939
0.174084
0.173218
0.172296
0.171322
0.170332
0.169294
0.168175
0.166966
0.165728
0.164407
0.163107
0.16188
0.160588
0.159234
0.158012
0.156758
0.155433
0.154032
0.152537
0.15101
0.149354
0.147525
0.145777
0.143925
0.141908
0.13969
0.137622
0.136092
0.134466
0.132718
0.130834
0.128795
0.126815
0.125348
0.123672
0.121707
0.120248
0.118671
0.116931
0.115003
0.112843
0.110523
0.108586
0.10788
0.107185
0.106472
0.105672
0.104749
0.103661
0.10231
0.101445
0.100916
0.100591
0.100283
0.100163
0.0999835
0.0997174
0.0993534
0.0990322
0.0990814
0.0995936
0.100023
0.100349
0.100598
0.101064
0.10156
0.101956
0.102391
0.102875
0.103291
0.103697
0.104053
0.105004
0.106329
0.107549
0.108845
0.110923
0.112888
0.114808
0.116668
0.118344
0.119866
0.121268
0.122563
0.123745
0.124834
0.125856
0.126801
0.127697
0.128597
0.129699
0.131467
0.133824
0.136144
0.138267
0.140223
0.142023
0.14368
0.145205
0.146607
0.147893
0.149068
0.150137
0.151101
0.151967
0.152732
0.153468
0.154268
0.155255
0.15629
0.157441
0.158511
0.159549
0.160507
0.161356
0.162087
0.162712
0.163212
0.163568
0.163757
0.163973
0.16408
0.170648
0.170343
0.170001
0.169621
0.169203
0.168745
0.168244
0.167703
0.167185
0.166732
0.166384
0.16608
0.165854
0.165616
0.165395
0.165155
0.164898
0.164609
0.164295
0.163947
0.163565
0.163146
0.16274
0.162315
0.161857
0.161438
0.161144
0.160795
0.160408
0.159971
0.159695
0.159428
0.159116
0.158781
0.158392
0.15795
0.157656
0.157399
0.157055
0.156636
0.156184
0.156002
0.156388
0.156612
0.156692
0.156647
0.156522
0.156317
0.156143
0.156539
0.157363
0.158154
0.158697
0.159036
0.159191
0.159237
0.159194
0.159702
0.161286
0.162697
0.16382
0.164672
0.165266
0.165611
0.166238
0.16699
0.167535
0.168071
0.168748
0.16917
0.169333
0.169229
0.169182
0.16941
0.169774
0.169897
0.169767
0.169466
0.169408
0.169173
0.168725
0.168114
0.167323
0.166431
0.166239
0.165962
0.165527
0.164883
0.164626
0.164769
0.164797
0.164689
0.164689
0.164587
0.164377
0.164057
0.163636
0.163108
0.162458
0.161691
0.160994
0.16022
0.159605
0.159422
0.159533
0.159876
0.160303
0.16068
0.161004
0.161277
0.161495
0.161658
0.161764
0.16181
0.161793
0.161707
0.161546
0.161303
0.160964
0.160524
0.160261
0.160314
0.160528
0.160793
0.161076
0.161335
0.161603
0.161856
0.162072
0.162252
0.162413
0.162534
0.162599
0.162604
0.162711
0.162806
0.162907
0.163186
0.163728
0.164186
0.164653
0.165061
0.165677
0.166336
0.166926
0.167485
0.16797
0.16838
0.169203
0.170186
0.171012
0.171707
0.172344
0.173283
0.174883
0.176284
0.177518
0.178609
0.179609
0.180524
0.18137
0.182392
0.183579
0.184746
0.185773
0.186697
0.187514
0.188269
0.188956
0.189669
0.190522
0.191315
0.192022
0.192648
0.193197
0.19367
0.194133
0.194569
0.194941
0.19527
0.195631
0.195951
0.196213
0.196418
0.196579
0.196722
0.196875
0.196977
0.197027
0.197053
0.197096
0.19711
0.197075
0.197006
0.196907
0.19677
0.196626
0.196443
0.19624
0.196009
0.195747
0.195486
0.195228
0.194938
0.194637
0.194303
0.193923
0.193505
0.193069
0.192611
0.192118
0.191601
0.191097
0.190572
0.190066
0.189594
0.189155
0.188786
0.188473
0.188128
0.18773
0.187281
0.186783
0.186235
0.185639
0.184994
0.1843
0.183554
0.182755
0.1819
0.180983
0.180002
0.179044
0.178189
0.177388
0.176587
0.175784
0.174939
0.174084
0.173218
0.172296
0.171322
0.170332
0.169294
0.168175
0.166966
0.165728
0.164407
0.163107
0.16188
0.160588
0.159234
0.158012
0.156758
0.155433
0.154032
0.152537
0.15101
0.149354
0.147525
0.145777
0.143925
0.141908
0.13969
0.137622
0.136092
0.134466
0.132718
0.130834
0.128795
0.126815
0.125348
0.123672
0.121707
0.120248
0.118671
0.116931
0.115003
0.112843
0.110523
0.108586
0.10788
0.107185
0.106472
0.105672
0.104749
0.103661
0.10231
0.101445
0.100916
0.100591
0.100283
0.100163
0.0999835
0.0997174
0.0993534
0.0990322
0.0990814
0.0995936
0.100023
0.100349
0.100598
0.101064
0.10156
0.101956
0.102391
0.102875
0.103291
0.103697
0.104053
0.105004
0.106329
0.107549
0.108845
0.110923
0.112888
0.114808
0.116668
0.118344
0.119866
0.121268
0.122563
0.123745
0.124834
0.125856
0.126801
0.127697
0.128597
0.129699
0.131467
0.133824
0.136144
0.138267
0.140223
0.142023
0.14368
0.145205
0.146607
0.147893
0.149068
0.150137
0.151101
0.151967
0.152732
0.153468
0.154268
0.155255
0.15629
0.157441
0.158511
0.159549
0.160507
0.161356
0.162087
0.162712
0.163212
0.163568
0.163757
0.163973
0.16408
0.137332
0.13866
0.139881
0.140998
0.142016
0.142936
0.143763
0.144512
0.145387
0.146484
0.147678
0.14889
0.150002
0.15105
0.152019
0.152872
0.153627
0.154305
0.15487
0.155313
0.155619
0.155775
0.155963
0.15603
0.155986
0.156193
0.156456
0.1566
0.156709
0.156837
0.157146
0.157341
0.157411
0.157369
0.157157
0.156688
0.156583
0.156438
0.156129
0.155628
0.154912
0.154801
0.155039
0.155207
0.155309
0.155357
0.155327
0.155239
0.155246
0.155238
0.155387
0.155542
0.155641
0.155682
0.155681
0.155631
0.155545
0.155599
0.155772
0.155922
0.156042
0.156123
0.156162
0.156148
0.156153
0.156148
0.156126
0.156133
0.156116
0.156122
0.156112
0.156067
0.155997
0.155961
0.155924
0.155857
0.155759
0.155628
0.155547
0.155457
0.155349
0.155238
0.155101
0.154936
0.154776
0.154606
0.154435
0.154233
0.154009
0.153808
0.153597
0.153361
0.15315
0.152916
0.152654
0.152364
0.152051
0.15176
0.151461
0.151132
0.150811
0.150544
0.150259
0.150058
0.14988
0.149772
0.149701
0.149606
0.14948
0.149323
0.149136
0.148922
0.148679
0.148408
0.14811
0.147784
0.147429
0.147044
0.146626
0.146177
0.14577
0.14546
0.145212
0.145013
0.144796
0.144593
0.144411
0.144195
0.143966
0.143774
0.143564
0.143324
0.143055
0.142761
0.142522
0.14226
0.142041
0.141957
0.141828
0.141648
0.141598
0.141601
0.141571
0.141487
0.141354
0.141222
0.141096
0.140938
0.140981
0.140943
0.14083
0.140649
0.140683
0.141371
0.141915
0.142319
0.142603
0.142807
0.142937
0.143717
0.144462
0.145122
0.146355
0.147331
0.148088
0.148651
0.149045
0.149295
0.150066
0.152122
0.153945
0.155493
0.156774
0.157804
0.158594
0.159163
0.160168
0.161046
0.162077
0.163079
0.163876
0.164451
0.164794
0.164885
0.164828
0.165194
0.165643
0.165866
0.165856
0.16558
0.165377
0.165059
0.164619
0.164138
0.163446
0.162532
0.161429
0.160305
0.15989
0.159269
0.1584
0.157836
0.157746
0.157497
0.157282
0.157039
0.156694
0.156244
0.155686
0.155043
0.154295
0.153417
0.15242
0.151321
0.150065
0.148911
0.148003
0.147659
0.147728
0.147796
0.147817
0.147791
0.147715
0.147591
0.147415
0.147186
0.146902
0.146557
0.146147
0.145665
0.145099
0.144433
0.14374
0.143166
0.142756
0.142621
0.142523
0.142483
0.142486
0.142452
0.14239
0.14232
0.142219
0.142075
0.141883
0.141635
0.141528
0.141376
0.141246
0.141501
0.141754
0.141923
0.142239
0.142666
0.143114
0.143492
0.143802
0.144104
0.14442
0.144668
0.145521
0.146238
0.146818
0.147279
0.14784
0.149269
0.150551
0.151661
0.152626
0.153492
0.154249
0.155186
0.156076
0.156881
0.157936
0.15886
0.159653
0.160332
0.160915
0.161415
0.161928
0.162629
0.16327
0.163844
0.164357
0.164797
0.165165
0.165464
0.165778
0.166044
0.166298
0.166508
0.166668
0.166784
0.166856
0.166877
0.166866
0.166931
0.166967
0.166956
0.166901
0.166801
0.166711
0.166592
0.166443
0.16631
0.166141
0.165934
0.165713
0.165475
0.165241
0.164974
0.164678
0.164412
0.164129
0.163814
0.163516
0.163187
0.162821
0.162418
0.161982
0.161563
0.161137
0.160674
0.160198
0.159775
0.15932
0.158936
0.158572
0.158302
0.158079
0.157821
0.157523
0.157184
0.156808
0.156393
0.15594
0.155449
0.15492
0.15435
0.153738
0.153082
0.152378
0.151618
0.150847
0.150118
0.149441
0.148872
0.148304
0.14777
0.147262
0.146705
0.146103
0.145482
0.144819
0.144095
0.143302
0.14243
0.141517
0.140551
0.143687
0.143767
0.143791
0.143755
0.143654
0.143482
0.14323
0.142908
0.142736
0.142854
0.143169
0.143601
0.144029
0.144481
0.144937
0.145356
0.145752
0.146144
0.146499
0.146809
0.14707
0.14729
0.147653
0.147951
0.14824
0.14889
0.149595
0.150198
0.150809
0.151502
0.152408
0.153234
0.153986
0.154705
0.155382
0.156035
0.157212
0.158212
0.159053
0.159785
0.160457
0.161857
0.163432
0.164804
0.166022
0.167133
0.168137
0.169084
0.170154
0.171265
0.172551
0.173681
0.174677
0.175572
0.176407
0.177189
0.177954
0.178873
0.179846
0.180739
0.181558
0.182304
0.182984
0.183603
0.184232
0.184806
0.185336
0.185873
0.186363
0.186857
0.187321
0.187739
0.188124
0.188536
0.188924
0.189262
0.189552
0.189797
0.190083
0.190339
0.190562
0.190769
0.190936
0.191063
0.191184
0.191287
0.191381
0.191433
0.191456
0.191497
0.191512
0.19149
0.191483
0.19143
0.191329
0.191184
0.190999
0.190822
0.190622
0.190378
0.190129
0.189923
0.189688
0.189531
0.189396
0.189332
0.189286
0.189184
0.189023
0.188806
0.188537
0.188215
0.18784
0.187412
0.18693
0.186392
0.185796
0.18514
0.184419
0.183635
0.182864
0.182168
0.181512
0.180885
0.180221
0.179544
0.178858
0.178103
0.177297
0.176481
0.175597
0.174626
0.173565
0.17241
0.171246
0.169993
0.16871
0.167518
0.166239
0.164859
0.163555
0.162265
0.160895
0.159412
0.157807
0.156117
0.154336
0.152406
0.150589
0.148621
0.146475
0.144132
0.141853
0.140214
0.138458
0.136557
0.134503
0.132303
0.129932
0.128127
0.12622
0.124104
0.12257
0.120883
0.119025
0.116976
0.114713
0.112215
0.110118
0.109476
0.108843
0.108129
0.107303
0.106344
0.105226
0.103933
0.103235
0.102615
0.102389
0.102358
0.102301
0.102192
0.102016
0.101753
0.101518
0.101933
0.102531
0.103004
0.103367
0.103634
0.104154
0.104618
0.10507
0.105605
0.106066
0.106462
0.106847
0.107413
0.108804
0.110079
0.111247
0.112864
0.114852
0.116618
0.118382
0.119973
0.121376
0.122627
0.123751
0.124794
0.125752
0.126618
0.127422
0.128198
0.128916
0.129849
0.131147
0.133036
0.13521
0.137187
0.138964
0.140569
0.142025
0.143344
0.144539
0.145618
0.146587
0.147453
0.14822
0.14889
0.149465
0.149947
0.150421
0.150996
0.151659
0.152513
0.153306
0.154069
0.154783
0.155372
0.155847
0.156228
0.15649
0.156622
0.156616
0.156462
0.156379
0.156159
0.155871
0.155943
0.155972
0.155864
0.155848
0.155919
0.155967
0.155882
0.15565
0.155311
0.154871
0.154218
0.154118
0.153896
0.153518
0.152968
0.152433
0.152834
0.153212
0.153513
0.15374
0.153916
0.15401
0.154307
0.154584
0.154777
0.155272
0.155729
0.156131
0.156478
0.156773
0.157013
0.157288
0.157808
0.158338
0.158854
0.159355
0.159819
0.16024
0.160617
0.161041
0.161451
0.161885
0.162308
0.162709
0.163088
0.163444
0.163766
0.164073
0.164475
0.164863
0.165218
0.165539
0.165825
0.166134
0.166428
0.166703
0.167003
0.167272
0.167507
0.167732
0.167946
0.168166
0.168352
0.168507
0.168695
0.168867
0.169005
0.169162
0.16929
0.169382
0.169438
0.169462
0.169505
0.169541
0.169542
0.169531
0.169576
0.169592
0.169683
0.169797
0.170011
0.170271
0.170491
0.170665
0.170798
0.170891
0.170945
0.170962
0.17094
0.170881
0.170784
0.170648
0.170473
0.170256
0.169997
0.169746
0.169551
0.16941
0.169379
0.169346
0.169348
0.169379
0.169367
0.169318
0.169264
0.169185
0.169066
0.168907
0.168709
0.168519
0.168297
0.576192
0.575867
0.575463
0.574983
0.574636
0.574672
0.574646
0.57453
0.574317
0.574007
0.573601
0.573166
0.572864
0.572804
0.572929
0.57327
0.573555
0.57372
0.573771
0.573716
0.57356
0.574144
0.574838
0.576597
0.578191
0.579593
0.580878
0.582103
0.583199
0.584509
0.585811
0.588183
0.590381
0.592309
0.593994
0.595462
0.596729
0.598901
0.601601
0.60404
0.606268
0.608519
0.611138
0.614338
0.617866
0.621014
0.624219
0.628838
0.632971
0.636742
0.640144
0.643182
0.645906
0.648681
0.651257
0.653547
0.655568
0.658042
0.660789
0.663149
0.665145
0.666903
0.668421
0.670169
0.671685
0.672895
0.673813
0.674583
0.675178
0.675597
0.675819
0.676005
0.675981
0.675796
0.675419
0.674791
0.673899
0.672727
0.671243
0.669586
0.668177
0.666705
0.66531
0.663752
0.662069
0.660193
0.658072
0.655801
0.653544
0.65144
0.649503
0.64731
0.644835
0.642028
0.638831
0.635708
0.633239
0.63064
0.628044
0.625315
0.622374
0.619183
0.615714
0.611954
0.607987
0.604133
0.602492
0.601049
0.599387
0.597476
0.595472
0.593895
0.592245
0.590443
0.588463
0.586296
0.584167
0.58273
0.581778
0.580737
0.579446
0.577896
0.576064
0.575015
0.574944
0.57501
0.575092
0.575806
0.576516
0.577002
0.57728
0.577362
0.577256
0.57766
0.578145
0.57883
0.579302
0.579504
0.579926
0.581
0.582168
0.584081
0.586337
0.58997
0.593292
0.596248
0.598886
0.60124
0.603334
0.605335
0.607233
0.608943
0.610558
0.612016
0.613491
0.615194
0.617064
0.618882
0.620533
0.622315
0.624006
0.625633
0.627322
0.628856
0.630261
0.631604
0.632853
0.633978
0.634983
0.635972
0.63697
0.637905
0.638728
0.639541
0.640359
0.641196
0.641967
0.642646
0.643269
0.643815
0.644298
0.644758
0.645151
0.645527
0.645829
0.646081
0.6463
0.646438
0.646495
0.646473
0.646372
0.646255
0.64617
0.646051
0.645868
0.645682
0.645542
0.6454
0.645171
0.644862
0.644494
0.644122
0.643695
0.643191
0.642611
0.641952
0.641213
0.640412
0.639672
0.638891
0.638135
0.637351
0.636511
0.635584
0.634575
0.633483
0.63233
0.631143
0.629942
0.628674
0.627324
0.625888
0.62441
0.622972
0.621585
0.620164
0.61866
0.617071
0.615406
0.613697
0.611969
0.610182
0.608309
0.606347
0.604292
0.60221
0.600145
0.598083
0.596007
0.593968
0.59185
0.589645
0.58735
0.584964
0.582483
0.579933
0.577401
0.574793
0.572069
0.569207
0.566364
0.563596
0.560827
0.557938
0.555016
0.552287
0.549656
0.546896
0.543996
0.540945
0.537725
0.534614
0.531423
0.528115
0.524944
0.521657
0.518644
0.515518
0.512156
0.508581
0.50469
0.500589
0.497191
0.494132
0.491287
0.488031
0.484265
0.481338
0.478972
0.476296
0.47329
0.470354
0.467894
0.465093
0.461901
0.460026
0.457929
0.455685
0.455009
0.454034
0.452894
0.451916
0.451632
0.453001
0.454227
0.45544
0.456409
0.457973
0.460115
0.461963
0.463524
0.464795
0.465766
0.467086
0.469621
0.472684
0.475555
0.478678
0.482292
0.486144
0.489597
0.492805
0.496415
0.499935
0.503528
0.506898
0.510058
0.513018
0.515784
0.518377
0.521245
0.52417
0.527472
0.531155
0.534988
0.538598
0.542001
0.54521
0.548266
0.551253
0.554186
0.55698
0.559622
0.562125
0.564558
0.566916
0.569542
0.572091
0.574472
0.576697
0.578831
0.581082
0.583308
0.585455
0.587465
0.589343
0.591089
0.592714
0.594233
0.595687
0.597061
0.598585
0.600053
0.601362
0.60252
0.603528
0.604387
0.605147
0.60587
0.606461
0.576192
0.575867
0.575463
0.574983
0.574636
0.574672
0.574646
0.57453
0.574317
0.574007
0.573601
0.573166
0.572864
0.572804
0.572929
0.57327
0.573555
0.57372
0.573771
0.573716
0.57356
0.574144
0.574838
0.576597
0.578191
0.579593
0.580878
0.582103
0.583199
0.584509
0.585811
0.588183
0.590381
0.592309
0.593994
0.595462
0.596729
0.598901
0.601601
0.60404
0.606268
0.608519
0.611138
0.614338
0.617866
0.621014
0.624219
0.628838
0.632971
0.636742
0.640144
0.643182
0.645906
0.648681
0.651257
0.653547
0.655568
0.658042
0.660789
0.663149
0.665145
0.666903
0.668421
0.670169
0.671685
0.672895
0.673813
0.674583
0.675178
0.675597
0.675819
0.676005
0.675981
0.675796
0.675419
0.674791
0.673899
0.672727
0.671243
0.669586
0.668177
0.666705
0.66531
0.663752
0.662069
0.660193
0.658072
0.655801
0.653544
0.65144
0.649503
0.64731
0.644835
0.642028
0.638831
0.635708
0.633239
0.63064
0.628044
0.625315
0.622374
0.619183
0.615714
0.611954
0.607987
0.604133
0.602492
0.601049
0.599387
0.597476
0.595472
0.593895
0.592245
0.590443
0.588463
0.586296
0.584167
0.58273
0.581778
0.580737
0.579446
0.577896
0.576064
0.575015
0.574944
0.57501
0.575092
0.575806
0.576516
0.577002
0.57728
0.577362
0.577256
0.57766
0.578145
0.57883
0.579302
0.579504
0.579926
0.581
0.582168
0.584081
0.586337
0.58997
0.593292
0.596248
0.598886
0.60124
0.603334
0.605335
0.607233
0.608943
0.610558
0.612016
0.613491
0.615194
0.617064
0.618882
0.620533
0.622315
0.624006
0.625633
0.627322
0.628856
0.630261
0.631604
0.632853
0.633978
0.634983
0.635972
0.63697
0.637905
0.638728
0.639541
0.640359
0.641196
0.641967
0.642646
0.643269
0.643815
0.644298
0.644758
0.645151
0.645527
0.645829
0.646081
0.6463
0.646438
0.646495
0.646473
0.646372
0.646255
0.64617
0.646051
0.645868
0.645682
0.645542
0.6454
0.645171
0.644862
0.644494
0.644122
0.643695
0.643191
0.642611
0.641952
0.641213
0.640412
0.639672
0.638891
0.638135
0.637351
0.636511
0.635584
0.634575
0.633483
0.63233
0.631143
0.629942
0.628674
0.627324
0.625888
0.62441
0.622972
0.621585
0.620164
0.61866
0.617071
0.615406
0.613697
0.611969
0.610182
0.608309
0.606347
0.604292
0.60221
0.600145
0.598083
0.596007
0.593968
0.59185
0.589645
0.58735
0.584964
0.582483
0.579933
0.577401
0.574793
0.572069
0.569207
0.566364
0.563596
0.560827
0.557938
0.555016
0.552287
0.549656
0.546896
0.543996
0.540945
0.537725
0.534614
0.531423
0.528115
0.524944
0.521657
0.518644
0.515518
0.512156
0.508581
0.50469
0.500589
0.497191
0.494132
0.491287
0.488031
0.484265
0.481338
0.478972
0.476296
0.47329
0.470354
0.467894
0.465093
0.461901
0.460026
0.457929
0.455685
0.455009
0.454034
0.452894
0.451916
0.451632
0.453001
0.454227
0.45544
0.456409
0.457973
0.460115
0.461963
0.463524
0.464795
0.465766
0.467086
0.469621
0.472684
0.475555
0.478678
0.482292
0.486144
0.489597
0.492805
0.496415
0.499935
0.503528
0.506898
0.510058
0.513018
0.515784
0.518377
0.521245
0.52417
0.527472
0.531155
0.534988
0.538598
0.542001
0.54521
0.548266
0.551253
0.554186
0.55698
0.559622
0.562125
0.564558
0.566916
0.569542
0.572091
0.574472
0.576697
0.578831
0.581082
0.583308
0.585455
0.587465
0.589343
0.591089
0.592714
0.594233
0.595687
0.597061
0.598585
0.600053
0.601362
0.60252
0.603528
0.604387
0.605147
0.60587
0.606461
0.137332
0.13866
0.139881
0.140998
0.142016
0.142936
0.143763
0.144512
0.145387
0.146484
0.147678
0.14889
0.150002
0.15105
0.152019
0.152872
0.153627
0.154305
0.15487
0.155313
0.155619
0.155775
0.155963
0.15603
0.155986
0.156193
0.156456
0.1566
0.156709
0.156837
0.157146
0.157341
0.157411
0.157369
0.157157
0.156688
0.156583
0.156438
0.156129
0.155628
0.154912
0.154801
0.155039
0.155207
0.155309
0.155357
0.155327
0.155239
0.155246
0.155238
0.155387
0.155542
0.155641
0.155682
0.155681
0.155631
0.155545
0.155599
0.155772
0.155922
0.156042
0.156123
0.156162
0.156148
0.156153
0.156148
0.156126
0.156133
0.156116
0.156122
0.156112
0.156067
0.155997
0.155961
0.155924
0.155857
0.155759
0.155628
0.155547
0.155457
0.155349
0.155238
0.155101
0.154936
0.154776
0.154606
0.154435
0.154233
0.154009
0.153808
0.153597
0.153361
0.15315
0.152916
0.152654
0.152364
0.152051
0.15176
0.151461
0.151132
0.150811
0.150544
0.150259
0.150058
0.14988
0.149772
0.149701
0.149606
0.14948
0.149323
0.149136
0.148922
0.148679
0.148408
0.14811
0.147784
0.147429
0.147044
0.146626
0.146177
0.14577
0.14546
0.145212
0.145013
0.144796
0.144593
0.144411
0.144195
0.143966
0.143774
0.143564
0.143324
0.143055
0.142761
0.142522
0.14226
0.142041
0.141957
0.141828
0.141648
0.141598
0.141601
0.141571
0.141487
0.141354
0.141222
0.141096
0.140938
0.140981
0.140943
0.14083
0.140649
0.140683
0.141371
0.141915
0.142319
0.142603
0.142807
0.142937
0.143717
0.144462
0.145122
0.146355
0.147331
0.148088
0.148651
0.149045
0.149295
0.150066
0.152122
0.153945
0.155493
0.156774
0.157804
0.158594
0.159163
0.160168
0.161046
0.162077
0.163079
0.163876
0.164451
0.164794
0.164885
0.164828
0.165194
0.165643
0.165866
0.165856
0.16558
0.165377
0.165059
0.164619
0.164138
0.163446
0.162532
0.161429
0.160305
0.15989
0.159269
0.1584
0.157836
0.157746
0.157497
0.157282
0.157039
0.156694
0.156244
0.155686
0.155043
0.154295
0.153417
0.15242
0.151321
0.150065
0.148911
0.148003
0.147659
0.147728
0.147796
0.147817
0.147791
0.147715
0.147591
0.147415
0.147186
0.146902
0.146557
0.146147
0.145665
0.145099
0.144433
0.14374
0.143166
0.142756
0.142621
0.142523
0.142483
0.142486
0.142452
0.14239
0.14232
0.142219
0.142075
0.141883
0.141635
0.141528
0.141376
0.141246
0.141501
0.141754
0.141923
0.142239
0.142666
0.143114
0.143492
0.143802
0.144104
0.14442
0.144668
0.145521
0.146238
0.146818
0.147279
0.14784
0.149269
0.150551
0.151661
0.152626
0.153492
0.154249
0.155186
0.156076
0.156881
0.157936
0.15886
0.159653
0.160332
0.160915
0.161415
0.161928
0.162629
0.16327
0.163844
0.164357
0.164797
0.165165
0.165464
0.165778
0.166044
0.166298
0.166508
0.166668
0.166784
0.166856
0.166877
0.166866
0.166931
0.166967
0.166956
0.166901
0.166801
0.166711
0.166592
0.166443
0.16631
0.166141
0.165934
0.165713
0.165475
0.165241
0.164974
0.164678
0.164412
0.164129
0.163814
0.163516
0.163187
0.162821
0.162418
0.161982
0.161563
0.161137
0.160674
0.160198
0.159775
0.15932
0.158936
0.158572
0.158302
0.158079
0.157821
0.157523
0.157184
0.156808
0.156393
0.15594
0.155449
0.15492
0.15435
0.153738
0.153082
0.152378
0.151618
0.150847
0.150118
0.149441
0.148872
0.148304
0.14777
0.147262
0.146705
0.146103
0.145482
0.144819
0.144095
0.143302
0.14243
0.141517
0.140551
0.143687
0.143767
0.143791
0.143755
0.143654
0.143482
0.14323
0.142908
0.142736
0.142854
0.143169
0.143601
0.144029
0.144481
0.144937
0.145356
0.145752
0.146144
0.146499
0.146809
0.14707
0.14729
0.147653
0.147951
0.14824
0.14889
0.149595
0.150198
0.150809
0.151502
0.152408
0.153234
0.153986
0.154705
0.155382
0.156035
0.157212
0.158212
0.159053
0.159785
0.160457
0.161857
0.163432
0.164804
0.166022
0.167133
0.168137
0.169084
0.170154
0.171265
0.172551
0.173681
0.174677
0.175572
0.176407
0.177189
0.177954
0.178873
0.179846
0.180739
0.181558
0.182304
0.182984
0.183603
0.184232
0.184806
0.185336
0.185873
0.186363
0.186857
0.187321
0.187739
0.188124
0.188536
0.188924
0.189262
0.189552
0.189797
0.190083
0.190339
0.190562
0.190769
0.190936
0.191063
0.191184
0.191287
0.191381
0.191433
0.191456
0.191497
0.191512
0.19149
0.191483
0.19143
0.191329
0.191184
0.190999
0.190822
0.190622
0.190378
0.190129
0.189923
0.189688
0.189531
0.189396
0.189332
0.189286
0.189184
0.189023
0.188806
0.188537
0.188215
0.18784
0.187412
0.18693
0.186392
0.185796
0.18514
0.184419
0.183635
0.182864
0.182168
0.181512
0.180885
0.180221
0.179544
0.178858
0.178103
0.177297
0.176481
0.175597
0.174626
0.173565
0.17241
0.171246
0.169993
0.16871
0.167518
0.166239
0.164859
0.163555
0.162265
0.160895
0.159412
0.157807
0.156117
0.154336
0.152406
0.150589
0.148621
0.146475
0.144132
0.141853
0.140214
0.138458
0.136557
0.134503
0.132303
0.129932
0.128127
0.12622
0.124104
0.12257
0.120883
0.119025
0.116976
0.114713
0.112215
0.110118
0.109476
0.108843
0.108129
0.107303
0.106344
0.105226
0.103933
0.103235
0.102615
0.102389
0.102358
0.102301
0.102192
0.102016
0.101753
0.101518
0.101933
0.102531
0.103004
0.103367
0.103634
0.104154
0.104618
0.10507
0.105605
0.106066
0.106462
0.106847
0.107413
0.108804
0.110079
0.111247
0.112864
0.114852
0.116618
0.118382
0.119973
0.121376
0.122627
0.123751
0.124794
0.125752
0.126618
0.127422
0.128198
0.128916
0.129849
0.131147
0.133036
0.13521
0.137187
0.138964
0.140569
0.142025
0.143344
0.144539
0.145618
0.146587
0.147453
0.14822
0.14889
0.149465
0.149947
0.150421
0.150996
0.151659
0.152513
0.153306
0.154069
0.154783
0.155372
0.155847
0.156228
0.15649
0.156622
0.156616
0.156462
0.156379
0.156159
0.155871
0.155943
0.155972
0.155864
0.155848
0.155919
0.155967
0.155882
0.15565
0.155311
0.154871
0.154218
0.154118
0.153896
0.153518
0.152968
0.152433
0.152834
0.153212
0.153513
0.15374
0.153916
0.15401
0.154307
0.154584
0.154777
0.155272
0.155729
0.156131
0.156478
0.156773
0.157013
0.157288
0.157808
0.158338
0.158854
0.159355
0.159819
0.16024
0.160617
0.161041
0.161451
0.161885
0.162308
0.162709
0.163088
0.163444
0.163766
0.164073
0.164475
0.164863
0.165218
0.165539
0.165825
0.166134
0.166428
0.166703
0.167003
0.167272
0.167507
0.167732
0.167946
0.168166
0.168352
0.168507
0.168695
0.168867
0.169005
0.169162
0.16929
0.169382
0.169438
0.169462
0.169505
0.169541
0.169542
0.169531
0.169576
0.169592
0.169683
0.169797
0.170011
0.170271
0.170491
0.170665
0.170798
0.170891
0.170945
0.170962
0.17094
0.170881
0.170784
0.170648
0.170473
0.170256
0.169997
0.169746
0.169551
0.16941
0.169379
0.169346
0.169348
0.169379
0.169367
0.169318
0.169264
0.169185
0.169066
0.168907
0.168709
0.168519
0.168297
