1.96987
1.97044
1.97099
1.97153
1.97206
1.97258
1.97309
1.97358
1.97406
1.97453
1.97499
1.97544
1.97587
1.97629
1.9767
1.97709
1.97747
1.97784
1.9782
1.97854
1.97887
1.97918
1.97949
1.97977
1.98005
1.98031
1.98056
1.98079
1.98101
1.98121
1.98141
1.98158
1.98175
1.9819
1.98203
1.98216
1.98226
1.98236
1.98244
1.98251
1.98256
1.9826
1.98262
1.98263
1.98263
1.98262
1.98259
1.98254
1.98249
1.98242
1.98233
1.98224
1.98213
1.98201
1.98187
1.98172
1.98156
1.98139
1.9812
1.981
1.98079
1.98057
1.98034
1.98009
1.97983
1.97956
1.97928
1.97899
1.97868
1.97837
1.97804
1.9777
1.97736
1.977
1.97663
1.97625
1.97586
1.97547
1.97506
1.97464
1.97421
1.97378
1.97334
1.97288
1.97242
1.97195
1.97147
1.97099
1.97049
1.96999
1.96948
1.96896
1.96844
1.96791
1.96737
1.96683
1.96628
1.96572
1.96516
1.96459
1.96402
1.96344
1.96285
1.96226
1.96167
1.96107
1.96047
1.95986
1.95925
1.95863
1.95801
1.95739
1.95676
1.95613
1.95549
1.95486
1.95422
1.95358
1.95293
1.95229
1.95164
1.95099
1.95033
1.94968
1.94902
1.94837
1.94771
1.94705
1.94639
1.94572
1.94506
1.9444
1.94374
1.94307
1.94241
1.94175
1.94108
1.94042
1.93976
1.9391
1.93844
1.93777
1.93711
1.93646
1.9358
1.93514
1.93449
1.93383
1.93318
1.93253
1.93188
1.93123
1.93058
1.92994
1.9293
1.92866
1.92802
1.92738
1.92675
1.92612
1.92549
1.92487
1.92424
1.92362
1.92301
1.92239
1.92178
1.92117
1.92056
1.91996
1.91936
1.91876
1.91817
1.91758
1.91699
1.91641
1.91583
1.91526
1.91468
1.91411
1.91355
1.91299
1.91243
1.91188
1.91133
1.91078
1.91024
1.9097
1.90916
1.90863
1.90811
1.90759
1.90707
1.90656
1.90605
1.90554
1.90504
1.90455
1.90406
1.90357
1.90309
1.90261
1.90214
1.90167
1.90121
1.90075
1.9003
1.89985
1.89941
1.89897
1.89854
1.89811
1.89769
1.89727
1.89686
1.89646
1.89606
1.89566
1.89527
1.89489
1.89451
1.89414
1.89378
1.89342
1.89306
1.89271
1.89237
1.89204
1.89171
1.89139
1.89107
1.89076
1.89046
1.89016
1.88987
1.88959
1.88932
1.88905
1.88879
1.88853
1.88829
1.88805
1.88781
1.88759
1.88737
1.88717
1.88696
1.88677
1.88659
1.88641
1.88624
1.88608
1.88592
1.88578
1.88564
1.88552
1.8854
1.88529
1.88519
1.8851
1.88501
1.88494
1.88487
1.88482
1.88477
1.88474
1.88471
1.88469
1.88468
1.88469
1.8847
1.88472
1.88475
1.88479
1.88484
1.8849
1.88498
1.88506
1.88515
1.88525
1.88537
1.88549
1.88562
1.88577
1.88592
1.88609
1.88627
1.88646
1.88665
1.88686
1.88708
1.88731
1.88756
1.88781
1.88807
1.88835
1.88863
1.88893
1.88924
1.88956
1.88989
1.89023
1.89058
1.89094
1.89132
1.8917
1.8921
1.8925
1.89292
1.89335
1.89379
1.89424
1.8947
1.89517
1.89565
1.89614
1.89664
1.89715
1.89767
1.8982
1.89875
1.8993
1.89986
1.90043
1.90101
1.9016
1.9022
1.90281
1.90343
1.90406
1.90469
1.90534
1.90599
1.90665
1.90732
1.908
1.90869
1.90938
1.91008
1.91079
1.91151
1.91223
1.91296
1.9137
1.91444
1.91519
1.91595
1.91671
1.91748
1.91825
1.91903
1.91981
1.9206
1.92139
1.92219
1.92299
1.9238
1.92461
1.92542
1.92624
1.96987
1.97044
1.97099
1.97153
1.97206
1.97258
1.97309
1.97358
1.97406
1.97453
1.97499
1.97544
1.97587
1.97629
1.9767
1.97709
1.97747
1.97784
1.9782
1.97854
1.97887
1.97918
1.97949
1.97977
1.98005
1.98031
1.98056
1.98079
1.98101
1.98121
1.98141
1.98158
1.98175
1.9819
1.98203
1.98216
1.98226
1.98236
1.98244
1.98251
1.98256
1.9826
1.98262
1.98263
1.98263
1.98262
1.98259
1.98254
1.98249
1.98242
1.98233
1.98224
1.98213
1.98201
1.98187
1.98172
1.98156
1.98139
1.9812
1.981
1.98079
1.98057
1.98034
1.98009
1.97983
1.97956
1.97928
1.97899
1.97868
1.97837
1.97804
1.9777
1.97736
1.977
1.97663
1.97625
1.97586
1.97547
1.97506
1.97464
1.97421
1.97378
1.97334
1.97288
1.97242
1.97195
1.97147
1.97099
1.97049
1.96999
1.96948
1.96896
1.96844
1.96791
1.96737
1.96683
1.96628
1.96572
1.96516
1.96459
1.96402
1.96344
1.96285
1.96226
1.96167
1.96107
1.96047
1.95986
1.95925
1.95863
1.95801
1.95739
1.95676
1.95613
1.95549
1.95486
1.95422
1.95358
1.95293
1.95229
1.95164
1.95099
1.95033
1.94968
1.94902
1.94837
1.94771
1.94705
1.94639
1.94572
1.94506
1.9444
1.94374
1.94307
1.94241
1.94175
1.94108
1.94042
1.93976
1.9391
1.93844
1.93777
1.93711
1.93646
1.9358
1.93514
1.93449
1.93383
1.93318
1.93253
1.93188
1.93123
1.93058
1.92994
1.9293
1.92866
1.92802
1.92738
1.92675
1.92612
1.92549
1.92487
1.92424
1.92362
1.92301
1.92239
1.92178
1.92117
1.92056
1.91996
1.91936
1.91876
1.91817
1.91758
1.91699
1.91641
1.91583
1.91526
1.91468
1.91411
1.91355
1.91299
1.91243
1.91188
1.91133
1.91078
1.91024
1.9097
1.90916
1.90863
1.90811
1.90759
1.90707
1.90656
1.90605
1.90554
1.90504
1.90455
1.90406
1.90357
1.90309
1.90261
1.90214
1.90167
1.90121
1.90075
1.9003
1.89985
1.89941
1.89897
1.89854
1.89811
1.89769
1.89727
1.89686
1.89646
1.89606
1.89566
1.89527
1.89489
1.89451
1.89414
1.89378
1.89342
1.89306
1.89271
1.89237
1.89204
1.89171
1.89139
1.89107
1.89076
1.89046
1.89016
1.88987
1.88959
1.88932
1.88905
1.88879
1.88853
1.88829
1.88805
1.88781
1.88759
1.88737
1.88717
1.88696
1.88677
1.88659
1.88641
1.88624
1.88608
1.88592
1.88578
1.88564
1.88552
1.8854
1.88529
1.88519
1.8851
1.88501
1.88494
1.88487
1.88482
1.88477
1.88474
1.88471
1.88469
1.88468
1.88469
1.8847
1.88472
1.88475
1.88479
1.88484
1.8849
1.88498
1.88506
1.88515
1.88525
1.88537
1.88549
1.88562
1.88577
1.88592
1.88609
1.88627
1.88646
1.88665
1.88686
1.88708
1.88731
1.88756
1.88781
1.88807
1.88835
1.88863
1.88893
1.88924
1.88956
1.88989
1.89023
1.89058
1.89094
1.89132
1.8917
1.8921
1.8925
1.89292
1.89335
1.89379
1.89424
1.8947
1.89517
1.89565
1.89614
1.89664
1.89715
1.89767
1.8982
1.89875
1.8993
1.89986
1.90043
1.90101
1.9016
1.9022
1.90281
1.90343
1.90406
1.90469
1.90534
1.90599
1.90665
1.90732
1.908
1.90869
1.90938
1.91008
1.91079
1.91151
1.91223
1.91296
1.9137
1.91444
1.91519
1.91595
1.91671
1.91748
1.91825
1.91903
1.91981
1.9206
1.92139
1.92219
1.92299
1.9238
1.92461
1.92542
1.92624
0.122634
0.126986
0.130795
0.134066
0.136761
0.138757
0.13975
0.141749
0.148578
0.157865
0.166754
0.174891
0.182314
0.18911
0.195337
0.201068
0.206385
0.211303
0.215849
0.220028
0.224156
0.228387
0.232266
0.236228
0.240183
0.243845
0.247293
0.250572
0.253688
0.256607
0.259347
0.261943
0.264384
0.266725
0.268973
0.271077
0.273041
0.274877
0.276672
0.278388
0.279988
0.281488
0.282894
0.284209
0.285461
0.286642
0.287742
0.28877
0.289706
0.290553
0.291313
0.291996
0.292646
0.293287
0.293888
0.294426
0.294893
0.295282
0.295591
0.295834
0.29603
0.296225
0.296383
0.29648
0.296514
0.296486
0.296377
0.296245
0.296187
0.296071
0.295886
0.295622
0.295316
0.295041
0.294707
0.294341
0.293912
0.293418
0.29291
0.292401
0.291857
0.291238
0.290615
0.290062
0.289445
0.288797
0.288151
0.28745
0.286697
0.285895
0.285054
0.284175
0.283248
0.282286
0.281303
0.280286
0.279272
0.278283
0.277345
0.2764
0.275408
0.274372
0.273293
0.272172
0.27101
0.26981
0.26857
0.267292
0.265974
0.264615
0.26321
0.261779
0.26039
0.259057
0.257736
0.256406
0.255061
0.253705
0.252315
0.250898
0.249463
0.247999
0.2465
0.244962
0.243412
0.241875
0.240297
0.238763
0.237271
0.23574
0.234197
0.232666
0.231162
0.229623
0.228053
0.226478
0.22488
0.223303
0.221754
0.220167
0.218543
0.216881
0.215303
0.21377
0.212201
0.210609
0.209
0.207366
0.20574
0.204163
0.202571
0.200987
0.199365
0.197706
0.196014
0.194298
0.192577
0.190943
0.189352
0.18774
0.186093
0.184408
0.182681
0.180933
0.1792
0.177462
0.175732
0.173978
0.172179
0.170337
0.16843
0.166501
0.164805
0.16309
0.161292
0.159399
0.157502
0.155776
0.153928
0.151971
0.149888
0.147665
0.145388
0.143122
0.140748
0.138103
0.135553
0.134736
0.133568
0.132633
0.133093
0.133
0.132415
0.131371
0.12989
0.127951
0.125486
0.122427
0.118666
0.113888
0.108732
0.10511
0.109922
0.119219
0.12707
0.133739
0.139416
0.144227
0.14828
0.151624
0.154279
0.156221
0.15736
0.157481
0.156076
0.15431
0.157263
0.163065
0.16863
0.173752
0.178409
0.182672
0.186561
0.190121
0.193395
0.196382
0.199068
0.201411
0.203571
0.205888
0.207917
0.210133
0.212416
0.214529
0.216522
0.218438
0.22027
0.221979
0.223574
0.225073
0.226467
0.227782
0.229058
0.230235
0.231316
0.232302
0.233281
0.234227
0.235095
0.235894
0.236636
0.237308
0.237935
0.238533
0.239071
0.239564
0.239992
0.240354
0.240654
0.240905
0.24112
0.241342
0.241572
0.241755
0.241885
0.241956
0.241968
0.24193
0.241873
0.241785
0.241694
0.241587
0.24143
0.241234
0.24098
0.240686
0.240484
0.240267
0.239987
0.239646
0.239265
0.238941
0.238558
0.238161
0.237712
0.237205
0.236663
0.236117
0.235594
0.235013
0.234396
0.233887
0.233342
0.232758
0.232203
0.231584
0.230906
0.230174
0.2294
0.228589
0.227729
0.226832
0.22592
0.224972
0.224031
0.223112
0.222262
0.221421
0.220531
0.219594
0.218615
0.217593
0.216532
0.215434
0.214297
0.213121
0.211907
0.210651
0.20935
0.208012
0.206715
0.205483
0.204262
0.203041
0.201802
0.20056
0.199286
0.197987
0.196675
0.195335
0.193959
0.192544
0.191102
0.189675
0.188201
0.186775
0.18539
0.183971
0.18255
0.181162
0.179786
0.178385
0.176956
0.175528
0.174092
0.172649
0.171244
0.169805
0.168329
0.166811
0.165389
0.164016
0.162614
0.161194
0.159766
0.158318
0.156925
0.155546
0.154151
0.152778
0.122283
0.119634
0.116387
0.112503
0.107911
0.102518
0.0961579
0.0909595
0.0901378
0.0916836
0.0932118
0.0944786
0.0955007
0.0963255
0.0969633
0.0974497
0.0978072
0.0980206
0.0980828
0.0979809
0.0980184
0.0983407
0.0985497
0.0990401
0.0997461
0.100394
0.101032
0.101689
0.102362
0.103006
0.103628
0.104249
0.104851
0.105483
0.106151
0.106803
0.107441
0.10807
0.108768
0.109493
0.110206
0.110921
0.111641
0.112366
0.113116
0.113881
0.114652
0.115433
0.116206
0.116974
0.117738
0.118506
0.119324
0.120194
0.121088
0.121986
0.12288
0.123764
0.124637
0.125524
0.126417
0.127371
0.128344
0.129315
0.130286
0.131256
0.132214
0.13322
0.134332
0.135421
0.136485
0.137526
0.138597
0.139707
0.140795
0.141894
0.142978
0.144045
0.145148
0.146286
0.147435
0.148561
0.149738
0.150998
0.152221
0.153459
0.154694
0.155889
0.157056
0.158201
0.159336
0.160459
0.161559
0.162654
0.163754
0.164848
0.165973
0.167154
0.168399
0.169635
0.170834
0.171999
0.173139
0.174252
0.175338
0.176398
0.17743
0.178434
0.179408
0.18035
0.181257
0.18215
0.183088
0.184074
0.185071
0.186062
0.187039
0.188005
0.188936
0.189837
0.190715
0.191556
0.192356
0.193111
0.193848
0.194581
0.195266
0.195981
0.196724
0.197418
0.198086
0.198752
0.19943
0.20006
0.200643
0.201201
0.201714
0.202233
0.202749
0.203206
0.203605
0.203949
0.204345
0.204758
0.20511
0.205412
0.205669
0.205871
0.206041
0.206221
0.206361
0.206467
0.206501
0.206464
0.206356
0.206182
0.205962
0.205768
0.205566
0.205292
0.204933
0.20448
0.203926
0.203297
0.202612
0.201859
0.201042
0.200132
0.1991
0.197943
0.196635
0.195214
0.1939
0.192458
0.190823
0.188979
0.187024
0.185106
0.182965
0.180605
0.177996
0.175104
0.171996
0.168691
0.165064
0.160961
0.156742
0.153818
0.150323
0.146947
0.144683
0.141863
0.138565
0.134791
0.130526
0.125715
0.120267
0.114115
0.107175
0.099267
0.0912695
0.0854552
0.0874284
0.0924839
0.095829
0.09812
0.0996655
0.100628
0.101099
0.101126
0.100727
0.0999014
0.098626
0.0968581
0.0945294
0.0934303
0.0968177
0.101739
0.105796
0.109172
0.112013
0.114473
0.116615
0.118506
0.120203
0.121718
0.123065
0.12426
0.12558
0.126981
0.128162
0.129618
0.131102
0.132435
0.133689
0.13491
0.136101
0.137227
0.138299
0.139338
0.140341
0.141351
0.142356
0.143313
0.144235
0.145127
0.146068
0.147021
0.147944
0.148848
0.149744
0.150623
0.151503
0.152404
0.153303
0.154197
0.155073
0.155931
0.156776
0.157618
0.158471
0.159366
0.160307
0.161245
0.162169
0.163074
0.163961
0.164842
0.165736
0.166636
0.167569
0.168524
0.169469
0.170412
0.171329
0.17224
0.173264
0.17431
0.175329
0.176322
0.177314
0.178392
0.179451
0.180537
0.181607
0.182659
0.183707
0.184776
0.185895
0.186985
0.188067
0.189273
0.190478
0.191679
0.192942
0.194181
0.195401
0.196605
0.1978
0.198989
0.200158
0.201317
0.202483
0.203634
0.204816
0.206042
0.207352
0.208684
0.209986
0.211264
0.212519
0.213752
0.214963
0.216149
0.217315
0.218456
0.219572
0.220661
0.22172
0.222765
0.223856
0.225001
0.226145
0.227292
0.228417
0.229538
0.230625
0.231685
0.232729
0.233741
0.234717
0.235654
0.236572
0.237493
0.238365
0.23928
0.240208
0.241082
0.241938
0.2428
0.243649
0.244446
0.245195
0.245921
0.246615
0.247292
0.247965
0.248575
0.249126
0.249622
0.250183
0.250737
0.251221
0.251643
0.252017
0.252331
0.252652
0.252936
0.25317
0.253359
0.374166
0.373372
0.372593
0.371849
0.371135
0.370428
0.369727
0.369033
0.368346
0.367663
0.366983
0.366303
0.365692
0.365192
0.364712
0.364386
0.364187
0.364006
0.363829
0.363657
0.363489
0.363349
0.363212
0.36307
0.362946
0.362891
0.362929
0.36301
0.363072
0.363129
0.363242
0.363464
0.363697
0.364009
0.364352
0.364696
0.36502
0.365418
0.365901
0.366415
0.366923
0.367434
0.36795
0.368499
0.369035
0.369604
0.370284
0.371027
0.371751
0.372426
0.373118
0.374063
0.375298
0.376518
0.377675
0.378779
0.379887
0.38107
0.382192
0.383613
0.385189
0.386731
0.388143
0.389485
0.390759
0.392143
0.393385
0.394461
0.395439
0.396383
0.399153
0.401766
0.405408
0.410783
0.415586
0.419845
0.423913
0.428812
0.433699
0.437933
0.441508
0.444452
0.44675
0.448352
0.449204
0.449237
0.448409
0.451596
0.458666
0.466947
0.480552
0.493605
0.504666
0.513904
0.52139
0.527167
0.531235
0.533549
0.53402
0.532521
0.528836
0.522595
0.520344
0.519551
0.528691
0.541073
0.55186
0.561218
0.569247
0.576013
0.581571
0.585944
0.589149
0.591147
0.591874
0.591214
0.589961
0.590836
0.591315
0.594825
0.598778
0.602228
0.605209
0.607743
0.609856
0.611586
0.612929
0.613884
0.614474
0.614947
0.615381
0.615578
0.615465
0.615157
0.615046
0.61492
0.614693
0.614626
0.61442
0.61407
0.613558
0.612929
0.612208
0.611384
0.61044
0.609378
0.608213
0.60701
0.605731
0.604368
0.60295
0.601458
0.599876
0.598201
0.596473
0.594777
0.5931
0.591366
0.589555
0.587689
0.585789
0.583881
0.581917
0.57991
0.577856
0.575776
0.573638
0.571471
0.569288
0.567153
0.564984
0.562764
0.560519
0.558272
0.556043
0.553769
0.551558
0.549327
0.547029
0.544666
0.542391
0.540239
0.538098
0.535938
0.533746
0.531539
0.529323
0.527077
0.524803
0.522492
0.520199
0.518112
0.516103
0.514086
0.512282
0.510573
0.508851
0.507122
0.505382
0.503634
0.501879
0.500117
0.498351
0.496631
0.494951
0.493261
0.491646
0.490272
0.489146
0.488086
0.487031
0.486015
0.485052
0.484091
0.483134
0.482182
0.481233
0.480289
0.479346
0.478403
0.477549
0.476849
0.476177
0.475658
0.475367
0.475112
0.474856
0.474599
0.474342
0.474112
0.47389
0.473665
0.47345
0.473273
0.473211
0.473256
0.473279
0.473286
0.473321
0.473486
0.473647
0.473878
0.474168
0.474466
0.474748
0.475051
0.475424
0.47584
0.476271
0.476713
0.477206
0.477692
0.478162
0.47867
0.479266
0.479862
0.480434
0.480965
0.481488
0.482131
0.482974
0.483826
0.484617
0.485357
0.486135
0.487075
0.487944
0.488918
0.49004
0.491091
0.492042
0.492903
0.493691
0.494849
0.495904
0.496779
0.497506
0.498108
0.499175
0.500132
0.50309
0.506518
0.509512
0.512027
0.514243
0.517926
0.522818
0.526862
0.53012
0.532658
0.53452
0.535705
0.536215
0.536035
0.535166
0.537026
0.544491
0.553189
0.567064
0.57956
0.589805
0.597994
0.604262
0.608692
0.611336
0.612185
0.611186
0.608268
0.603263
0.595888
0.588676
0.582724
0.582397
0.586929
0.590101
0.592015
0.592692
0.592109
0.59025
0.58707
0.582491
0.576392
0.568611
0.558873
0.54707
0.537377
0.52834
0.525366
0.525453
0.525157
0.524458
0.523359
0.521862
0.519989
0.517704
0.514956
0.511719
0.508555
0.505614
0.502379
0.498791
0.494926
0.492197
0.489951
0.487651
0.486353
0.485047
0.483701
0.482218
0.480644
0.47912
0.477511
0.475811
0.47402
0.472167
0.470347
0.468547
0.46671
0.464909
0.463076
0.374166
0.373372
0.372593
0.371849
0.371135
0.370428
0.369727
0.369033
0.368346
0.367663
0.366983
0.366303
0.365692
0.365192
0.364712
0.364386
0.364187
0.364006
0.363829
0.363657
0.363489
0.363349
0.363212
0.36307
0.362946
0.362891
0.362929
0.36301
0.363072
0.363129
0.363242
0.363464
0.363697
0.364009
0.364352
0.364696
0.36502
0.365418
0.365901
0.366415
0.366923
0.367434
0.36795
0.368499
0.369035
0.369604
0.370284
0.371027
0.371751
0.372426
0.373118
0.374063
0.375298
0.376518
0.377675
0.378779
0.379887
0.38107
0.382192
0.383613
0.385189
0.386731
0.388143
0.389485
0.390759
0.392143
0.393385
0.394461
0.395439
0.396383
0.399153
0.401766
0.405408
0.410783
0.415586
0.419845
0.423913
0.428812
0.433699
0.437933
0.441508
0.444452
0.44675
0.448352
0.449204
0.449237
0.448409
0.451596
0.458666
0.466947
0.480552
0.493605
0.504666
0.513904
0.52139
0.527167
0.531235
0.533549
0.53402
0.532521
0.528836
0.522595
0.520344
0.519551
0.528691
0.541073
0.55186
0.561218
0.569247
0.576013
0.581571
0.585944
0.589149
0.591147
0.591874
0.591214
0.589961
0.590836
0.591315
0.594825
0.598778
0.602228
0.605209
0.607743
0.609856
0.611586
0.612929
0.613884
0.614474
0.614947
0.615381
0.615578
0.615465
0.615157
0.615046
0.61492
0.614693
0.614626
0.61442
0.61407
0.613558
0.612929
0.612208
0.611384
0.61044
0.609378
0.608213
0.60701
0.605731
0.604368
0.60295
0.601458
0.599876
0.598201
0.596473
0.594777
0.5931
0.591366
0.589555
0.587689
0.585789
0.583881
0.581917
0.57991
0.577856
0.575776
0.573638
0.571471
0.569288
0.567153
0.564984
0.562764
0.560519
0.558272
0.556043
0.553769
0.551558
0.549327
0.547029
0.544666
0.542391
0.540239
0.538098
0.535938
0.533746
0.531539
0.529323
0.527077
0.524803
0.522492
0.520199
0.518112
0.516103
0.514086
0.512282
0.510573
0.508851
0.507122
0.505382
0.503634
0.501879
0.500117
0.498351
0.496631
0.494951
0.493261
0.491646
0.490272
0.489146
0.488086
0.487031
0.486015
0.485052
0.484091
0.483134
0.482182
0.481233
0.480289
0.479346
0.478403
0.477549
0.476849
0.476177
0.475658
0.475367
0.475112
0.474856
0.474599
0.474342
0.474112
0.47389
0.473665
0.47345
0.473273
0.473211
0.473256
0.473279
0.473286
0.473321
0.473486
0.473647
0.473878
0.474168
0.474466
0.474748
0.475051
0.475424
0.47584
0.476271
0.476713
0.477206
0.477692
0.478162
0.47867
0.479266
0.479862
0.480434
0.480965
0.481488
0.482131
0.482974
0.483826
0.484617
0.485357
0.486135
0.487075
0.487944
0.488918
0.49004
0.491091
0.492042
0.492903
0.493691
0.494849
0.495904
0.496779
0.497506
0.498108
0.499175
0.500132
0.50309
0.506518
0.509512
0.512027
0.514243
0.517926
0.522818
0.526862
0.53012
0.532658
0.53452
0.535705
0.536215
0.536035
0.535166
0.537026
0.544491
0.553189
0.567064
0.57956
0.589805
0.597994
0.604262
0.608692
0.611336
0.612185
0.611186
0.608268
0.603263
0.595888
0.588676
0.582724
0.582397
0.586929
0.590101
0.592015
0.592692
0.592109
0.59025
0.58707
0.582491
0.576392
0.568611
0.558873
0.54707
0.537377
0.52834
0.525366
0.525453
0.525157
0.524458
0.523359
0.521862
0.519989
0.517704
0.514956
0.511719
0.508555
0.505614
0.502379
0.498791
0.494926
0.492197
0.489951
0.487651
0.486353
0.485047
0.483701
0.482218
0.480644
0.47912
0.477511
0.475811
0.47402
0.472167
0.470347
0.468547
0.46671
0.464909
0.463076
0.122634
0.126986
0.130795
0.134066
0.136761
0.138757
0.13975
0.141749
0.148578
0.157865
0.166754
0.174891
0.182314
0.18911
0.195337
0.201068
0.206385
0.211303
0.215849
0.220028
0.224156
0.228387
0.232266
0.236228
0.240183
0.243845
0.247293
0.250572
0.253688
0.256607
0.259347
0.261943
0.264384
0.266725
0.268973
0.271077
0.273041
0.274877
0.276672
0.278388
0.279988
0.281488
0.282894
0.284209
0.285461
0.286642
0.287742
0.28877
0.289706
0.290553
0.291313
0.291996
0.292646
0.293287
0.293888
0.294426
0.294893
0.295282
0.295591
0.295834
0.29603
0.296225
0.296383
0.29648
0.296514
0.296486
0.296377
0.296245
0.296187
0.296071
0.295886
0.295622
0.295316
0.295041
0.294707
0.294341
0.293912
0.293418
0.29291
0.292401
0.291857
0.291238
0.290615
0.290062
0.289445
0.288797
0.288151
0.28745
0.286697
0.285895
0.285054
0.284175
0.283248
0.282286
0.281303
0.280286
0.279272
0.278283
0.277345
0.2764
0.275408
0.274372
0.273293
0.272172
0.27101
0.26981
0.26857
0.267292
0.265974
0.264615
0.26321
0.261779
0.26039
0.259057
0.257736
0.256406
0.255061
0.253705
0.252315
0.250898
0.249463
0.247999
0.2465
0.244962
0.243412
0.241875
0.240297
0.238763
0.237271
0.23574
0.234197
0.232666
0.231162
0.229623
0.228053
0.226478
0.22488
0.223303
0.221754
0.220167
0.218543
0.216881
0.215303
0.21377
0.212201
0.210609
0.209
0.207366
0.20574
0.204163
0.202571
0.200987
0.199365
0.197706
0.196014
0.194298
0.192577
0.190943
0.189352
0.18774
0.186093
0.184408
0.182681
0.180933
0.1792
0.177462
0.175732
0.173978
0.172179
0.170337
0.16843
0.166501
0.164805
0.16309
0.161292
0.159399
0.157502
0.155776
0.153928
0.151971
0.149888
0.147665
0.145388
0.143122
0.140748
0.138103
0.135553
0.134736
0.133568
0.132633
0.133093
0.133
0.132415
0.131371
0.12989
0.127951
0.125486
0.122427
0.118666
0.113888
0.108732
0.10511
0.109922
0.119219
0.12707
0.133739
0.139416
0.144227
0.14828
0.151624
0.154279
0.156221
0.15736
0.157481
0.156076
0.15431
0.157263
0.163065
0.16863
0.173752
0.178409
0.182672
0.186561
0.190121
0.193395
0.196382
0.199068
0.201411
0.203571
0.205888
0.207917
0.210133
0.212416
0.214529
0.216522
0.218438
0.22027
0.221979
0.223574
0.225073
0.226467
0.227782
0.229058
0.230235
0.231316
0.232302
0.233281
0.234227
0.235095
0.235894
0.236636
0.237308
0.237935
0.238533
0.239071
0.239564
0.239992
0.240354
0.240654
0.240905
0.24112
0.241342
0.241572
0.241755
0.241885
0.241956
0.241968
0.24193
0.241873
0.241785
0.241694
0.241587
0.24143
0.241234
0.24098
0.240686
0.240484
0.240267
0.239987
0.239646
0.239265
0.238941
0.238558
0.238161
0.237712
0.237205
0.236663
0.236117
0.235594
0.235013
0.234396
0.233887
0.233342
0.232758
0.232203
0.231584
0.230906
0.230174
0.2294
0.228589
0.227729
0.226832
0.22592
0.224972
0.224031
0.223112
0.222262
0.221421
0.220531
0.219594
0.218615
0.217593
0.216532
0.215434
0.214297
0.213121
0.211907
0.210651
0.20935
0.208012
0.206715
0.205483
0.204262
0.203041
0.201802
0.20056
0.199286
0.197987
0.196675
0.195335
0.193959
0.192544
0.191102
0.189675
0.188201
0.186775
0.18539
0.183971
0.18255
0.181162
0.179786
0.178385
0.176956
0.175528
0.174092
0.172649
0.171244
0.169805
0.168329
0.166811
0.165389
0.164016
0.162614
0.161194
0.159766
0.158318
0.156925
0.155546
0.154151
0.152778
0.122283
0.119634
0.116387
0.112503
0.107911
0.102518
0.0961579
0.0909595
0.0901378
0.0916836
0.0932118
0.0944786
0.0955007
0.0963255
0.0969633
0.0974497
0.0978072
0.0980206
0.0980828
0.0979809
0.0980184
0.0983407
0.0985497
0.0990401
0.0997461
0.100394
0.101032
0.101689
0.102362
0.103006
0.103628
0.104249
0.104851
0.105483
0.106151
0.106803
0.107441
0.10807
0.108768
0.109493
0.110206
0.110921
0.111641
0.112366
0.113116
0.113881
0.114652
0.115433
0.116206
0.116974
0.117738
0.118506
0.119324
0.120194
0.121088
0.121986
0.12288
0.123764
0.124637
0.125524
0.126417
0.127371
0.128344
0.129315
0.130286
0.131256
0.132214
0.13322
0.134332
0.135421
0.136485
0.137526
0.138597
0.139707
0.140795
0.141894
0.142978
0.144045
0.145148
0.146286
0.147435
0.148561
0.149738
0.150998
0.152221
0.153459
0.154694
0.155889
0.157056
0.158201
0.159336
0.160459
0.161559
0.162654
0.163754
0.164848
0.165973
0.167154
0.168399
0.169635
0.170834
0.171999
0.173139
0.174252
0.175338
0.176398
0.17743
0.178434
0.179408
0.18035
0.181257
0.18215
0.183088
0.184074
0.185071
0.186062
0.187039
0.188005
0.188936
0.189837
0.190715
0.191556
0.192356
0.193111
0.193848
0.194581
0.195266
0.195981
0.196724
0.197418
0.198086
0.198752
0.19943
0.20006
0.200643
0.201201
0.201714
0.202233
0.202749
0.203206
0.203605
0.203949
0.204345
0.204758
0.20511
0.205412
0.205669
0.205871
0.206041
0.206221
0.206361
0.206467
0.206501
0.206464
0.206356
0.206182
0.205962
0.205768
0.205566
0.205292
0.204933
0.20448
0.203926
0.203297
0.202612
0.201859
0.201042
0.200132
0.1991
0.197943
0.196635
0.195214
0.1939
0.192458
0.190823
0.188979
0.187024
0.185106
0.182965
0.180605
0.177996
0.175104
0.171996
0.168691
0.165064
0.160961
0.156742
0.153818
0.150323
0.146947
0.144683
0.141863
0.138565
0.134791
0.130526
0.125715
0.120267
0.114115
0.107175
0.099267
0.0912695
0.0854552
0.0874284
0.0924839
0.095829
0.09812
0.0996655
0.100628
0.101099
0.101126
0.100727
0.0999014
0.098626
0.0968581
0.0945294
0.0934303
0.0968177
0.101739
0.105796
0.109172
0.112013
0.114473
0.116615
0.118506
0.120203
0.121718
0.123065
0.12426
0.12558
0.126981
0.128162
0.129618
0.131102
0.132435
0.133689
0.13491
0.136101
0.137227
0.138299
0.139338
0.140341
0.141351
0.142356
0.143313
0.144235
0.145127
0.146068
0.147021
0.147944
0.148848
0.149744
0.150623
0.151503
0.152404
0.153303
0.154197
0.155073
0.155931
0.156776
0.157618
0.158471
0.159366
0.160307
0.161245
0.162169
0.163074
0.163961
0.164842
0.165736
0.166636
0.167569
0.168524
0.169469
0.170412
0.171329
0.17224
0.173264
0.17431
0.175329
0.176322
0.177314
0.178392
0.179451
0.180537
0.181607
0.182659
0.183707
0.184776
0.185895
0.186985
0.188067
0.189273
0.190478
0.191679
0.192942
0.194181
0.195401
0.196605
0.1978
0.198989
0.200158
0.201317
0.202483
0.203634
0.204816
0.206042
0.207352
0.208684
0.209986
0.211264
0.212519
0.213752
0.214963
0.216149
0.217315
0.218456
0.219572
0.220661
0.22172
0.222765
0.223856
0.225001
0.226145
0.227292
0.228417
0.229538
0.230625
0.231685
0.232729
0.233741
0.234717
0.235654
0.236572
0.237493
0.238365
0.23928
0.240208
0.241082
0.241938
0.2428
0.243649
0.244446
0.245195
0.245921
0.246615
0.247292
0.247965
0.248575
0.249126
0.249622
0.250183
0.250737
0.251221
0.251643
0.252017
0.252331
0.252652
0.252936
0.25317
0.253359
0.116637
0.116305
0.115965
0.115617
0.11526
0.114893
0.114511
0.114172
0.113908
0.113695
0.113494
0.113323
0.113155
0.112992
0.112837
0.112681
0.112516
0.112347
0.112173
0.111987
0.111815
0.11166
0.111516
0.111388
0.111317
0.11128
0.111245
0.111194
0.111167
0.111194
0.111224
0.111238
0.111231
0.111237
0.111276
0.111334
0.111393
0.11147
0.111559
0.11171
0.111856
0.111985
0.112112
0.112252
0.112383
0.112507
0.112701
0.112919
0.113119
0.113296
0.113465
0.113617
0.113773
0.113931
0.114134
0.114323
0.114503
0.114644
0.114747
0.114852
0.115002
0.115114
0.115182
0.115252
0.115276
0.115231
0.115127
0.115023
0.114937
0.114883
0.114737
0.114484
0.11421
0.114015
0.113688
0.113219
0.112608
0.11194
0.111155
0.110098
0.108793
0.10732
0.106009
0.105211
0.104224
0.103472
0.103795
0.103739
0.103315
0.102506
0.101275
0.0995808
0.097391
0.0945513
0.0909429
0.0873332
0.0830279
0.0806817
0.0853728
0.0930837
0.0995449
0.104984
0.109583
0.11345
0.116669
0.119293
0.121349
0.122838
0.12373
0.123954
0.123369
0.125707
0.132481
0.139667
0.145959
0.151602
0.156539
0.160877
0.164708
0.168089
0.171064
0.173676
0.175967
0.177951
0.180122
0.182165
0.184083
0.186012
0.187785
0.189385
0.190802
0.192021
0.193086
0.194038
0.194856
0.195537
0.196089
0.196581
0.196988
0.19731
0.19755
0.197734
0.197853
0.197915
0.197901
0.197811
0.197657
0.197456
0.197202
0.196894
0.196582
0.196242
0.195852
0.195407
0.19493
0.194412
0.193866
0.193289
0.192704
0.192095
0.191473
0.19081
0.190106
0.189389
0.18869
0.187961
0.187206
0.186474
0.185735
0.18496
0.184151
0.183334
0.182523
0.181772
0.181006
0.18023
0.179451
0.178711
0.177944
0.177148
0.176354
0.175587
0.17481
0.174003
0.173201
0.172435
0.171678
0.170964
0.170294
0.169622
0.169002
0.168372
0.167735
0.167092
0.166437
0.165778
0.165121
0.164464
0.163803
0.163159
0.162516
0.161915
0.161407
0.160964
0.160511
0.160051
0.159586
0.159116
0.158642
0.158165
0.157684
0.1572
0.156711
0.156216
0.155714
0.155254
0.154888
0.154573
0.154266
0.15398
0.153701
0.153425
0.15316
0.152901
0.152636
0.152372
0.152112
0.15185
0.151615
0.1514
0.151216
0.151075
0.150958
0.150885
0.150837
0.150773
0.150708
0.150676
0.150664
0.150638
0.150595
0.150571
0.15057
0.150579
0.150594
0.150664
0.15076
0.150871
0.150969
0.151045
0.15112
0.151242
0.151353
0.151445
0.151576
0.151725
0.151851
0.151948
0.152037
0.152112
0.152229
0.152345
0.152459
0.152546
0.152611
0.152635
0.152618
0.152608
0.152636
0.152625
0.152563
0.152476
0.152347
0.152149
0.15189
0.151704
0.151511
0.151308
0.151016
0.150629
0.150311
0.149989
0.1495
0.148847
0.148044
0.147127
0.146095
0.144831
0.143406
0.141898
0.14101
0.140397
0.139844
0.140125
0.140891
0.141021
0.140581
0.139596
0.138058
0.135946
0.133212
0.129763
0.125462
0.120433
0.114289
0.110455
0.113377
0.120849
0.126874
0.131671
0.135438
0.138308
0.140365
0.141656
0.142195
0.14195
0.140844
0.138734
0.135367
0.131937
0.132085
0.134895
0.137664
0.140468
0.142938
0.145026
0.14681
0.148292
0.149484
0.150403
0.151053
0.151413
0.151555
0.152017
0.15231
0.152525
0.152948
0.15334
0.153647
0.153838
0.153952
0.154029
0.154042
0.153968
0.153807
0.153573
0.153342
0.153067
0.152753
0.152408
0.152028
0.151643
0.151219
0.150751
0.150252
0.149746
0.149215
0.148651
0.148077
0.147504
0.116637
0.116305
0.115965
0.115617
0.11526
0.114893
0.114511
0.114172
0.113908
0.113695
0.113494
0.113323
0.113155
0.112992
0.112837
0.112681
0.112516
0.112347
0.112173
0.111987
0.111815
0.11166
0.111516
0.111388
0.111317
0.11128
0.111245
0.111194
0.111167
0.111194
0.111224
0.111238
0.111231
0.111237
0.111276
0.111334
0.111393
0.11147
0.111559
0.11171
0.111856
0.111985
0.112112
0.112252
0.112383
0.112507
0.112701
0.112919
0.113119
0.113296
0.113465
0.113617
0.113773
0.113931
0.114134
0.114323
0.114503
0.114644
0.114747
0.114852
0.115002
0.115114
0.115182
0.115252
0.115276
0.115231
0.115127
0.115023
0.114937
0.114883
0.114737
0.114484
0.11421
0.114015
0.113688
0.113219
0.112608
0.11194
0.111155
0.110098
0.108793
0.10732
0.106009
0.105211
0.104224
0.103472
0.103795
0.103739
0.103315
0.102506
0.101275
0.0995808
0.097391
0.0945513
0.0909429
0.0873332
0.0830279
0.0806817
0.0853728
0.0930837
0.0995449
0.104984
0.109583
0.11345
0.116669
0.119293
0.121349
0.122838
0.12373
0.123954
0.123369
0.125707
0.132481
0.139667
0.145959
0.151602
0.156539
0.160877
0.164708
0.168089
0.171064
0.173676
0.175967
0.177951
0.180122
0.182165
0.184083
0.186012
0.187785
0.189385
0.190802
0.192021
0.193086
0.194038
0.194856
0.195537
0.196089
0.196581
0.196988
0.19731
0.19755
0.197734
0.197853
0.197915
0.197901
0.197811
0.197657
0.197456
0.197202
0.196894
0.196582
0.196242
0.195852
0.195407
0.19493
0.194412
0.193866
0.193289
0.192704
0.192095
0.191473
0.19081
0.190106
0.189389
0.18869
0.187961
0.187206
0.186474
0.185735
0.18496
0.184151
0.183334
0.182523
0.181772
0.181006
0.18023
0.179451
0.178711
0.177944
0.177148
0.176354
0.175587
0.17481
0.174003
0.173201
0.172435
0.171678
0.170964
0.170294
0.169622
0.169002
0.168372
0.167735
0.167092
0.166437
0.165778
0.165121
0.164464
0.163803
0.163159
0.162516
0.161915
0.161407
0.160964
0.160511
0.160051
0.159586
0.159116
0.158642
0.158165
0.157684
0.1572
0.156711
0.156216
0.155714
0.155254
0.154888
0.154573
0.154266
0.15398
0.153701
0.153425
0.15316
0.152901
0.152636
0.152372
0.152112
0.15185
0.151615
0.1514
0.151216
0.151075
0.150958
0.150885
0.150837
0.150773
0.150708
0.150676
0.150664
0.150638
0.150595
0.150571
0.15057
0.150579
0.150594
0.150664
0.15076
0.150871
0.150969
0.151045
0.15112
0.151242
0.151353
0.151445
0.151576
0.151725
0.151851
0.151948
0.152037
0.152112
0.152229
0.152345
0.152459
0.152546
0.152611
0.152635
0.152618
0.152608
0.152636
0.152625
0.152563
0.152476
0.152347
0.152149
0.15189
0.151704
0.151511
0.151308
0.151016
0.150629
0.150311
0.149989
0.1495
0.148847
0.148044
0.147127
0.146095
0.144831
0.143406
0.141898
0.14101
0.140397
0.139844
0.140125
0.140891
0.141021
0.140581
0.139596
0.138058
0.135946
0.133212
0.129763
0.125462
0.120433
0.114289
0.110455
0.113377
0.120849
0.126874
0.131671
0.135438
0.138308
0.140365
0.141656
0.142195
0.14195
0.140844
0.138734
0.135367
0.131937
0.132085
0.134895
0.137664
0.140468
0.142938
0.145026
0.14681
0.148292
0.149484
0.150403
0.151053
0.151413
0.151555
0.152017
0.15231
0.152525
0.152948
0.15334
0.153647
0.153838
0.153952
0.154029
0.154042
0.153968
0.153807
0.153573
0.153342
0.153067
0.152753
0.152408
0.152028
0.151643
0.151219
0.150751
0.150252
0.149746
0.149215
0.148651
0.148077
0.147504
0.122634
0.126986
0.130795
0.134066
0.136761
0.138757
0.13975
0.141749
0.148578
0.157865
0.166754
0.174891
0.182314
0.18911
0.195337
0.201068
0.206385
0.211303
0.215849
0.220028
0.224156
0.228387
0.232266
0.236228
0.240183
0.243845
0.247293
0.250572
0.253688
0.256607
0.259347
0.261943
0.264384
0.266725
0.268973
0.271077
0.273041
0.274877
0.276672
0.278388
0.279988
0.281488
0.282894
0.284209
0.285461
0.286642
0.287742
0.28877
0.289706
0.290553
0.291313
0.291996
0.292646
0.293287
0.293888
0.294426
0.294893
0.295282
0.295591
0.295834
0.29603
0.296225
0.296383
0.29648
0.296514
0.296486
0.296377
0.296245
0.296187
0.296071
0.295886
0.295622
0.295316
0.295041
0.294707
0.294341
0.293912
0.293418
0.29291
0.292401
0.291857
0.291238
0.290615
0.290062
0.289445
0.288797
0.288151
0.28745
0.286697
0.285895
0.285054
0.284175
0.283248
0.282286
0.281303
0.280286
0.279272
0.278283
0.277345
0.2764
0.275408
0.274372
0.273293
0.272172
0.27101
0.26981
0.26857
0.267292
0.265974
0.264615
0.26321
0.261779
0.26039
0.259057
0.257736
0.256406
0.255061
0.253705
0.252315
0.250898
0.249463
0.247999
0.2465
0.244962
0.243412
0.241875
0.240297
0.238763
0.237271
0.23574
0.234197
0.232666
0.231162
0.229623
0.228053
0.226478
0.22488
0.223303
0.221754
0.220167
0.218543
0.216881
0.215303
0.21377
0.212201
0.210609
0.209
0.207366
0.20574
0.204163
0.202571
0.200987
0.199365
0.197706
0.196014
0.194298
0.192577
0.190943
0.189352
0.18774
0.186093
0.184408
0.182681
0.180933
0.1792
0.177462
0.175732
0.173978
0.172179
0.170337
0.16843
0.166501
0.164805
0.16309
0.161292
0.159399
0.157502
0.155776
0.153928
0.151971
0.149888
0.147665
0.145388
0.143122
0.140748
0.138103
0.135553
0.134736
0.133568
0.132633
0.133093
0.133
0.132415
0.131371
0.12989
0.127951
0.125486
0.122427
0.118666
0.113888
0.108732
0.10511
0.109922
0.119219
0.12707
0.133739
0.139416
0.144227
0.14828
0.151624
0.154279
0.156221
0.15736
0.157481
0.156076
0.15431
0.157263
0.163065
0.16863
0.173752
0.178409
0.182672
0.186561
0.190121
0.193395
0.196382
0.199068
0.201411
0.203571
0.205888
0.207917
0.210133
0.212416
0.214529
0.216522
0.218438
0.22027
0.221979
0.223574
0.225073
0.226467
0.227782
0.229058
0.230235
0.231316
0.232302
0.233281
0.234227
0.235095
0.235894
0.236636
0.237308
0.237935
0.238533
0.239071
0.239564
0.239992
0.240354
0.240654
0.240905
0.24112
0.241342
0.241572
0.241755
0.241885
0.241956
0.241968
0.24193
0.241873
0.241785
0.241694
0.241587
0.24143
0.241234
0.24098
0.240686
0.240484
0.240267
0.239987
0.239646
0.239265
0.238941
0.238558
0.238161
0.237712
0.237205
0.236663
0.236117
0.235594
0.235013
0.234396
0.233887
0.233342
0.232758
0.232203
0.231584
0.230906
0.230174
0.2294
0.228589
0.227729
0.226832
0.22592
0.224972
0.224031
0.223112
0.222262
0.221421
0.220531
0.219594
0.218615
0.217593
0.216532
0.215434
0.214297
0.213121
0.211907
0.210651
0.20935
0.208012
0.206715
0.205483
0.204262
0.203041
0.201802
0.20056
0.199286
0.197987
0.196675
0.195335
0.193959
0.192544
0.191102
0.189675
0.188201
0.186775
0.18539
0.183971
0.18255
0.181162
0.179786
0.178385
0.176956
0.175528
0.174092
0.172649
0.171244
0.169805
0.168329
0.166811
0.165389
0.164016
0.162614
0.161194
0.159766
0.158318
0.156925
0.155546
0.154151
0.152778
0.122283
0.119634
0.116387
0.112503
0.107911
0.102518
0.0961579
0.0909595
0.0901378
0.0916836
0.0932118
0.0944786
0.0955007
0.0963255
0.0969633
0.0974497
0.0978072
0.0980206
0.0980828
0.0979809
0.0980184
0.0983407
0.0985497
0.0990401
0.0997461
0.100394
0.101032
0.101689
0.102362
0.103006
0.103628
0.104249
0.104851
0.105483
0.106151
0.106803
0.107441
0.10807
0.108768
0.109493
0.110206
0.110921
0.111641
0.112366
0.113116
0.113881
0.114652
0.115433
0.116206
0.116974
0.117738
0.118506
0.119324
0.120194
0.121088
0.121986
0.12288
0.123764
0.124637
0.125524
0.126417
0.127371
0.128344
0.129315
0.130286
0.131256
0.132214
0.13322
0.134332
0.135421
0.136485
0.137526
0.138597
0.139707
0.140795
0.141894
0.142978
0.144045
0.145148
0.146286
0.147435
0.148561
0.149738
0.150998
0.152221
0.153459
0.154694
0.155889
0.157056
0.158201
0.159336
0.160459
0.161559
0.162654
0.163754
0.164848
0.165973
0.167154
0.168399
0.169635
0.170834
0.171999
0.173139
0.174252
0.175338
0.176398
0.17743
0.178434
0.179408
0.18035
0.181257
0.18215
0.183088
0.184074
0.185071
0.186062
0.187039
0.188005
0.188936
0.189837
0.190715
0.191556
0.192356
0.193111
0.193848
0.194581
0.195266
0.195981
0.196724
0.197418
0.198086
0.198752
0.19943
0.20006
0.200643
0.201201
0.201714
0.202233
0.202749
0.203206
0.203605
0.203949
0.204345
0.204758
0.20511
0.205412
0.205669
0.205871
0.206041
0.206221
0.206361
0.206467
0.206501
0.206464
0.206356
0.206182
0.205962
0.205768
0.205566
0.205292
0.204933
0.20448
0.203926
0.203297
0.202612
0.201859
0.201042
0.200132
0.1991
0.197943
0.196635
0.195214
0.1939
0.192458
0.190823
0.188979
0.187024
0.185106
0.182965
0.180605
0.177996
0.175104
0.171996
0.168691
0.165064
0.160961
0.156742
0.153818
0.150323
0.146947
0.144683
0.141863
0.138565
0.134791
0.130526
0.125715
0.120267
0.114115
0.107175
0.099267
0.0912695
0.0854552
0.0874284
0.0924839
0.095829
0.09812
0.0996655
0.100628
0.101099
0.101126
0.100727
0.0999014
0.098626
0.0968581
0.0945294
0.0934303
0.0968177
0.101739
0.105796
0.109172
0.112013
0.114473
0.116615
0.118506
0.120203
0.121718
0.123065
0.12426
0.12558
0.126981
0.128162
0.129618
0.131102
0.132435
0.133689
0.13491
0.136101
0.137227
0.138299
0.139338
0.140341
0.141351
0.142356
0.143313
0.144235
0.145127
0.146068
0.147021
0.147944
0.148848
0.149744
0.150623
0.151503
0.152404
0.153303
0.154197
0.155073
0.155931
0.156776
0.157618
0.158471
0.159366
0.160307
0.161245
0.162169
0.163074
0.163961
0.164842
0.165736
0.166636
0.167569
0.168524
0.169469
0.170412
0.171329
0.17224
0.173264
0.17431
0.175329
0.176322
0.177314
0.178392
0.179451
0.180537
0.181607
0.182659
0.183707
0.184776
0.185895
0.186985
0.188067
0.189273
0.190478
0.191679
0.192942
0.194181
0.195401
0.196605
0.1978
0.198989
0.200158
0.201317
0.202483
0.203634
0.204816
0.206042
0.207352
0.208684
0.209986
0.211264
0.212519
0.213752
0.214963
0.216149
0.217315
0.218456
0.219572
0.220661
0.22172
0.222765
0.223856
0.225001
0.226145
0.227292
0.228417
0.229538
0.230625
0.231685
0.232729
0.233741
0.234717
0.235654
0.236572
0.237493
0.238365
0.23928
0.240208
0.241082
0.241938
0.2428
0.243649
0.244446
0.245195
0.245921
0.246615
0.247292
0.247965
0.248575
0.249126
0.249622
0.250183
0.250737
0.251221
0.251643
0.252017
0.252331
0.252652
0.252936
0.25317
0.253359
-0.0716586
-0.0714299
-0.071211
-0.071013
-0.0708112
-0.0706014
-0.0703938
-0.0702148
-0.0700789
-0.069947
-0.0698105
-0.0696691
-0.0695286
-0.0694108
-0.0692895
-0.0691645
-0.0690572
-0.0689873
-0.068936
-0.0688785
-0.0688182
-0.0687561
-0.068687
-0.0686363
-0.0685905
-0.068572
-0.0685731
-0.0685938
-0.068609
-0.0686069
-0.0686212
-0.0686386
-0.0686999
-0.0687605
-0.0688156
-0.0688637
-0.0689015
-0.0689281
-0.0689628
-0.0690169
-0.069065
-0.0691021
-0.0691377
-0.0691869
-0.0692362
-0.0692707
-0.0692937
-0.0693524
-0.0694056
-0.0694442
-0.0694676
-0.069464
-0.0694434
-0.0694395
-0.0693996
-0.0693212
-0.0692245
-0.0691059
-0.0689414
-0.0687344
-0.0685146
-0.0682921
-0.0681095
-0.0678682
-0.0675619
-0.0672045
-0.0667799
-0.0663669
-0.0658755
-0.0653812
-0.0648548
-0.0642176
-0.063444
-0.0625123
-0.0613908
-0.0600402
-0.0584583
-0.0574074
-0.0562744
-0.0550333
-0.0534404
-0.0518646
-0.0511061
-0.0502091
-0.0491323
-0.0478439
-0.046293
-0.0444005
-0.0420901
-0.0392462
-0.0357107
-0.0315742
-0.0288103
-0.0264529
-0.0261061
-0.0261148
-0.0262864
-0.0263385
-0.0262706
-0.0260772
-0.0258132
-0.0256631
-0.0253279
-0.0247654
-0.0239127
-0.0247168
-0.0275684
-0.031153
-0.0346309
-0.0376069
-0.0401757
-0.0424276
-0.0444364
-0.0461937
-0.0477234
-0.0490512
-0.0503547
-0.0527806
-0.0556534
-0.0594707
-0.0639891
-0.0688305
-0.0731052
-0.0768534
-0.0801555
-0.0830751
-0.085659
-0.0879573
-0.0900006
-0.0918291
-0.0935281
-0.0955445
-0.0976845
-0.0995814
-0.101558
-0.103459
-0.105364
-0.107076
-0.108608
-0.109976
-0.111188
-0.112259
-0.113211
-0.114088
-0.114874
-0.115584
-0.116242
-0.116847
-0.117381
-0.117833
-0.118206
-0.118553
-0.118863
-0.11912
-0.119325
-0.119465
-0.119552
-0.119616
-0.119625
-0.11958
-0.119498
-0.119379
-0.119213
-0.119012
-0.118788
-0.118552
-0.118334
-0.118082
-0.1178
-0.117501
-0.117186
-0.116858
-0.116504
-0.116148
-0.115798
-0.115429
-0.115035
-0.114619
-0.114182
-0.113722
-0.113241
-0.112808
-0.112371
-0.111935
-0.111473
-0.111003
-0.110574
-0.110152
-0.109734
-0.109311
-0.108885
-0.108449
-0.108009
-0.107559
-0.107099
-0.106647
-0.106223
-0.105806
-0.105396
-0.104983
-0.104589
-0.104191
-0.103788
-0.103382
-0.10298
-0.102604
-0.102241
-0.101882
-0.101518
-0.10116
-0.100816
-0.100485
-0.100159
-0.0998293
-0.099503
-0.0991921
-0.0989055
-0.0986237
-0.0983394
-0.098053
-0.0977649
-0.097501
-0.0972365
-0.0969783
-0.0967297
-0.0965088
-0.0963015
-0.096088
-0.0958711
-0.0956541
-0.0954314
-0.095212
-0.0949942
-0.0947869
-0.0945934
-0.0944307
-0.094269
-0.0940907
-0.0939194
-0.093751
-0.0936214
-0.0934856
-0.0933402
-0.0931844
-0.0930146
-0.0928298
-0.0926368
-0.0924595
-0.092283
-0.0920929
-0.0919011
-0.0917106
-0.0915127
-0.091293
-0.0910486
-0.0908305
-0.0906082
-0.0903703
-0.0901211
-0.0898346
-0.089525
-0.0892107
-0.0888547
-0.0884513
-0.0880279
-0.0875616
-0.0870347
-0.0864583
-0.0858709
-0.0852927
-0.0847389
-0.0841148
-0.0834131
-0.082672
-0.0818966
-0.0811554
-0.0803991
-0.0795639
-0.0786747
-0.0776768
-0.0765388
-0.0752433
-0.0737717
-0.0721001
-0.0702063
-0.0685328
-0.0669288
-0.0656557
-0.0640933
-0.0628434
-0.0620979
-0.0612365
-0.0602044
-0.0589665
-0.0574894
-0.0556938
-0.0535164
-0.050864
-0.0476075
-0.0440124
-0.0419577
-0.0405304
-0.0400324
-0.0399316
-0.0403913
-0.0406872
-0.0407514
-0.0405784
-0.0401781
-0.0396751
-0.0388691
-0.0376753
-0.0359909
-0.0352437
-0.0378014
-0.0413536
-0.0456418
-0.0492897
-0.0524124
-0.0550963
-0.0574949
-0.0595783
-0.0613641
-0.0628873
-0.0641668
-0.0657241
-0.0672713
-0.069447
-0.0716392
-0.0743913
-0.0769079
-0.0790877
-0.080977
-0.0826219
-0.0840474
-0.0852859
-0.0863593
-0.0872873
-0.0881007
-0.0889198
-0.0897657
-0.090468
-0.0911431
-0.0917804
-0.092404
-0.0929338
-0.0933724
-0.0937263
-0.0940003
-0.0942
-0.0943344
-0.0944239
-0.0944656
-0.0944608
-0.0944307
-0.0943671
-0.0942754
-0.0941405
-0.0939633
-0.093774
-0.0716586
-0.0714299
-0.071211
-0.071013
-0.0708112
-0.0706014
-0.0703938
-0.0702148
-0.0700789
-0.069947
-0.0698105
-0.0696691
-0.0695286
-0.0694108
-0.0692895
-0.0691645
-0.0690572
-0.0689873
-0.068936
-0.0688785
-0.0688182
-0.0687561
-0.068687
-0.0686363
-0.0685905
-0.068572
-0.0685731
-0.0685938
-0.068609
-0.0686069
-0.0686212
-0.0686386
-0.0686999
-0.0687605
-0.0688156
-0.0688637
-0.0689015
-0.0689281
-0.0689628
-0.0690169
-0.069065
-0.0691021
-0.0691377
-0.0691869
-0.0692362
-0.0692707
-0.0692937
-0.0693524
-0.0694056
-0.0694442
-0.0694676
-0.069464
-0.0694434
-0.0694395
-0.0693996
-0.0693212
-0.0692245
-0.0691059
-0.0689414
-0.0687344
-0.0685146
-0.0682921
-0.0681095
-0.0678682
-0.0675619
-0.0672045
-0.0667799
-0.0663669
-0.0658755
-0.0653812
-0.0648548
-0.0642176
-0.063444
-0.0625123
-0.0613908
-0.0600402
-0.0584583
-0.0574074
-0.0562744
-0.0550333
-0.0534404
-0.0518646
-0.0511061
-0.0502091
-0.0491323
-0.0478439
-0.046293
-0.0444005
-0.0420901
-0.0392462
-0.0357107
-0.0315742
-0.0288103
-0.0264529
-0.0261061
-0.0261148
-0.0262864
-0.0263385
-0.0262706
-0.0260772
-0.0258132
-0.0256631
-0.0253279
-0.0247654
-0.0239127
-0.0247168
-0.0275684
-0.031153
-0.0346309
-0.0376069
-0.0401757
-0.0424276
-0.0444364
-0.0461937
-0.0477234
-0.0490512
-0.0503547
-0.0527806
-0.0556534
-0.0594707
-0.0639891
-0.0688305
-0.0731052
-0.0768534
-0.0801555
-0.0830751
-0.085659
-0.0879573
-0.0900006
-0.0918291
-0.0935281
-0.0955445
-0.0976845
-0.0995814
-0.101558
-0.103459
-0.105364
-0.107076
-0.108608
-0.109976
-0.111188
-0.112259
-0.113211
-0.114088
-0.114874
-0.115584
-0.116242
-0.116847
-0.117381
-0.117833
-0.118206
-0.118553
-0.118863
-0.11912
-0.119325
-0.119465
-0.119552
-0.119616
-0.119625
-0.11958
-0.119498
-0.119379
-0.119213
-0.119012
-0.118788
-0.118552
-0.118334
-0.118082
-0.1178
-0.117501
-0.117186
-0.116858
-0.116504
-0.116148
-0.115798
-0.115429
-0.115035
-0.114619
-0.114182
-0.113722
-0.113241
-0.112808
-0.112371
-0.111935
-0.111473
-0.111003
-0.110574
-0.110152
-0.109734
-0.109311
-0.108885
-0.108449
-0.108009
-0.107559
-0.107099
-0.106647
-0.106223
-0.105806
-0.105396
-0.104983
-0.104589
-0.104191
-0.103788
-0.103382
-0.10298
-0.102604
-0.102241
-0.101882
-0.101518
-0.10116
-0.100816
-0.100485
-0.100159
-0.0998293
-0.099503
-0.0991921
-0.0989055
-0.0986237
-0.0983394
-0.098053
-0.0977649
-0.097501
-0.0972365
-0.0969783
-0.0967297
-0.0965088
-0.0963015
-0.096088
-0.0958711
-0.0956541
-0.0954314
-0.095212
-0.0949942
-0.0947869
-0.0945934
-0.0944307
-0.094269
-0.0940907
-0.0939194
-0.093751
-0.0936214
-0.0934856
-0.0933402
-0.0931844
-0.0930146
-0.0928298
-0.0926368
-0.0924595
-0.092283
-0.0920929
-0.0919011
-0.0917106
-0.0915127
-0.091293
-0.0910486
-0.0908305
-0.0906082
-0.0903703
-0.0901211
-0.0898346
-0.089525
-0.0892107
-0.0888547
-0.0884513
-0.0880279
-0.0875616
-0.0870347
-0.0864583
-0.0858709
-0.0852927
-0.0847389
-0.0841148
-0.0834131
-0.082672
-0.0818966
-0.0811554
-0.0803991
-0.0795639
-0.0786747
-0.0776768
-0.0765388
-0.0752433
-0.0737717
-0.0721001
-0.0702063
-0.0685328
-0.0669288
-0.0656557
-0.0640933
-0.0628434
-0.0620979
-0.0612365
-0.0602044
-0.0589665
-0.0574894
-0.0556938
-0.0535164
-0.050864
-0.0476075
-0.0440124
-0.0419577
-0.0405304
-0.0400324
-0.0399316
-0.0403913
-0.0406872
-0.0407514
-0.0405784
-0.0401781
-0.0396751
-0.0388691
-0.0376753
-0.0359909
-0.0352437
-0.0378014
-0.0413536
-0.0456418
-0.0492897
-0.0524124
-0.0550963
-0.0574949
-0.0595783
-0.0613641
-0.0628873
-0.0641668
-0.0657241
-0.0672713
-0.069447
-0.0716392
-0.0743913
-0.0769079
-0.0790877
-0.080977
-0.0826219
-0.0840474
-0.0852859
-0.0863593
-0.0872873
-0.0881007
-0.0889198
-0.0897657
-0.090468
-0.0911431
-0.0917804
-0.092404
-0.0929338
-0.0933724
-0.0937263
-0.0940003
-0.0942
-0.0943344
-0.0944239
-0.0944656
-0.0944608
-0.0944307
-0.0943671
-0.0942754
-0.0941405
-0.0939633
-0.093774
0.122634
0.126986
0.130795
0.134066
0.136761
0.138757
0.13975
0.141749
0.148578
0.157865
0.166754
0.174891
0.182314
0.18911
0.195337
0.201068
0.206385
0.211303
0.215849
0.220028
0.224156
0.228387
0.232266
0.236228
0.240183
0.243845
0.247293
0.250572
0.253688
0.256607
0.259347
0.261943
0.264384
0.266725
0.268973
0.271077
0.273041
0.274877
0.276672
0.278388
0.279988
0.281488
0.282894
0.284209
0.285461
0.286642
0.287742
0.28877
0.289706
0.290553
0.291313
0.291996
0.292646
0.293287
0.293888
0.294426
0.294893
0.295282
0.295591
0.295834
0.29603
0.296225
0.296383
0.29648
0.296514
0.296486
0.296377
0.296245
0.296187
0.296071
0.295886
0.295622
0.295316
0.295041
0.294707
0.294341
0.293912
0.293418
0.29291
0.292401
0.291857
0.291238
0.290615
0.290062
0.289445
0.288797
0.288151
0.28745
0.286697
0.285895
0.285054
0.284175
0.283248
0.282286
0.281303
0.280286
0.279272
0.278283
0.277345
0.2764
0.275408
0.274372
0.273293
0.272172
0.27101
0.26981
0.26857
0.267292
0.265974
0.264615
0.26321
0.261779
0.26039
0.259057
0.257736
0.256406
0.255061
0.253705
0.252315
0.250898
0.249463
0.247999
0.2465
0.244962
0.243412
0.241875
0.240297
0.238763
0.237271
0.23574
0.234197
0.232666
0.231162
0.229623
0.228053
0.226478
0.22488
0.223303
0.221754
0.220167
0.218543
0.216881
0.215303
0.21377
0.212201
0.210609
0.209
0.207366
0.20574
0.204163
0.202571
0.200987
0.199365
0.197706
0.196014
0.194298
0.192577
0.190943
0.189352
0.18774
0.186093
0.184408
0.182681
0.180933
0.1792
0.177462
0.175732
0.173978
0.172179
0.170337
0.16843
0.166501
0.164805
0.16309
0.161292
0.159399
0.157502
0.155776
0.153928
0.151971
0.149888
0.147665
0.145388
0.143122
0.140748
0.138103
0.135553
0.134736
0.133568
0.132633
0.133093
0.133
0.132415
0.131371
0.12989
0.127951
0.125486
0.122427
0.118666
0.113888
0.108732
0.10511
0.109922
0.119219
0.12707
0.133739
0.139416
0.144227
0.14828
0.151624
0.154279
0.156221
0.15736
0.157481
0.156076
0.15431
0.157263
0.163065
0.16863
0.173752
0.178409
0.182672
0.186561
0.190121
0.193395
0.196382
0.199068
0.201411
0.203571
0.205888
0.207917
0.210133
0.212416
0.214529
0.216522
0.218438
0.22027
0.221979
0.223574
0.225073
0.226467
0.227782
0.229058
0.230235
0.231316
0.232302
0.233281
0.234227
0.235095
0.235894
0.236636
0.237308
0.237935
0.238533
0.239071
0.239564
0.239992
0.240354
0.240654
0.240905
0.24112
0.241342
0.241572
0.241755
0.241885
0.241956
0.241968
0.24193
0.241873
0.241785
0.241694
0.241587
0.24143
0.241234
0.24098
0.240686
0.240484
0.240267
0.239987
0.239646
0.239265
0.238941
0.238558
0.238161
0.237712
0.237205
0.236663
0.236117
0.235594
0.235013
0.234396
0.233887
0.233342
0.232758
0.232203
0.231584
0.230906
0.230174
0.2294
0.228589
0.227729
0.226832
0.22592
0.224972
0.224031
0.223112
0.222262
0.221421
0.220531
0.219594
0.218615
0.217593
0.216532
0.215434
0.214297
0.213121
0.211907
0.210651
0.20935
0.208012
0.206715
0.205483
0.204262
0.203041
0.201802
0.20056
0.199286
0.197987
0.196675
0.195335
0.193959
0.192544
0.191102
0.189675
0.188201
0.186775
0.18539
0.183971
0.18255
0.181162
0.179786
0.178385
0.176956
0.175528
0.174092
0.172649
0.171244
0.169805
0.168329
0.166811
0.165389
0.164016
0.162614
0.161194
0.159766
0.158318
0.156925
0.155546
0.154151
0.152778
0.122283
0.119634
0.116387
0.112503
0.107911
0.102518
0.0961579
0.0909595
0.0901378
0.0916836
0.0932118
0.0944786
0.0955007
0.0963255
0.0969633
0.0974497
0.0978072
0.0980206
0.0980828
0.0979809
0.0980184
0.0983407
0.0985497
0.0990401
0.0997461
0.100394
0.101032
0.101689
0.102362
0.103006
0.103628
0.104249
0.104851
0.105483
0.106151
0.106803
0.107441
0.10807
0.108768
0.109493
0.110206
0.110921
0.111641
0.112366
0.113116
0.113881
0.114652
0.115433
0.116206
0.116974
0.117738
0.118506
0.119324
0.120194
0.121088
0.121986
0.12288
0.123764
0.124637
0.125524
0.126417
0.127371
0.128344
0.129315
0.130286
0.131256
0.132214
0.13322
0.134332
0.135421
0.136485
0.137526
0.138597
0.139707
0.140795
0.141894
0.142978
0.144045
0.145148
0.146286
0.147435
0.148561
0.149738
0.150998
0.152221
0.153459
0.154694
0.155889
0.157056
0.158201
0.159336
0.160459
0.161559
0.162654
0.163754
0.164848
0.165973
0.167154
0.168399
0.169635
0.170834
0.171999
0.173139
0.174252
0.175338
0.176398
0.17743
0.178434
0.179408
0.18035
0.181257
0.18215
0.183088
0.184074
0.185071
0.186062
0.187039
0.188005
0.188936
0.189837
0.190715
0.191556
0.192356
0.193111
0.193848
0.194581
0.195266
0.195981
0.196724
0.197418
0.198086
0.198752
0.19943
0.20006
0.200643
0.201201
0.201714
0.202233
0.202749
0.203206
0.203605
0.203949
0.204345
0.204758
0.20511
0.205412
0.205669
0.205871
0.206041
0.206221
0.206361
0.206467
0.206501
0.206464
0.206356
0.206182
0.205962
0.205768
0.205566
0.205292
0.204933
0.20448
0.203926
0.203297
0.202612
0.201859
0.201042
0.200132
0.1991
0.197943
0.196635
0.195214
0.1939
0.192458
0.190823
0.188979
0.187024
0.185106
0.182965
0.180605
0.177996
0.175104
0.171996
0.168691
0.165064
0.160961
0.156742
0.153818
0.150323
0.146947
0.144683
0.141863
0.138565
0.134791
0.130526
0.125715
0.120267
0.114115
0.107175
0.099267
0.0912695
0.0854552
0.0874284
0.0924839
0.095829
0.09812
0.0996655
0.100628
0.101099
0.101126
0.100727
0.0999014
0.098626
0.0968581
0.0945294
0.0934303
0.0968177
0.101739
0.105796
0.109172
0.112013
0.114473
0.116615
0.118506
0.120203
0.121718
0.123065
0.12426
0.12558
0.126981
0.128162
0.129618
0.131102
0.132435
0.133689
0.13491
0.136101
0.137227
0.138299
0.139338
0.140341
0.141351
0.142356
0.143313
0.144235
0.145127
0.146068
0.147021
0.147944
0.148848
0.149744
0.150623
0.151503
0.152404
0.153303
0.154197
0.155073
0.155931
0.156776
0.157618
0.158471
0.159366
0.160307
0.161245
0.162169
0.163074
0.163961
0.164842
0.165736
0.166636
0.167569
0.168524
0.169469
0.170412
0.171329
0.17224
0.173264
0.17431
0.175329
0.176322
0.177314
0.178392
0.179451
0.180537
0.181607
0.182659
0.183707
0.184776
0.185895
0.186985
0.188067
0.189273
0.190478
0.191679
0.192942
0.194181
0.195401
0.196605
0.1978
0.198989
0.200158
0.201317
0.202483
0.203634
0.204816
0.206042
0.207352
0.208684
0.209986
0.211264
0.212519
0.213752
0.214963
0.216149
0.217315
0.218456
0.219572
0.220661
0.22172
0.222765
0.223856
0.225001
0.226145
0.227292
0.228417
0.229538
0.230625
0.231685
0.232729
0.233741
0.234717
0.235654
0.236572
0.237493
0.238365
0.23928
0.240208
0.241082
0.241938
0.2428
0.243649
0.244446
0.245195
0.245921
0.246615
0.247292
0.247965
0.248575
0.249126
0.249622
0.250183
0.250737
0.251221
0.251643
0.252017
0.252331
0.252652
0.252936
0.25317
0.253359
-0.202557
-0.20271
-0.202822
-0.202899
-0.202941
-0.20294
-0.202898
-0.202814
-0.202687
-0.202517
-0.202303
-0.202044
-0.201762
-0.201475
-0.201151
-0.200826
-0.200487
-0.200104
-0.199673
-0.199195
-0.198669
-0.198104
-0.197492
-0.196832
-0.19613
-0.195401
-0.194644
-0.193851
-0.193007
-0.192117
-0.191196
-0.190255
-0.189263
-0.188239
-0.187172
-0.186049
-0.184868
-0.183658
-0.18241
-0.181108
-0.179745
-0.178326
-0.176853
-0.175333
-0.173753
-0.172122
-0.170463
-0.168755
-0.166977
-0.165118
-0.163197
-0.161269
-0.15935
-0.157362
-0.155282
-0.153111
-0.150865
-0.148568
-0.146175
-0.14379
-0.141386
-0.138901
-0.136298
-0.133591
-0.13075
-0.127835
-0.124776
-0.121555
-0.118183
-0.114665
-0.111562
-0.108305
-0.10528
-0.102762
-0.100083
-0.0972453
-0.0943168
-0.0915342
-0.0887321
-0.0857178
-0.0824694
-0.0789722
-0.0752025
-0.0711028
-0.0666304
-0.0617244
-0.056323
-0.0518715
-0.0488224
-0.0465489
-0.0465479
-0.0466088
-0.0463182
-0.0457296
-0.0448716
-0.0437554
-0.0423793
-0.0407297
-0.0387835
-0.0365115
-0.0338653
-0.0307631
-0.0293248
-0.0297309
-0.0340836
-0.0389448
-0.0430346
-0.0465472
-0.0496071
-0.0522997
-0.0546892
-0.0568192
-0.0587292
-0.060439
-0.0619635
-0.0633095
-0.0647888
-0.0672319
-0.0696549
-0.0729891
-0.0762597
-0.0792431
-0.0819996
-0.0845646
-0.0869677
-0.089238
-0.0913884
-0.0934309
-0.0953833
-0.0973171
-0.0992277
-0.10108
-0.10286
-0.104607
-0.106427
-0.108242
-0.110021
-0.111836
-0.1136
-0.115311
-0.116965
-0.118582
-0.120163
-0.121705
-0.123206
-0.124669
-0.126099
-0.127516
-0.128905
-0.130261
-0.131598
-0.132904
-0.134177
-0.135414
-0.136627
-0.137836
-0.139037
-0.14021
-0.141351
-0.142462
-0.143554
-0.144633
-0.145685
-0.146714
-0.147719
-0.148706
-0.149662
-0.150596
-0.151503
-0.1524
-0.153274
-0.154115
-0.154932
-0.15573
-0.156517
-0.157273
-0.158033
-0.158774
-0.159484
-0.160169
-0.160866
-0.161566
-0.162236
-0.16287
-0.163467
-0.164033
-0.164569
-0.16507
-0.165535
-0.165965
-0.166376
-0.16682
-0.167266
-0.167692
-0.168162
-0.168615
-0.169022
-0.169386
-0.169709
-0.169993
-0.170239
-0.170446
-0.170617
-0.170765
-0.170887
-0.170968
-0.171036
-0.171144
-0.171293
-0.171416
-0.171497
-0.171546
-0.171568
-0.171551
-0.171494
-0.171396
-0.171258
-0.17108
-0.170859
-0.170595
-0.170314
-0.170046
-0.169751
-0.169461
-0.169194
-0.168895
-0.168556
-0.168174
-0.16775
-0.167291
-0.166792
-0.16625
-0.165668
-0.165051
-0.16442
-0.163781
-0.1631
-0.162377
-0.161623
-0.160867
-0.160066
-0.159242
-0.158392
-0.157501
-0.156561
-0.155584
-0.154576
-0.153526
-0.152433
-0.151295
-0.150129
-0.148917
-0.147654
-0.146355
-0.145035
-0.143666
-0.142235
-0.140737
-0.139182
-0.137594
-0.135999
-0.13435
-0.132624
-0.130818
-0.128955
-0.127082
-0.125124
-0.123131
-0.121121
-0.119023
-0.116817
-0.114498
-0.11205
-0.109609
-0.107063
-0.104365
-0.101511
-0.0984897
-0.0954582
-0.0922346
-0.0894872
-0.086845
-0.0840275
-0.0809875
-0.0777359
-0.0747394
-0.0721467
-0.0693618
-0.0663579
-0.0631106
-0.0595887
-0.0557439
-0.0515227
-0.046865
-0.0416801
-0.0369204
-0.0338987
-0.0314692
-0.031268
-0.031211
-0.0309751
-0.0305862
-0.030057
-0.0293932
-0.0285906
-0.0276423
-0.0265345
-0.0252558
-0.0237786
-0.0220552
-0.020932
-0.0212675
-0.0242487
-0.0283511
-0.0318019
-0.034772
-0.0373692
-0.0396623
-0.0417081
-0.0435488
-0.0452155
-0.0467317
-0.0481125
-0.0493743
-0.0505982
-0.0530124
-0.0557154
-0.0602115
-0.0651287
-0.0695463
-0.0735585
-0.0772398
-0.0806403
-0.0838238
-0.0868128
-0.089627
-0.0922961
-0.0949988
-0.0976836
-0.100221
-0.102624
-0.104933
-0.107562
-0.11027
-0.112885
-0.115707
-0.118438
-0.121081
-0.123617
-0.126069
-0.128472
-0.130782
-0.133013
-0.135169
-0.137262
-0.139324
-0.141347
-0.143317
-0.145258
-0.147147
-0.202557
-0.20271
-0.202822
-0.202899
-0.202941
-0.20294
-0.202898
-0.202814
-0.202687
-0.202517
-0.202303
-0.202044
-0.201762
-0.201475
-0.201151
-0.200826
-0.200487
-0.200104
-0.199673
-0.199195
-0.198669
-0.198104
-0.197492
-0.196832
-0.19613
-0.195401
-0.194644
-0.193851
-0.193007
-0.192117
-0.191196
-0.190255
-0.189263
-0.188239
-0.187172
-0.186049
-0.184868
-0.183658
-0.18241
-0.181108
-0.179745
-0.178326
-0.176853
-0.175333
-0.173753
-0.172122
-0.170463
-0.168755
-0.166977
-0.165118
-0.163197
-0.161269
-0.15935
-0.157362
-0.155282
-0.153111
-0.150865
-0.148568
-0.146175
-0.14379
-0.141386
-0.138901
-0.136298
-0.133591
-0.13075
-0.127835
-0.124776
-0.121555
-0.118183
-0.114665
-0.111562
-0.108305
-0.10528
-0.102762
-0.100083
-0.0972453
-0.0943168
-0.0915342
-0.0887321
-0.0857178
-0.0824694
-0.0789722
-0.0752025
-0.0711028
-0.0666304
-0.0617244
-0.056323
-0.0518715
-0.0488224
-0.0465489
-0.0465479
-0.0466088
-0.0463182
-0.0457296
-0.0448716
-0.0437554
-0.0423793
-0.0407297
-0.0387835
-0.0365115
-0.0338653
-0.0307631
-0.0293248
-0.0297309
-0.0340836
-0.0389448
-0.0430346
-0.0465472
-0.0496071
-0.0522997
-0.0546892
-0.0568192
-0.0587292
-0.060439
-0.0619635
-0.0633095
-0.0647888
-0.0672319
-0.0696549
-0.0729891
-0.0762597
-0.0792431
-0.0819996
-0.0845646
-0.0869677
-0.089238
-0.0913884
-0.0934309
-0.0953833
-0.0973171
-0.0992277
-0.10108
-0.10286
-0.104607
-0.106427
-0.108242
-0.110021
-0.111836
-0.1136
-0.115311
-0.116965
-0.118582
-0.120163
-0.121705
-0.123206
-0.124669
-0.126099
-0.127516
-0.128905
-0.130261
-0.131598
-0.132904
-0.134177
-0.135414
-0.136627
-0.137836
-0.139037
-0.14021
-0.141351
-0.142462
-0.143554
-0.144633
-0.145685
-0.146714
-0.147719
-0.148706
-0.149662
-0.150596
-0.151503
-0.1524
-0.153274
-0.154115
-0.154932
-0.15573
-0.156517
-0.157273
-0.158033
-0.158774
-0.159484
-0.160169
-0.160866
-0.161566
-0.162236
-0.16287
-0.163467
-0.164033
-0.164569
-0.16507
-0.165535
-0.165965
-0.166376
-0.16682
-0.167266
-0.167692
-0.168162
-0.168615
-0.169022
-0.169386
-0.169709
-0.169993
-0.170239
-0.170446
-0.170617
-0.170765
-0.170887
-0.170968
-0.171036
-0.171144
-0.171293
-0.171416
-0.171497
-0.171546
-0.171568
-0.171551
-0.171494
-0.171396
-0.171258
-0.17108
-0.170859
-0.170595
-0.170314
-0.170046
-0.169751
-0.169461
-0.169194
-0.168895
-0.168556
-0.168174
-0.16775
-0.167291
-0.166792
-0.16625
-0.165668
-0.165051
-0.16442
-0.163781
-0.1631
-0.162377
-0.161623
-0.160867
-0.160066
-0.159242
-0.158392
-0.157501
-0.156561
-0.155584
-0.154576
-0.153526
-0.152433
-0.151295
-0.150129
-0.148917
-0.147654
-0.146355
-0.145035
-0.143666
-0.142235
-0.140737
-0.139182
-0.137594
-0.135999
-0.13435
-0.132624
-0.130818
-0.128955
-0.127082
-0.125124
-0.123131
-0.121121
-0.119023
-0.116817
-0.114498
-0.11205
-0.109609
-0.107063
-0.104365
-0.101511
-0.0984897
-0.0954582
-0.0922346
-0.0894872
-0.086845
-0.0840275
-0.0809875
-0.0777359
-0.0747394
-0.0721467
-0.0693618
-0.0663579
-0.0631106
-0.0595887
-0.0557439
-0.0515227
-0.046865
-0.0416801
-0.0369204
-0.0338987
-0.0314692
-0.031268
-0.031211
-0.0309751
-0.0305862
-0.030057
-0.0293932
-0.0285906
-0.0276423
-0.0265345
-0.0252558
-0.0237786
-0.0220552
-0.020932
-0.0212675
-0.0242487
-0.0283511
-0.0318019
-0.034772
-0.0373692
-0.0396623
-0.0417081
-0.0435488
-0.0452155
-0.0467317
-0.0481125
-0.0493743
-0.0505982
-0.0530124
-0.0557154
-0.0602115
-0.0651287
-0.0695463
-0.0735585
-0.0772398
-0.0806403
-0.0838238
-0.0868128
-0.089627
-0.0922961
-0.0949988
-0.0976836
-0.100221
-0.102624
-0.104933
-0.107562
-0.11027
-0.112885
-0.115707
-0.118438
-0.121081
-0.123617
-0.126069
-0.128472
-0.130782
-0.133013
-0.135169
-0.137262
-0.139324
-0.141347
-0.143317
-0.145258
-0.147147
0.122634
0.126986
0.130795
0.134066
0.136761
0.138757
0.13975
0.141749
0.148578
0.157865
0.166754
0.174891
0.182314
0.18911
0.195337
0.201068
0.206385
0.211303
0.215849
0.220028
0.224156
0.228387
0.232266
0.236228
0.240183
0.243845
0.247293
0.250572
0.253688
0.256607
0.259347
0.261943
0.264384
0.266725
0.268973
0.271077
0.273041
0.274877
0.276672
0.278388
0.279988
0.281488
0.282894
0.284209
0.285461
0.286642
0.287742
0.28877
0.289706
0.290553
0.291313
0.291996
0.292646
0.293287
0.293888
0.294426
0.294893
0.295282
0.295591
0.295834
0.29603
0.296225
0.296383
0.29648
0.296514
0.296486
0.296377
0.296245
0.296187
0.296071
0.295886
0.295622
0.295316
0.295041
0.294707
0.294341
0.293912
0.293418
0.29291
0.292401
0.291857
0.291238
0.290615
0.290062
0.289445
0.288797
0.288151
0.28745
0.286697
0.285895
0.285054
0.284175
0.283248
0.282286
0.281303
0.280286
0.279272
0.278283
0.277345
0.2764
0.275408
0.274372
0.273293
0.272172
0.27101
0.26981
0.26857
0.267292
0.265974
0.264615
0.26321
0.261779
0.26039
0.259057
0.257736
0.256406
0.255061
0.253705
0.252315
0.250898
0.249463
0.247999
0.2465
0.244962
0.243412
0.241875
0.240297
0.238763
0.237271
0.23574
0.234197
0.232666
0.231162
0.229623
0.228053
0.226478
0.22488
0.223303
0.221754
0.220167
0.218543
0.216881
0.215303
0.21377
0.212201
0.210609
0.209
0.207366
0.20574
0.204163
0.202571
0.200987
0.199365
0.197706
0.196014
0.194298
0.192577
0.190943
0.189352
0.18774
0.186093
0.184408
0.182681
0.180933
0.1792
0.177462
0.175732
0.173978
0.172179
0.170337
0.16843
0.166501
0.164805
0.16309
0.161292
0.159399
0.157502
0.155776
0.153928
0.151971
0.149888
0.147665
0.145388
0.143122
0.140748
0.138103
0.135553
0.134736
0.133568
0.132633
0.133093
0.133
0.132415
0.131371
0.12989
0.127951
0.125486
0.122427
0.118666
0.113888
0.108732
0.10511
0.109922
0.119219
0.12707
0.133739
0.139416
0.144227
0.14828
0.151624
0.154279
0.156221
0.15736
0.157481
0.156076
0.15431
0.157263
0.163065
0.16863
0.173752
0.178409
0.182672
0.186561
0.190121
0.193395
0.196382
0.199068
0.201411
0.203571
0.205888
0.207917
0.210133
0.212416
0.214529
0.216522
0.218438
0.22027
0.221979
0.223574
0.225073
0.226467
0.227782
0.229058
0.230235
0.231316
0.232302
0.233281
0.234227
0.235095
0.235894
0.236636
0.237308
0.237935
0.238533
0.239071
0.239564
0.239992
0.240354
0.240654
0.240905
0.24112
0.241342
0.241572
0.241755
0.241885
0.241956
0.241968
0.24193
0.241873
0.241785
0.241694
0.241587
0.24143
0.241234
0.24098
0.240686
0.240484
0.240267
0.239987
0.239646
0.239265
0.238941
0.238558
0.238161
0.237712
0.237205
0.236663
0.236117
0.235594
0.235013
0.234396
0.233887
0.233342
0.232758
0.232203
0.231584
0.230906
0.230174
0.2294
0.228589
0.227729
0.226832
0.22592
0.224972
0.224031
0.223112
0.222262
0.221421
0.220531
0.219594
0.218615
0.217593
0.216532
0.215434
0.214297
0.213121
0.211907
0.210651
0.20935
0.208012
0.206715
0.205483
0.204262
0.203041
0.201802
0.20056
0.199286
0.197987
0.196675
0.195335
0.193959
0.192544
0.191102
0.189675
0.188201
0.186775
0.18539
0.183971
0.18255
0.181162
0.179786
0.178385
0.176956
0.175528
0.174092
0.172649
0.171244
0.169805
0.168329
0.166811
0.165389
0.164016
0.162614
0.161194
0.159766
0.158318
0.156925
0.155546
0.154151
0.152778
0.122283
0.119634
0.116387
0.112503
0.107911
0.102518
0.0961579
0.0909595
0.0901378
0.0916836
0.0932118
0.0944786
0.0955007
0.0963255
0.0969633
0.0974497
0.0978072
0.0980206
0.0980828
0.0979809
0.0980184
0.0983407
0.0985497
0.0990401
0.0997461
0.100394
0.101032
0.101689
0.102362
0.103006
0.103628
0.104249
0.104851
0.105483
0.106151
0.106803
0.107441
0.10807
0.108768
0.109493
0.110206
0.110921
0.111641
0.112366
0.113116
0.113881
0.114652
0.115433
0.116206
0.116974
0.117738
0.118506
0.119324
0.120194
0.121088
0.121986
0.12288
0.123764
0.124637
0.125524
0.126417
0.127371
0.128344
0.129315
0.130286
0.131256
0.132214
0.13322
0.134332
0.135421
0.136485
0.137526
0.138597
0.139707
0.140795
0.141894
0.142978
0.144045
0.145148
0.146286
0.147435
0.148561
0.149738
0.150998
0.152221
0.153459
0.154694
0.155889
0.157056
0.158201
0.159336
0.160459
0.161559
0.162654
0.163754
0.164848
0.165973
0.167154
0.168399
0.169635
0.170834
0.171999
0.173139
0.174252
0.175338
0.176398
0.17743
0.178434
0.179408
0.18035
0.181257
0.18215
0.183088
0.184074
0.185071
0.186062
0.187039
0.188005
0.188936
0.189837
0.190715
0.191556
0.192356
0.193111
0.193848
0.194581
0.195266
0.195981
0.196724
0.197418
0.198086
0.198752
0.19943
0.20006
0.200643
0.201201
0.201714
0.202233
0.202749
0.203206
0.203605
0.203949
0.204345
0.204758
0.20511
0.205412
0.205669
0.205871
0.206041
0.206221
0.206361
0.206467
0.206501
0.206464
0.206356
0.206182
0.205962
0.205768
0.205566
0.205292
0.204933
0.20448
0.203926
0.203297
0.202612
0.201859
0.201042
0.200132
0.1991
0.197943
0.196635
0.195214
0.1939
0.192458
0.190823
0.188979
0.187024
0.185106
0.182965
0.180605
0.177996
0.175104
0.171996
0.168691
0.165064
0.160961
0.156742
0.153818
0.150323
0.146947
0.144683
0.141863
0.138565
0.134791
0.130526
0.125715
0.120267
0.114115
0.107175
0.099267
0.0912695
0.0854552
0.0874284
0.0924839
0.095829
0.09812
0.0996655
0.100628
0.101099
0.101126
0.100727
0.0999014
0.098626
0.0968581
0.0945294
0.0934303
0.0968177
0.101739
0.105796
0.109172
0.112013
0.114473
0.116615
0.118506
0.120203
0.121718
0.123065
0.12426
0.12558
0.126981
0.128162
0.129618
0.131102
0.132435
0.133689
0.13491
0.136101
0.137227
0.138299
0.139338
0.140341
0.141351
0.142356
0.143313
0.144235
0.145127
0.146068
0.147021
0.147944
0.148848
0.149744
0.150623
0.151503
0.152404
0.153303
0.154197
0.155073
0.155931
0.156776
0.157618
0.158471
0.159366
0.160307
0.161245
0.162169
0.163074
0.163961
0.164842
0.165736
0.166636
0.167569
0.168524
0.169469
0.170412
0.171329
0.17224
0.173264
0.17431
0.175329
0.176322
0.177314
0.178392
0.179451
0.180537
0.181607
0.182659
0.183707
0.184776
0.185895
0.186985
0.188067
0.189273
0.190478
0.191679
0.192942
0.194181
0.195401
0.196605
0.1978
0.198989
0.200158
0.201317
0.202483
0.203634
0.204816
0.206042
0.207352
0.208684
0.209986
0.211264
0.212519
0.213752
0.214963
0.216149
0.217315
0.218456
0.219572
0.220661
0.22172
0.222765
0.223856
0.225001
0.226145
0.227292
0.228417
0.229538
0.230625
0.231685
0.232729
0.233741
0.234717
0.235654
0.236572
0.237493
0.238365
0.23928
0.240208
0.241082
0.241938
0.2428
0.243649
0.244446
0.245195
0.245921
0.246615
0.247292
0.247965
0.248575
0.249126
0.249622
0.250183
0.250737
0.251221
0.251643
0.252017
0.252331
0.252652
0.252936
0.25317
0.253359
0.320213
0.3205
0.320732
0.320908
0.321027
0.321086
0.321083
0.321085
0.321131
0.321186
0.321205
0.321204
0.321156
0.321063
0.320927
0.320738
0.320491
0.320189
0.319834
0.31942
0.318984
0.318516
0.318009
0.317486
0.316969
0.316427
0.315834
0.315176
0.314494
0.31381
0.313074
0.312271
0.311398
0.310503
0.309591
0.308638
0.307634
0.306604
0.305553
0.304513
0.303405
0.302222
0.300981
0.299702
0.29837
0.296986
0.295629
0.294239
0.292768
0.291217
0.289604
0.287925
0.286211
0.284469
0.282715
0.280887
0.27899
0.276999
0.274919
0.272803
0.270676
0.268454
0.266137
0.263777
0.261314
0.258733
0.256046
0.253337
0.25064
0.247909
0.245025
0.241993
0.238955
0.235918
0.232633
0.229122
0.225399
0.221563
0.217589
0.21334
0.208859
0.204247
0.200047
0.196646
0.193008
0.189922
0.187685
0.184575
0.180772
0.176337
0.171269
0.165547
0.159155
0.151939
0.143801
0.135639
0.126981
0.121632
0.125385
0.132052
0.136613
0.13971
0.141709
0.142807
0.143118
0.142692
0.141533
0.139596
0.136787
0.132945
0.127812
0.125751
0.129252
0.133886
0.137964
0.141724
0.145076
0.148102
0.150859
0.153372
0.155654
0.157714
0.159556
0.161153
0.163073
0.165059
0.167047
0.169263
0.171513
0.173733
0.175904
0.178001
0.180053
0.182084
0.184061
0.185974
0.187819
0.189669
0.191508
0.193319
0.195096
0.196868
0.198634
0.200389
0.202105
0.203779
0.205419
0.207042
0.208639
0.210203
0.21179
0.213366
0.214905
0.216402
0.217879
0.219327
0.220761
0.222182
0.223602
0.224997
0.226379
0.227718
0.229014
0.230302
0.231605
0.232872
0.234111
0.23537
0.236609
0.2378
0.238949
0.24009
0.241244
0.242433
0.24358
0.244696
0.245807
0.24693
0.247982
0.248977
0.249946
0.250913
0.251849
0.252736
0.25361
0.254495
0.255375
0.256286
0.257196
0.258074
0.258956
0.259765
0.260515
0.261211
0.261849
0.262438
0.262987
0.263492
0.263955
0.264398
0.26481
0.26524
0.265739
0.266253
0.266698
0.267081
0.267405
0.267672
0.267885
0.268042
0.268145
0.268192
0.268182
0.268112
0.26798
0.267844
0.267769
0.267707
0.26761
0.267489
0.267326
0.267118
0.26687
0.266576
0.266224
0.265818
0.26536
0.264843
0.264301
0.263731
0.263135
0.262546
0.261942
0.261333
0.260706
0.260023
0.259297
0.258557
0.25779
0.25696
0.256065
0.255147
0.254214
0.25324
0.25222
0.251211
0.250202
0.249175
0.248092
0.246944
0.245751
0.244567
0.243336
0.24205
0.240768
0.239473
0.23811
0.236676
0.235192
0.233653
0.23212
0.230569
0.228989
0.227345
0.22564
0.223855
0.221982
0.22008
0.218191
0.21623
0.214188
0.212087
0.209898
0.207592
0.205173
0.202782
0.200384
0.197936
0.195341
0.19258
0.18985
0.187125
0.1842
0.181072
0.177746
0.174235
0.170538
0.166522
0.162223
0.157658
0.153624
0.150031
0.146327
0.143484
0.141486
0.138936
0.135906
0.132404
0.128397
0.123838
0.118651
0.112714
0.105857
0.0981967
0.0893576
0.0834842
0.0863513
0.0945077
0.100809
0.105788
0.109786
0.113007
0.115576
0.117563
0.119012
0.119922
0.120264
0.119974
0.118929
0.11888
0.123739
0.131297
0.138144
0.144608
0.150428
0.155665
0.160469
0.164891
0.168978
0.172778
0.176326
0.179639
0.182876
0.186486
0.189838
0.193139
0.196627
0.199995
0.203221
0.206296
0.209269
0.212177
0.215004
0.21773
0.220363
0.222928
0.225486
0.227971
0.230396
0.232775
0.235116
0.237434
0.239697
0.241894
0.244039
0.246162
0.248246
0.250283
0.252296
0.254291
0.320213
0.3205
0.320732
0.320908
0.321027
0.321086
0.321083
0.321085
0.321131
0.321186
0.321205
0.321204
0.321156
0.321063
0.320927
0.320738
0.320491
0.320189
0.319834
0.31942
0.318984
0.318516
0.318009
0.317486
0.316969
0.316427
0.315834
0.315176
0.314494
0.31381
0.313074
0.312271
0.311398
0.310503
0.309591
0.308638
0.307634
0.306604
0.305553
0.304513
0.303405
0.302222
0.300981
0.299702
0.29837
0.296986
0.295629
0.294239
0.292768
0.291217
0.289604
0.287925
0.286211
0.284469
0.282715
0.280887
0.27899
0.276999
0.274919
0.272803
0.270676
0.268454
0.266137
0.263777
0.261314
0.258733
0.256046
0.253337
0.25064
0.247909
0.245025
0.241993
0.238955
0.235918
0.232633
0.229122
0.225399
0.221563
0.217589
0.21334
0.208859
0.204247
0.200047
0.196646
0.193008
0.189922
0.187685
0.184575
0.180772
0.176337
0.171269
0.165547
0.159155
0.151939
0.143801
0.135639
0.126981
0.121632
0.125385
0.132052
0.136613
0.13971
0.141709
0.142807
0.143118
0.142692
0.141533
0.139596
0.136787
0.132945
0.127812
0.125751
0.129252
0.133886
0.137964
0.141724
0.145076
0.148102
0.150859
0.153372
0.155654
0.157714
0.159556
0.161153
0.163073
0.165059
0.167047
0.169263
0.171513
0.173733
0.175904
0.178001
0.180053
0.182084
0.184061
0.185974
0.187819
0.189669
0.191508
0.193319
0.195096
0.196868
0.198634
0.200389
0.202105
0.203779
0.205419
0.207042
0.208639
0.210203
0.21179
0.213366
0.214905
0.216402
0.217879
0.219327
0.220761
0.222182
0.223602
0.224997
0.226379
0.227718
0.229014
0.230302
0.231605
0.232872
0.234111
0.23537
0.236609
0.2378
0.238949
0.24009
0.241244
0.242433
0.24358
0.244696
0.245807
0.24693
0.247982
0.248977
0.249946
0.250913
0.251849
0.252736
0.25361
0.254495
0.255375
0.256286
0.257196
0.258074
0.258956
0.259765
0.260515
0.261211
0.261849
0.262438
0.262987
0.263492
0.263955
0.264398
0.26481
0.26524
0.265739
0.266253
0.266698
0.267081
0.267405
0.267672
0.267885
0.268042
0.268145
0.268192
0.268182
0.268112
0.26798
0.267844
0.267769
0.267707
0.26761
0.267489
0.267326
0.267118
0.26687
0.266576
0.266224
0.265818
0.26536
0.264843
0.264301
0.263731
0.263135
0.262546
0.261942
0.261333
0.260706
0.260023
0.259297
0.258557
0.25779
0.25696
0.256065
0.255147
0.254214
0.25324
0.25222
0.251211
0.250202
0.249175
0.248092
0.246944
0.245751
0.244567
0.243336
0.24205
0.240768
0.239473
0.23811
0.236676
0.235192
0.233653
0.23212
0.230569
0.228989
0.227345
0.22564
0.223855
0.221982
0.22008
0.218191
0.21623
0.214188
0.212087
0.209898
0.207592
0.205173
0.202782
0.200384
0.197936
0.195341
0.19258
0.18985
0.187125
0.1842
0.181072
0.177746
0.174235
0.170538
0.166522
0.162223
0.157658
0.153624
0.150031
0.146327
0.143484
0.141486
0.138936
0.135906
0.132404
0.128397
0.123838
0.118651
0.112714
0.105857
0.0981967
0.0893576
0.0834842
0.0863513
0.0945077
0.100809
0.105788
0.109786
0.113007
0.115576
0.117563
0.119012
0.119922
0.120264
0.119974
0.118929
0.11888
0.123739
0.131297
0.138144
0.144608
0.150428
0.155665
0.160469
0.164891
0.168978
0.172778
0.176326
0.179639
0.182876
0.186486
0.189838
0.193139
0.196627
0.199995
0.203221
0.206296
0.209269
0.212177
0.215004
0.21773
0.220363
0.222928
0.225486
0.227971
0.230396
0.232775
0.235116
0.237434
0.239697
0.241894
0.244039
0.246162
0.248246
0.250283
0.252296
0.254291
0.122634
0.126986
0.130795
0.134066
0.136761
0.138757
0.13975
0.141749
0.148578
0.157865
0.166754
0.174891
0.182314
0.18911
0.195337
0.201068
0.206385
0.211303
0.215849
0.220028
0.224156
0.228387
0.232266
0.236228
0.240183
0.243845
0.247293
0.250572
0.253688
0.256607
0.259347
0.261943
0.264384
0.266725
0.268973
0.271077
0.273041
0.274877
0.276672
0.278388
0.279988
0.281488
0.282894
0.284209
0.285461
0.286642
0.287742
0.28877
0.289706
0.290553
0.291313
0.291996
0.292646
0.293287
0.293888
0.294426
0.294893
0.295282
0.295591
0.295834
0.29603
0.296225
0.296383
0.29648
0.296514
0.296486
0.296377
0.296245
0.296187
0.296071
0.295886
0.295622
0.295316
0.295041
0.294707
0.294341
0.293912
0.293418
0.29291
0.292401
0.291857
0.291238
0.290615
0.290062
0.289445
0.288797
0.288151
0.28745
0.286697
0.285895
0.285054
0.284175
0.283248
0.282286
0.281303
0.280286
0.279272
0.278283
0.277345
0.2764
0.275408
0.274372
0.273293
0.272172
0.27101
0.26981
0.26857
0.267292
0.265974
0.264615
0.26321
0.261779
0.26039
0.259057
0.257736
0.256406
0.255061
0.253705
0.252315
0.250898
0.249463
0.247999
0.2465
0.244962
0.243412
0.241875
0.240297
0.238763
0.237271
0.23574
0.234197
0.232666
0.231162
0.229623
0.228053
0.226478
0.22488
0.223303
0.221754
0.220167
0.218543
0.216881
0.215303
0.21377
0.212201
0.210609
0.209
0.207366
0.20574
0.204163
0.202571
0.200987
0.199365
0.197706
0.196014
0.194298
0.192577
0.190943
0.189352
0.18774
0.186093
0.184408
0.182681
0.180933
0.1792
0.177462
0.175732
0.173978
0.172179
0.170337
0.16843
0.166501
0.164805
0.16309
0.161292
0.159399
0.157502
0.155776
0.153928
0.151971
0.149888
0.147665
0.145388
0.143122
0.140748
0.138103
0.135553
0.134736
0.133568
0.132633
0.133093
0.133
0.132415
0.131371
0.12989
0.127951
0.125486
0.122427
0.118666
0.113888
0.108732
0.10511
0.109922
0.119219
0.12707
0.133739
0.139416
0.144227
0.14828
0.151624
0.154279
0.156221
0.15736
0.157481
0.156076
0.15431
0.157263
0.163065
0.16863
0.173752
0.178409
0.182672
0.186561
0.190121
0.193395
0.196382
0.199068
0.201411
0.203571
0.205888
0.207917
0.210133
0.212416
0.214529
0.216522
0.218438
0.22027
0.221979
0.223574
0.225073
0.226467
0.227782
0.229058
0.230235
0.231316
0.232302
0.233281
0.234227
0.235095
0.235894
0.236636
0.237308
0.237935
0.238533
0.239071
0.239564
0.239992
0.240354
0.240654
0.240905
0.24112
0.241342
0.241572
0.241755
0.241885
0.241956
0.241968
0.24193
0.241873
0.241785
0.241694
0.241587
0.24143
0.241234
0.24098
0.240686
0.240484
0.240267
0.239987
0.239646
0.239265
0.238941
0.238558
0.238161
0.237712
0.237205
0.236663
0.236117
0.235594
0.235013
0.234396
0.233887
0.233342
0.232758
0.232203
0.231584
0.230906
0.230174
0.2294
0.228589
0.227729
0.226832
0.22592
0.224972
0.224031
0.223112
0.222262
0.221421
0.220531
0.219594
0.218615
0.217593
0.216532
0.215434
0.214297
0.213121
0.211907
0.210651
0.20935
0.208012
0.206715
0.205483
0.204262
0.203041
0.201802
0.20056
0.199286
0.197987
0.196675
0.195335
0.193959
0.192544
0.191102
0.189675
0.188201
0.186775
0.18539
0.183971
0.18255
0.181162
0.179786
0.178385
0.176956
0.175528
0.174092
0.172649
0.171244
0.169805
0.168329
0.166811
0.165389
0.164016
0.162614
0.161194
0.159766
0.158318
0.156925
0.155546
0.154151
0.152778
0.122283
0.119634
0.116387
0.112503
0.107911
0.102518
0.0961579
0.0909595
0.0901378
0.0916836
0.0932118
0.0944786
0.0955007
0.0963255
0.0969633
0.0974497
0.0978072
0.0980206
0.0980828
0.0979809
0.0980184
0.0983407
0.0985497
0.0990401
0.0997461
0.100394
0.101032
0.101689
0.102362
0.103006
0.103628
0.104249
0.104851
0.105483
0.106151
0.106803
0.107441
0.10807
0.108768
0.109493
0.110206
0.110921
0.111641
0.112366
0.113116
0.113881
0.114652
0.115433
0.116206
0.116974
0.117738
0.118506
0.119324
0.120194
0.121088
0.121986
0.12288
0.123764
0.124637
0.125524
0.126417
0.127371
0.128344
0.129315
0.130286
0.131256
0.132214
0.13322
0.134332
0.135421
0.136485
0.137526
0.138597
0.139707
0.140795
0.141894
0.142978
0.144045
0.145148
0.146286
0.147435
0.148561
0.149738
0.150998
0.152221
0.153459
0.154694
0.155889
0.157056
0.158201
0.159336
0.160459
0.161559
0.162654
0.163754
0.164848
0.165973
0.167154
0.168399
0.169635
0.170834
0.171999
0.173139
0.174252
0.175338
0.176398
0.17743
0.178434
0.179408
0.18035
0.181257
0.18215
0.183088
0.184074
0.185071
0.186062
0.187039
0.188005
0.188936
0.189837
0.190715
0.191556
0.192356
0.193111
0.193848
0.194581
0.195266
0.195981
0.196724
0.197418
0.198086
0.198752
0.19943
0.20006
0.200643
0.201201
0.201714
0.202233
0.202749
0.203206
0.203605
0.203949
0.204345
0.204758
0.20511
0.205412
0.205669
0.205871
0.206041
0.206221
0.206361
0.206467
0.206501
0.206464
0.206356
0.206182
0.205962
0.205768
0.205566
0.205292
0.204933
0.20448
0.203926
0.203297
0.202612
0.201859
0.201042
0.200132
0.1991
0.197943
0.196635
0.195214
0.1939
0.192458
0.190823
0.188979
0.187024
0.185106
0.182965
0.180605
0.177996
0.175104
0.171996
0.168691
0.165064
0.160961
0.156742
0.153818
0.150323
0.146947
0.144683
0.141863
0.138565
0.134791
0.130526
0.125715
0.120267
0.114115
0.107175
0.099267
0.0912695
0.0854552
0.0874284
0.0924839
0.095829
0.09812
0.0996655
0.100628
0.101099
0.101126
0.100727
0.0999014
0.098626
0.0968581
0.0945294
0.0934303
0.0968177
0.101739
0.105796
0.109172
0.112013
0.114473
0.116615
0.118506
0.120203
0.121718
0.123065
0.12426
0.12558
0.126981
0.128162
0.129618
0.131102
0.132435
0.133689
0.13491
0.136101
0.137227
0.138299
0.139338
0.140341
0.141351
0.142356
0.143313
0.144235
0.145127
0.146068
0.147021
0.147944
0.148848
0.149744
0.150623
0.151503
0.152404
0.153303
0.154197
0.155073
0.155931
0.156776
0.157618
0.158471
0.159366
0.160307
0.161245
0.162169
0.163074
0.163961
0.164842
0.165736
0.166636
0.167569
0.168524
0.169469
0.170412
0.171329
0.17224
0.173264
0.17431
0.175329
0.176322
0.177314
0.178392
0.179451
0.180537
0.181607
0.182659
0.183707
0.184776
0.185895
0.186985
0.188067
0.189273
0.190478
0.191679
0.192942
0.194181
0.195401
0.196605
0.1978
0.198989
0.200158
0.201317
0.202483
0.203634
0.204816
0.206042
0.207352
0.208684
0.209986
0.211264
0.212519
0.213752
0.214963
0.216149
0.217315
0.218456
0.219572
0.220661
0.22172
0.222765
0.223856
0.225001
0.226145
0.227292
0.228417
0.229538
0.230625
0.231685
0.232729
0.233741
0.234717
0.235654
0.236572
0.237493
0.238365
0.23928
0.240208
0.241082
0.241938
0.2428
0.243649
0.244446
0.245195
0.245921
0.246615
0.247292
0.247965
0.248575
0.249126
0.249622
0.250183
0.250737
0.251221
0.251643
0.252017
0.252331
0.252652
0.252936
0.25317
0.253359
0.933586
0.934404
0.935204
0.936007
0.936682
0.937215
0.93765
0.938078
0.938541
0.938891
0.939097
0.939161
0.939103
0.93901
0.938802
0.938501
0.938195
0.937924
0.937573
0.937064
0.936417
0.935642
0.934726
0.933753
0.932665
0.931539
0.930339
0.929089
0.927727
0.926223
0.924688
0.923039
0.921416
0.919659
0.917762
0.915719
0.913528
0.911188
0.908766
0.906291
0.903704
0.900999
0.898221
0.895421
0.892514
0.889451
0.886261
0.883088
0.879806
0.876395
0.872862
0.869172
0.865376
0.86161
0.857682
0.853609
0.849483
0.845236
0.840807
0.836238
0.831653
0.827088
0.822621
0.817931
0.81302
0.807984
0.802834
0.797874
0.792816
0.78791
0.782849
0.777471
0.771789
0.765829
0.759585
0.753068
0.746459
0.741935
0.737141
0.732265
0.726808
0.722399
0.720357
0.716963
0.712504
0.707171
0.70105
0.694116
0.68638
0.677786
0.668249
0.658852
0.65704
0.657059
0.663106
0.666772
0.668246
0.667087
0.663642
0.65809
0.650711
0.642249
0.631642
0.618606
0.602681
0.590663
0.588471
0.59141
0.593752
0.594197
0.59308
0.590662
0.587042
0.582044
0.575567
0.567475
0.558098
0.551395
0.545015
0.542171
0.542549
0.54613
0.549489
0.552468
0.555094
0.55738
0.559309
0.560893
0.562087
0.562884
0.563437
0.56541
0.568447
0.57124
0.574825
0.578674
0.583124
0.58751
0.591812
0.596017
0.600106
0.604085
0.607978
0.6119
0.615807
0.619731
0.623759
0.627856
0.631929
0.635915
0.639817
0.643797
0.647811
0.651808
0.655776
0.659655
0.663483
0.667358
0.671153
0.674861
0.678556
0.682192
0.685726
0.689205
0.692666
0.696145
0.69969
0.703121
0.70645
0.709721
0.712967
0.716202
0.719371
0.722548
0.725681
0.728694
0.731585
0.734364
0.737039
0.739617
0.742103
0.744716
0.747246
0.749732
0.7521
0.754417
0.756792
0.759075
0.761262
0.763344
0.765332
0.7672
0.768968
0.770622
0.772153
0.773635
0.775165
0.77665
0.778085
0.779407
0.780686
0.781839
0.782869
0.783776
0.784588
0.78539
0.786134
0.786789
0.787324
0.787776
0.78821
0.788621
0.788936
0.789126
0.78922
0.78926
0.789275
0.789189
0.788979
0.788644
0.788184
0.787694
0.787095
0.78643
0.785724
0.785035
0.78428
0.783391
0.78238
0.781262
0.780018
0.778678
0.777229
0.775698
0.77409
0.772483
0.770806
0.769
0.767147
0.765202
0.763302
0.761297
0.759175
0.756934
0.754563
0.75206
0.749441
0.746784
0.744069
0.741259
0.738406
0.735521
0.732546
0.729432
0.726176
0.722957
0.719686
0.716342
0.712941
0.709394
0.705759
0.70213
0.698374
0.694481
0.69057
0.686548
0.682355
0.678054
0.673788
0.669606
0.665532
0.661262
0.656791
0.652276
0.647802
0.643617
0.639493
0.63523
0.63084
0.626197
0.62125
0.615995
0.610432
0.604554
0.598383
0.593333
0.588685
0.585427
0.581568
0.579245
0.578423
0.576627
0.573898
0.570279
0.565815
0.560377
0.553904
0.54627
0.537288
0.528372
0.527424
0.529813
0.53571
0.540636
0.545549
0.548175
0.548561
0.546847
0.543139
0.53792
0.530505
0.520491
0.507349
0.495955
0.499727
0.511716
0.52564
0.53686
0.546058
0.553656
0.560189
0.565497
0.569586
0.572483
0.574135
0.57628
0.57789
0.581989
0.586971
0.595132
0.603204
0.610716
0.617767
0.62445
0.630789
0.636833
0.642595
0.648087
0.653355
0.658829
0.664695
0.670363
0.676212
0.682134
0.688217
0.694189
0.700038
0.705767
0.711372
0.716856
0.722232
0.727544
0.732795
0.737977
0.743168
0.748333
0.753459
0.75848
0.763397
0.768301
0.933586
0.934404
0.935204
0.936007
0.936682
0.937215
0.93765
0.938078
0.938541
0.938891
0.939097
0.939161
0.939103
0.93901
0.938802
0.938501
0.938195
0.937924
0.937573
0.937064
0.936417
0.935642
0.934726
0.933753
0.932665
0.931539
0.930339
0.929089
0.927727
0.926223
0.924688
0.923039
0.921416
0.919659
0.917762
0.915719
0.913528
0.911188
0.908766
0.906291
0.903704
0.900999
0.898221
0.895421
0.892514
0.889451
0.886261
0.883088
0.879806
0.876395
0.872862
0.869172
0.865376
0.86161
0.857682
0.853609
0.849483
0.845236
0.840807
0.836238
0.831653
0.827088
0.822621
0.817931
0.81302
0.807984
0.802834
0.797874
0.792816
0.78791
0.782849
0.777471
0.771789
0.765829
0.759585
0.753068
0.746459
0.741935
0.737141
0.732265
0.726808
0.722399
0.720357
0.716963
0.712504
0.707171
0.70105
0.694116
0.68638
0.677786
0.668249
0.658852
0.65704
0.657059
0.663106
0.666772
0.668246
0.667087
0.663642
0.65809
0.650711
0.642249
0.631642
0.618606
0.602681
0.590663
0.588471
0.59141
0.593752
0.594197
0.59308
0.590662
0.587042
0.582044
0.575567
0.567475
0.558098
0.551395
0.545015
0.542171
0.542549
0.54613
0.549489
0.552468
0.555094
0.55738
0.559309
0.560893
0.562087
0.562884
0.563437
0.56541
0.568447
0.57124
0.574825
0.578674
0.583124
0.58751
0.591812
0.596017
0.600106
0.604085
0.607978
0.6119
0.615807
0.619731
0.623759
0.627856
0.631929
0.635915
0.639817
0.643797
0.647811
0.651808
0.655776
0.659655
0.663483
0.667358
0.671153
0.674861
0.678556
0.682192
0.685726
0.689205
0.692666
0.696145
0.69969
0.703121
0.70645
0.709721
0.712967
0.716202
0.719371
0.722548
0.725681
0.728694
0.731585
0.734364
0.737039
0.739617
0.742103
0.744716
0.747246
0.749732
0.7521
0.754417
0.756792
0.759075
0.761262
0.763344
0.765332
0.7672
0.768968
0.770622
0.772153
0.773635
0.775165
0.77665
0.778085
0.779407
0.780686
0.781839
0.782869
0.783776
0.784588
0.78539
0.786134
0.786789
0.787324
0.787776
0.78821
0.788621
0.788936
0.789126
0.78922
0.78926
0.789275
0.789189
0.788979
0.788644
0.788184
0.787694
0.787095
0.78643
0.785724
0.785035
0.78428
0.783391
0.78238
0.781262
0.780018
0.778678
0.777229
0.775698
0.77409
0.772483
0.770806
0.769
0.767147
0.765202
0.763302
0.761297
0.759175
0.756934
0.754563
0.75206
0.749441
0.746784
0.744069
0.741259
0.738406
0.735521
0.732546
0.729432
0.726176
0.722957
0.719686
0.716342
0.712941
0.709394
0.705759
0.70213
0.698374
0.694481
0.69057
0.686548
0.682355
0.678054
0.673788
0.669606
0.665532
0.661262
0.656791
0.652276
0.647802
0.643617
0.639493
0.63523
0.63084
0.626197
0.62125
0.615995
0.610432
0.604554
0.598383
0.593333
0.588685
0.585427
0.581568
0.579245
0.578423
0.576627
0.573898
0.570279
0.565815
0.560377
0.553904
0.54627
0.537288
0.528372
0.527424
0.529813
0.53571
0.540636
0.545549
0.548175
0.548561
0.546847
0.543139
0.53792
0.530505
0.520491
0.507349
0.495955
0.499727
0.511716
0.52564
0.53686
0.546058
0.553656
0.560189
0.565497
0.569586
0.572483
0.574135
0.57628
0.57789
0.581989
0.586971
0.595132
0.603204
0.610716
0.617767
0.62445
0.630789
0.636833
0.642595
0.648087
0.653355
0.658829
0.664695
0.670363
0.676212
0.682134
0.688217
0.694189
0.700038
0.705767
0.711372
0.716856
0.722232
0.727544
0.732795
0.737977
0.743168
0.748333
0.753459
0.75848
0.763397
0.768301
0.122634
0.126986
0.130795
0.134066
0.136761
0.138757
0.13975
0.141749
0.148578
0.157865
0.166754
0.174891
0.182314
0.18911
0.195337
0.201068
0.206385
0.211303
0.215849
0.220028
0.224156
0.228387
0.232266
0.236228
0.240183
0.243845
0.247293
0.250572
0.253688
0.256607
0.259347
0.261943
0.264384
0.266725
0.268973
0.271077
0.273041
0.274877
0.276672
0.278388
0.279988
0.281488
0.282894
0.284209
0.285461
0.286642
0.287742
0.28877
0.289706
0.290553
0.291313
0.291996
0.292646
0.293287
0.293888
0.294426
0.294893
0.295282
0.295591
0.295834
0.29603
0.296225
0.296383
0.29648
0.296514
0.296486
0.296377
0.296245
0.296187
0.296071
0.295886
0.295622
0.295316
0.295041
0.294707
0.294341
0.293912
0.293418
0.29291
0.292401
0.291857
0.291238
0.290615
0.290062
0.289445
0.288797
0.288151
0.28745
0.286697
0.285895
0.285054
0.284175
0.283248
0.282286
0.281303
0.280286
0.279272
0.278283
0.277345
0.2764
0.275408
0.274372
0.273293
0.272172
0.27101
0.26981
0.26857
0.267292
0.265974
0.264615
0.26321
0.261779
0.26039
0.259057
0.257736
0.256406
0.255061
0.253705
0.252315
0.250898
0.249463
0.247999
0.2465
0.244962
0.243412
0.241875
0.240297
0.238763
0.237271
0.23574
0.234197
0.232666
0.231162
0.229623
0.228053
0.226478
0.22488
0.223303
0.221754
0.220167
0.218543
0.216881
0.215303
0.21377
0.212201
0.210609
0.209
0.207366
0.20574
0.204163
0.202571
0.200987
0.199365
0.197706
0.196014
0.194298
0.192577
0.190943
0.189352
0.18774
0.186093
0.184408
0.182681
0.180933
0.1792
0.177462
0.175732
0.173978
0.172179
0.170337
0.16843
0.166501
0.164805
0.16309
0.161292
0.159399
0.157502
0.155776
0.153928
0.151971
0.149888
0.147665
0.145388
0.143122
0.140748
0.138103
0.135553
0.134736
0.133568
0.132633
0.133093
0.133
0.132415
0.131371
0.12989
0.127951
0.125486
0.122427
0.118666
0.113888
0.108732
0.10511
0.109922
0.119219
0.12707
0.133739
0.139416
0.144227
0.14828
0.151624
0.154279
0.156221
0.15736
0.157481
0.156076
0.15431
0.157263
0.163065
0.16863
0.173752
0.178409
0.182672
0.186561
0.190121
0.193395
0.196382
0.199068
0.201411
0.203571
0.205888
0.207917
0.210133
0.212416
0.214529
0.216522
0.218438
0.22027
0.221979
0.223574
0.225073
0.226467
0.227782
0.229058
0.230235
0.231316
0.232302
0.233281
0.234227
0.235095
0.235894
0.236636
0.237308
0.237935
0.238533
0.239071
0.239564
0.239992
0.240354
0.240654
0.240905
0.24112
0.241342
0.241572
0.241755
0.241885
0.241956
0.241968
0.24193
0.241873
0.241785
0.241694
0.241587
0.24143
0.241234
0.24098
0.240686
0.240484
0.240267
0.239987
0.239646
0.239265
0.238941
0.238558
0.238161
0.237712
0.237205
0.236663
0.236117
0.235594
0.235013
0.234396
0.233887
0.233342
0.232758
0.232203
0.231584
0.230906
0.230174
0.2294
0.228589
0.227729
0.226832
0.22592
0.224972
0.224031
0.223112
0.222262
0.221421
0.220531
0.219594
0.218615
0.217593
0.216532
0.215434
0.214297
0.213121
0.211907
0.210651
0.20935
0.208012
0.206715
0.205483
0.204262
0.203041
0.201802
0.20056
0.199286
0.197987
0.196675
0.195335
0.193959
0.192544
0.191102
0.189675
0.188201
0.186775
0.18539
0.183971
0.18255
0.181162
0.179786
0.178385
0.176956
0.175528
0.174092
0.172649
0.171244
0.169805
0.168329
0.166811
0.165389
0.164016
0.162614
0.161194
0.159766
0.158318
0.156925
0.155546
0.154151
0.152778
0.122283
0.119634
0.116387
0.112503
0.107911
0.102518
0.0961579
0.0909595
0.0901378
0.0916836
0.0932118
0.0944786
0.0955007
0.0963255
0.0969633
0.0974497
0.0978072
0.0980206
0.0980828
0.0979809
0.0980184
0.0983407
0.0985497
0.0990401
0.0997461
0.100394
0.101032
0.101689
0.102362
0.103006
0.103628
0.104249
0.104851
0.105483
0.106151
0.106803
0.107441
0.10807
0.108768
0.109493
0.110206
0.110921
0.111641
0.112366
0.113116
0.113881
0.114652
0.115433
0.116206
0.116974
0.117738
0.118506
0.119324
0.120194
0.121088
0.121986
0.12288
0.123764
0.124637
0.125524
0.126417
0.127371
0.128344
0.129315
0.130286
0.131256
0.132214
0.13322
0.134332
0.135421
0.136485
0.137526
0.138597
0.139707
0.140795
0.141894
0.142978
0.144045
0.145148
0.146286
0.147435
0.148561
0.149738
0.150998
0.152221
0.153459
0.154694
0.155889
0.157056
0.158201
0.159336
0.160459
0.161559
0.162654
0.163754
0.164848
0.165973
0.167154
0.168399
0.169635
0.170834
0.171999
0.173139
0.174252
0.175338
0.176398
0.17743
0.178434
0.179408
0.18035
0.181257
0.18215
0.183088
0.184074
0.185071
0.186062
0.187039
0.188005
0.188936
0.189837
0.190715
0.191556
0.192356
0.193111
0.193848
0.194581
0.195266
0.195981
0.196724
0.197418
0.198086
0.198752
0.19943
0.20006
0.200643
0.201201
0.201714
0.202233
0.202749
0.203206
0.203605
0.203949
0.204345
0.204758
0.20511
0.205412
0.205669
0.205871
0.206041
0.206221
0.206361
0.206467
0.206501
0.206464
0.206356
0.206182
0.205962
0.205768
0.205566
0.205292
0.204933
0.20448
0.203926
0.203297
0.202612
0.201859
0.201042
0.200132
0.1991
0.197943
0.196635
0.195214
0.1939
0.192458
0.190823
0.188979
0.187024
0.185106
0.182965
0.180605
0.177996
0.175104
0.171996
0.168691
0.165064
0.160961
0.156742
0.153818
0.150323
0.146947
0.144683
0.141863
0.138565
0.134791
0.130526
0.125715
0.120267
0.114115
0.107175
0.099267
0.0912695
0.0854552
0.0874284
0.0924839
0.095829
0.09812
0.0996655
0.100628
0.101099
0.101126
0.100727
0.0999014
0.098626
0.0968581
0.0945294
0.0934303
0.0968177
0.101739
0.105796
0.109172
0.112013
0.114473
0.116615
0.118506
0.120203
0.121718
0.123065
0.12426
0.12558
0.126981
0.128162
0.129618
0.131102
0.132435
0.133689
0.13491
0.136101
0.137227
0.138299
0.139338
0.140341
0.141351
0.142356
0.143313
0.144235
0.145127
0.146068
0.147021
0.147944
0.148848
0.149744
0.150623
0.151503
0.152404
0.153303
0.154197
0.155073
0.155931
0.156776
0.157618
0.158471
0.159366
0.160307
0.161245
0.162169
0.163074
0.163961
0.164842
0.165736
0.166636
0.167569
0.168524
0.169469
0.170412
0.171329
0.17224
0.173264
0.17431
0.175329
0.176322
0.177314
0.178392
0.179451
0.180537
0.181607
0.182659
0.183707
0.184776
0.185895
0.186985
0.188067
0.189273
0.190478
0.191679
0.192942
0.194181
0.195401
0.196605
0.1978
0.198989
0.200158
0.201317
0.202483
0.203634
0.204816
0.206042
0.207352
0.208684
0.209986
0.211264
0.212519
0.213752
0.214963
0.216149
0.217315
0.218456
0.219572
0.220661
0.22172
0.222765
0.223856
0.225001
0.226145
0.227292
0.228417
0.229538
0.230625
0.231685
0.232729
0.233741
0.234717
0.235654
0.236572
0.237493
0.238365
0.23928
0.240208
0.241082
0.241938
0.2428
0.243649
0.244446
0.245195
0.245921
0.246615
0.247292
0.247965
0.248575
0.249126
0.249622
0.250183
0.250737
0.251221
0.251643
0.252017
0.252331
0.252652
0.252936
0.25317
0.253359
