2.05805
2.0574
2.05673
2.05602
2.05529
2.05453
2.05374
2.05293
2.05209
2.05123
2.05033
2.04941
2.04847
2.0475
2.0465
2.04549
2.04444
2.04337
2.04228
2.04116
2.04001
2.03885
2.03765
2.03644
2.0352
2.03395
2.03266
2.03136
2.03003
2.02868
2.02731
2.02592
2.02451
2.02308
2.02163
2.02015
2.01866
2.01715
2.01562
2.01407
2.0125
2.01092
2.00931
2.00769
2.00606
2.0044
2.00273
2.00104
1.99934
1.99762
1.99589
1.99414
1.99237
1.9906
1.98881
1.98701
1.98519
1.98336
1.98152
1.97967
1.9778
1.97593
1.97404
1.97215
1.97024
1.96833
1.9664
1.96447
1.96253
1.96058
1.95862
1.95666
1.95468
1.95271
1.95073
1.94874
1.94674
1.94474
1.94274
1.94073
1.93872
1.93671
1.93469
1.93267
1.93065
1.92862
1.9266
1.92457
1.92255
1.92052
1.91849
1.91647
1.91445
1.91242
1.9104
1.90838
1.90637
1.90436
1.90235
1.90034
1.89834
1.89634
1.89435
1.89236
1.89038
1.88841
1.88644
1.88448
1.88252
1.88058
1.87864
1.87671
1.87479
1.87288
1.87097
1.86908
1.8672
1.86532
1.86346
1.86161
1.85977
1.85795
1.85613
1.85433
1.85254
1.85076
1.849
1.84725
1.84552
1.8438
1.84209
1.8404
1.83873
1.83707
1.83543
1.8338
1.83219
1.8306
1.82902
1.82747
1.82593
1.82441
1.82291
1.82142
1.81996
1.81851
1.81709
1.81568
1.8143
1.81293
1.81159
1.81026
1.80896
1.80768
1.80642
1.80518
1.80397
1.80277
1.8016
1.80045
1.79933
1.79823
1.79715
1.79609
1.79506
1.79405
1.79307
1.79211
1.79118
1.79027
1.78938
1.78852
1.78769
1.78688
1.78609
1.78533
1.7846
1.78389
1.78321
1.78256
1.78193
1.78133
1.78075
1.7802
1.77968
1.77919
1.77872
1.77828
1.77786
1.77748
1.77712
1.77678
1.77648
1.7762
1.77595
1.77573
1.77553
1.77536
1.77522
1.77511
1.77503
1.77497
1.77494
1.77494
1.77497
1.77502
1.7751
1.77521
1.77535
1.77552
1.77571
1.77593
1.77618
1.77646
1.77676
1.77709
1.77745
1.77784
1.77825
1.77869
1.77916
1.77966
1.78018
1.78073
1.7813
1.78191
1.78253
1.78319
1.78387
1.78458
1.78532
1.78608
1.78687
1.78768
1.78852
1.78938
1.79027
1.79118
1.79212
1.79309
1.79408
1.79509
1.79613
1.79719
1.79828
1.79938
1.80052
1.80167
1.80285
1.80406
1.80528
1.80653
1.8078
1.80909
1.8104
1.81174
1.81309
1.81447
1.81587
1.81729
1.81873
1.82019
1.82167
1.82317
1.82468
1.82622
1.82777
1.82935
1.83094
1.83255
1.83417
1.83582
1.83748
1.83915
1.84084
1.84255
1.84428
1.84602
1.84777
1.84954
1.85132
1.85312
1.85493
1.85675
1.85859
1.86044
1.8623
1.86417
1.86605
1.86795
1.86985
1.87177
1.87369
1.87563
1.87757
1.87952
1.88149
1.88346
1.88543
1.88742
1.88941
1.89141
1.89341
1.89542
1.89743
1.89945
1.90147
1.9035
1.90553
1.90757
1.90961
1.91165
1.91369
1.91573
1.91778
1.91982
1.92187
1.92392
1.92596
1.92801
1.93005
1.93209
1.93413
1.93617
1.93821
1.94024
1.94227
1.94429
1.94631
1.94832
1.95033
1.95234
1.95433
1.95632
1.95831
1.96028
1.96225
1.96421
1.96617
1.96811
1.97004
1.97197
1.97388
1.97578
1.97768
1.97956
1.98143
1.98328
1.98513
1.98696
1.98878
1.99058
1.99238
1.99415
1.99592
1.99766
1.9994
2.00111
2.00281
2.0045
2.05805
2.0574
2.05673
2.05602
2.05529
2.05453
2.05374
2.05293
2.05209
2.05123
2.05033
2.04941
2.04847
2.0475
2.0465
2.04549
2.04444
2.04337
2.04228
2.04116
2.04001
2.03885
2.03765
2.03644
2.0352
2.03395
2.03266
2.03136
2.03003
2.02868
2.02731
2.02592
2.02451
2.02308
2.02163
2.02015
2.01866
2.01715
2.01562
2.01407
2.0125
2.01092
2.00931
2.00769
2.00606
2.0044
2.00273
2.00104
1.99934
1.99762
1.99589
1.99414
1.99237
1.9906
1.98881
1.98701
1.98519
1.98336
1.98152
1.97967
1.9778
1.97593
1.97404
1.97215
1.97024
1.96833
1.9664
1.96447
1.96253
1.96058
1.95862
1.95666
1.95468
1.95271
1.95073
1.94874
1.94674
1.94474
1.94274
1.94073
1.93872
1.93671
1.93469
1.93267
1.93065
1.92862
1.9266
1.92457
1.92255
1.92052
1.91849
1.91647
1.91445
1.91242
1.9104
1.90838
1.90637
1.90436
1.90235
1.90034
1.89834
1.89634
1.89435
1.89236
1.89038
1.88841
1.88644
1.88448
1.88252
1.88058
1.87864
1.87671
1.87479
1.87288
1.87097
1.86908
1.8672
1.86532
1.86346
1.86161
1.85977
1.85795
1.85613
1.85433
1.85254
1.85076
1.849
1.84725
1.84552
1.8438
1.84209
1.8404
1.83873
1.83707
1.83543
1.8338
1.83219
1.8306
1.82902
1.82747
1.82593
1.82441
1.82291
1.82142
1.81996
1.81851
1.81709
1.81568
1.8143
1.81293
1.81159
1.81026
1.80896
1.80768
1.80642
1.80518
1.80397
1.80277
1.8016
1.80045
1.79933
1.79823
1.79715
1.79609
1.79506
1.79405
1.79307
1.79211
1.79118
1.79027
1.78938
1.78852
1.78769
1.78688
1.78609
1.78533
1.7846
1.78389
1.78321
1.78256
1.78193
1.78133
1.78075
1.7802
1.77968
1.77919
1.77872
1.77828
1.77786
1.77748
1.77712
1.77678
1.77648
1.7762
1.77595
1.77573
1.77553
1.77536
1.77522
1.77511
1.77503
1.77497
1.77494
1.77494
1.77497
1.77502
1.7751
1.77521
1.77535
1.77552
1.77571
1.77593
1.77618
1.77646
1.77676
1.77709
1.77745
1.77784
1.77825
1.77869
1.77916
1.77966
1.78018
1.78073
1.7813
1.78191
1.78253
1.78319
1.78387
1.78458
1.78532
1.78608
1.78687
1.78768
1.78852
1.78938
1.79027
1.79118
1.79212
1.79309
1.79408
1.79509
1.79613
1.79719
1.79828
1.79938
1.80052
1.80167
1.80285
1.80406
1.80528
1.80653
1.8078
1.80909
1.8104
1.81174
1.81309
1.81447
1.81587
1.81729
1.81873
1.82019
1.82167
1.82317
1.82468
1.82622
1.82777
1.82935
1.83094
1.83255
1.83417
1.83582
1.83748
1.83915
1.84084
1.84255
1.84428
1.84602
1.84777
1.84954
1.85132
1.85312
1.85493
1.85675
1.85859
1.86044
1.8623
1.86417
1.86605
1.86795
1.86985
1.87177
1.87369
1.87563
1.87757
1.87952
1.88149
1.88346
1.88543
1.88742
1.88941
1.89141
1.89341
1.89542
1.89743
1.89945
1.90147
1.9035
1.90553
1.90757
1.90961
1.91165
1.91369
1.91573
1.91778
1.91982
1.92187
1.92392
1.92596
1.92801
1.93005
1.93209
1.93413
1.93617
1.93821
1.94024
1.94227
1.94429
1.94631
1.94832
1.95033
1.95234
1.95433
1.95632
1.95831
1.96028
1.96225
1.96421
1.96617
1.96811
1.97004
1.97197
1.97388
1.97578
1.97768
1.97956
1.98143
1.98328
1.98513
1.98696
1.98878
1.99058
1.99238
1.99415
1.99592
1.99766
1.9994
2.00111
2.00281
2.0045
0.260217
0.260458
0.260602
0.260644
0.260577
0.26039
0.260065
0.259578
0.259134
0.258942
0.258969
0.258993
0.259031
0.259024
0.258963
0.258846
0.258684
0.258439
0.25811
0.257687
0.257149
0.256482
0.255918
0.255219
0.254439
0.254142
0.253776
0.253324
0.252885
0.252693
0.252467
0.252177
0.251815
0.251374
0.250909
0.25039
0.250034
0.249594
0.24906
0.248421
0.247722
0.247383
0.247012
0.246598
0.246155
0.245652
0.24509
0.244563
0.244078
0.243508
0.243003
0.242449
0.241845
0.24119
0.240482
0.239717
0.23894
0.238323
0.237696
0.237032
0.23633
0.235588
0.234801
0.233957
0.233139
0.232284
0.231465
0.23063
0.22976
0.228852
0.227926
0.226966
0.225985
0.225111
0.224207
0.223267
0.222286
0.221255
0.220296
0.219343
0.218374
0.217372
0.216337
0.215272
0.214195
0.213209
0.212213
0.211174
0.210102
0.209535
0.208931
0.208236
0.208011
0.207687
0.207253
0.206726
0.20612
0.205441
0.204727
0.203968
0.203169
0.202351
0.20156
0.200827
0.200567
0.20213
0.204915
0.207288
0.209263
0.210909
0.212278
0.213409
0.214337
0.215086
0.215677
0.216127
0.21645
0.216657
0.216756
0.216755
0.216983
0.217531
0.218061
0.218562
0.218961
0.219281
0.219506
0.219642
0.219708
0.219684
0.219585
0.219416
0.219176
0.218877
0.218537
0.218125
0.217644
0.217147
0.216587
0.215965
0.215288
0.214581
0.213819
0.212993
0.212096
0.211123
0.210087
0.208988
0.207855
0.206629
0.205299
0.20385
0.202306
0.200891
0.199386
0.197781
0.196074
0.194214
0.192168
0.190051
0.187725
0.184891
0.182561
0.179965
0.177045
0.173721
0.169875
0.165327
0.160535
0.159082
0.157498
0.155674
0.153517
0.150851
0.147258
0.141941
0.140024
0.13785
0.136402
0.134814
0.132908
0.130602
0.12779
0.124284
0.120551
0.120928
0.121179
0.121192
0.120845
0.11993
0.120672
0.121316
0.121898
0.122353
0.122694
0.122932
0.123127
0.123621
0.124093
0.124449
0.124723
0.125911
0.127011
0.127952
0.129233
0.130369
0.131368
0.132255
0.133045
0.13374
0.134364
0.134924
0.135433
0.135888
0.136355
0.136822
0.137486
0.138463
0.139552
0.140524
0.141388
0.142157
0.142839
0.143442
0.143972
0.144433
0.14483
0.145165
0.145442
0.14566
0.14582
0.14592
0.146126
0.146639
0.147266
0.147983
0.148665
0.149319
0.149922
0.150463
0.150946
0.151357
0.151711
0.152009
0.152234
0.152386
0.152718
0.152951
0.153111
0.153801
0.154429
0.154954
0.15542
0.156129
0.156824
0.157432
0.157956
0.158397
0.15882
0.159235
0.159849
0.160362
0.160783
0.161115
0.161383
0.162031
0.162646
0.163186
0.163659
0.164057
0.164385
0.164699
0.165098
0.165428
0.165839
0.166173
0.166437
0.166638
0.166779
0.166866
0.166928
0.167154
0.167357
0.167501
0.16759
0.167626
0.16761
0.167541
0.167505
0.167411
0.167316
0.167205
0.16704
0.166824
0.166567
0.166267
0.165938
0.165704
0.165418
0.16507
0.164658
0.164176
0.163744
0.163268
0.162754
0.162167
0.161503
0.160761
0.159966
0.159198
0.158333
0.15733
0.15624
0.155534
0.154673
0.15362
0.152918
0.152125
0.151231
0.150245
0.149148
0.147918
0.146554
0.145025
0.143303
0.141364
0.139116
0.13675
0.134272
0.133118
0.132994
0.132822
0.132604
0.13234
0.13203
0.131673
0.131267
0.130808
0.130292
0.129709
0.129048
0.128289
0.127394
0.126344
0.12551
0.125012
0.12468
0.124363
0.124077
0.123782
0.123495
0.123202
0.122904
0.122585
0.122256
0.121915
0.121555
0.121184
0.120817
0.120425
0.128481
0.129155
0.129781
0.130361
0.130896
0.131387
0.131835
0.132251
0.132811
0.133622
0.13461
0.135554
0.136486
0.13736
0.138175
0.138934
0.13966
0.140322
0.140926
0.141474
0.141966
0.142429
0.143038
0.143537
0.144037
0.145004
0.145851
0.14659
0.147338
0.148302
0.149207
0.150032
0.150779
0.15145
0.152116
0.152795
0.153631
0.154345
0.154973
0.155531
0.156085
0.156978
0.157788
0.158523
0.159208
0.159825
0.16038
0.160971
0.161602
0.162181
0.162806
0.163339
0.163806
0.164217
0.164577
0.164889
0.165207
0.165664
0.166078
0.16643
0.166724
0.166964
0.167149
0.167286
0.16743
0.167501
0.167581
0.167621
0.167603
0.167527
0.167411
0.167243
0.167039
0.1669
0.166686
0.166393
0.166018
0.165566
0.165132
0.164636
0.164065
0.163397
0.162632
0.161763
0.160803
0.159838
0.158765
0.157538
0.156154
0.155153
0.154032
0.15272
0.151812
0.1508
0.149651
0.148358
0.14691
0.145286
0.143497
0.141501
0.139266
0.136774
0.134013
0.130956
0.127976
0.126598
0.126685
0.12679
0.126842
0.126843
0.126792
0.126689
0.12653
0.126312
0.126029
0.125674
0.12524
0.124714
0.124083
0.123327
0.1228
0.122679
0.122674
0.122768
0.122875
0.123006
0.123133
0.123253
0.123377
0.123477
0.123563
0.123635
0.123688
0.123731
0.123778
0.1238
0.1238
0.123823
0.123825
0.123806
0.123772
0.123748
0.12371
0.123652
0.123567
0.123456
0.123337
0.123228
0.123135
0.122995
0.122818
0.122606
0.122406
0.122381
0.122292
0.122153
0.121988
0.12177
0.121501
0.121335
0.121216
0.121128
0.121593
0.121645
0.121496
0.121216
0.120834
0.120363
0.120539
0.123846
0.126357
0.128246
0.12966
0.130689
0.131394
0.132301
0.136031
0.137849
0.139741
0.141175
0.142185
0.14285
0.143229
0.143348
0.143978
0.148305
0.151643
0.154196
0.156118
0.157676
0.160417
0.162355
0.16386
0.164992
0.165822
0.166393
0.166781
0.167327
0.167742
0.167937
0.167955
0.16878
0.169477
0.169989
0.170821
0.171531
0.172125
0.172623
0.17303
0.173341
0.173571
0.173719
0.173791
0.173773
0.173725
0.173627
0.173683
0.174044
0.174568
0.175041
0.175461
0.175829
0.176144
0.176407
0.176614
0.176762
0.17685
0.176871
0.17682
0.176689
0.17647
0.176153
0.175906
0.175966
0.176176
0.176529
0.176897
0.17728
0.177648
0.17798
0.178272
0.178505
0.178684
0.178803
0.178838
0.17879
0.178902
0.178912
0.178844
0.179308
0.179758
0.18015
0.180514
0.181147
0.181811
0.182424
0.182982
0.183478
0.183969
0.184469
0.185178
0.185811
0.186379
0.186879
0.18733
0.188177
0.189045
0.189882
0.19069
0.191456
0.192177
0.192902
0.193728
0.194506
0.19539
0.196235
0.197045
0.19782
0.198561
0.199264
0.199957
0.200829
0.20171
0.202561
0.20338
0.204167
0.204918
0.205631
0.206396
0.207127
0.20788
0.208641
0.20937
0.210066
0.21074
0.211387
0.212023
0.212765
0.213478
0.214152
0.214787
0.215385
0.216053
0.216698
0.21734
0.217945
0.218515
0.219052
0.219587
0.220198
0.220783
0.221323
0.221909
0.222903
0.223775
0.224608
0.225737
0.226654
0.22744
0.228145
0.228781
0.229352
0.229877
0.230364
0.230824
0.231294
0.231766
0.23257
0.233907
0.236779
0.240078
0.242654
0.244761
0.246542
0.248073
0.249405
0.250572
0.251597
0.252499
0.253289
0.253976
0.254568
0.255071
0.255536
0.256234
0.257106
0.257956
0.258672
0.259294
0.259803
0.260225
0.260554
0.260798
0.260945
0.261009
0.26099
0.260883
0.260701
0.26045
0.260099
0.406577
0.405161
0.403664
0.40207
0.400374
0.398618
0.396849
0.394983
0.392982
0.390834
0.388523
0.386032
0.383338
0.380414
0.37737
0.374712
0.372774
0.372294
0.37189
0.371791
0.371669
0.371489
0.371256
0.370967
0.370655
0.370477
0.370232
0.369921
0.369612
0.369379
0.369367
0.369268
0.369278
0.369296
0.370042
0.372163
0.374281
0.376668
0.379997
0.383137
0.386094
0.388885
0.391559
0.395453
0.399573
0.403722
0.412918
0.421175
0.428597
0.43529
0.442749
0.450247
0.45713
0.463463
0.469375
0.474872
0.479947
0.491548
0.504628
0.515977
0.525869
0.534532
0.548162
0.560706
0.571838
0.581808
0.590803
0.598837
0.605945
0.612564
0.618491
0.626944
0.634299
0.640639
0.646142
0.650874
0.654888
0.658284
0.661283
0.663853
0.665759
0.666963
0.668119
0.669688
0.671385
0.672781
0.673798
0.674465
0.674793
0.674778
0.674444
0.673767
0.672745
0.671498
0.670351
0.668896
0.667137
0.665216
0.664573
0.663759
0.662756
0.661568
0.660193
0.658631
0.656883
0.654954
0.652927
0.650753
0.648373
0.645777
0.643032
0.640935
0.638829
0.637397
0.635887
0.634251
0.63249
0.630616
0.62866
0.626591
0.624389
0.622054
0.619573
0.616942
0.614151
0.611191
0.608403
0.605812
0.603444
0.601694
0.599893
0.598052
0.596099
0.59403
0.59185
0.589549
0.587118
0.584557
0.581835
0.578959
0.576318
0.573714
0.571061
0.568238
0.565513
0.562846
0.560487
0.558388
0.556401
0.554406
0.55234
0.550161
0.547836
0.545666
0.54358
0.541461
0.539269
0.536995
0.534726
0.532794
0.530764
0.528627
0.526755
0.524934
0.52304
0.521166
0.519331
0.517996
0.516748
0.515621
0.514542
0.513569
0.512565
0.511514
0.510792
0.510028
0.509215
0.508509
0.507986
0.507488
0.50694
0.506486
0.506151
0.505887
0.505575
0.505219
0.504916
0.504711
0.504577
0.50531
0.506378
0.507666
0.509734
0.511645
0.513487
0.515333
0.517789
0.520367
0.522718
0.524911
0.526966
0.528864
0.530634
0.53227
0.53378
0.535226
0.536653
0.540046
0.544443
0.54997
0.556273
0.561951
0.56708
0.571737
0.575981
0.579863
0.583422
0.586697
0.589772
0.592647
0.595301
0.597749
0.600017
0.602985
0.606147
0.609212
0.612039
0.614649
0.617059
0.619312
0.621445
0.623455
0.625319
0.627044
0.628639
0.630107
0.631452
0.632684
0.633902
0.635057
0.636169
0.637272
0.638284
0.639224
0.640065
0.640805
0.64146
0.642021
0.642498
0.642939
0.643272
0.643498
0.643679
0.643805
0.643826
0.643723
0.643503
0.643161
0.642739
0.642254
0.641638
0.640937
0.640198
0.639269
0.638129
0.636858
0.635517
0.634001
0.632241
0.630226
0.628002
0.62545
0.622515
0.619154
0.6159
0.612322
0.608148
0.603365
0.597822
0.593697
0.589066
0.584549
0.579497
0.573722
0.567095
0.559485
0.551729
0.542618
0.531892
0.519562
0.50923
0.499257
0.487167
0.483735
0.479888
0.476565
0.472548
0.46783
0.462565
0.456778
0.450272
0.443984
0.438663
0.432733
0.425828
0.417363
0.41281
0.411414
0.411174
0.410824
0.410111
0.409103
0.407804
0.406185
0.404252
0.401995
0.399409
0.39776
0.398215
0.398981
0.400295
0.40168
0.403639
0.405453
0.407092
0.40857
0.409898
0.411084
0.412137
0.413067
0.414098
0.41511
0.416011
0.416804
0.417528
0.418902
0.420412
0.422574
0.424788
0.42685
0.428772
0.430584
0.432372
0.434069
0.435655
0.437135
0.438513
0.439793
0.440976
0.442067
0.443664
0.44551
0.447227
0.448887
0.450636
0.452496
0.454218
0.455806
0.457279
0.458635
0.406577
0.405161
0.403664
0.40207
0.400374
0.398618
0.396849
0.394983
0.392982
0.390834
0.388523
0.386032
0.383338
0.380414
0.37737
0.374712
0.372774
0.372294
0.37189
0.371791
0.371669
0.371489
0.371256
0.370967
0.370655
0.370477
0.370232
0.369921
0.369612
0.369379
0.369367
0.369268
0.369278
0.369296
0.370042
0.372163
0.374281
0.376668
0.379997
0.383137
0.386094
0.388885
0.391559
0.395453
0.399573
0.403722
0.412918
0.421175
0.428597
0.43529
0.442749
0.450247
0.45713
0.463463
0.469375
0.474872
0.479947
0.491548
0.504628
0.515977
0.525869
0.534532
0.548162
0.560706
0.571838
0.581808
0.590803
0.598837
0.605945
0.612564
0.618491
0.626944
0.634299
0.640639
0.646142
0.650874
0.654888
0.658284
0.661283
0.663853
0.665759
0.666963
0.668119
0.669688
0.671385
0.672781
0.673798
0.674465
0.674793
0.674778
0.674444
0.673767
0.672745
0.671498
0.670351
0.668896
0.667137
0.665216
0.664573
0.663759
0.662756
0.661568
0.660193
0.658631
0.656883
0.654954
0.652927
0.650753
0.648373
0.645777
0.643032
0.640935
0.638829
0.637397
0.635887
0.634251
0.63249
0.630616
0.62866
0.626591
0.624389
0.622054
0.619573
0.616942
0.614151
0.611191
0.608403
0.605812
0.603444
0.601694
0.599893
0.598052
0.596099
0.59403
0.59185
0.589549
0.587118
0.584557
0.581835
0.578959
0.576318
0.573714
0.571061
0.568238
0.565513
0.562846
0.560487
0.558388
0.556401
0.554406
0.55234
0.550161
0.547836
0.545666
0.54358
0.541461
0.539269
0.536995
0.534726
0.532794
0.530764
0.528627
0.526755
0.524934
0.52304
0.521166
0.519331
0.517996
0.516748
0.515621
0.514542
0.513569
0.512565
0.511514
0.510792
0.510028
0.509215
0.508509
0.507986
0.507488
0.50694
0.506486
0.506151
0.505887
0.505575
0.505219
0.504916
0.504711
0.504577
0.50531
0.506378
0.507666
0.509734
0.511645
0.513487
0.515333
0.517789
0.520367
0.522718
0.524911
0.526966
0.528864
0.530634
0.53227
0.53378
0.535226
0.536653
0.540046
0.544443
0.54997
0.556273
0.561951
0.56708
0.571737
0.575981
0.579863
0.583422
0.586697
0.589772
0.592647
0.595301
0.597749
0.600017
0.602985
0.606147
0.609212
0.612039
0.614649
0.617059
0.619312
0.621445
0.623455
0.625319
0.627044
0.628639
0.630107
0.631452
0.632684
0.633902
0.635057
0.636169
0.637272
0.638284
0.639224
0.640065
0.640805
0.64146
0.642021
0.642498
0.642939
0.643272
0.643498
0.643679
0.643805
0.643826
0.643723
0.643503
0.643161
0.642739
0.642254
0.641638
0.640937
0.640198
0.639269
0.638129
0.636858
0.635517
0.634001
0.632241
0.630226
0.628002
0.62545
0.622515
0.619154
0.6159
0.612322
0.608148
0.603365
0.597822
0.593697
0.589066
0.584549
0.579497
0.573722
0.567095
0.559485
0.551729
0.542618
0.531892
0.519562
0.50923
0.499257
0.487167
0.483735
0.479888
0.476565
0.472548
0.46783
0.462565
0.456778
0.450272
0.443984
0.438663
0.432733
0.425828
0.417363
0.41281
0.411414
0.411174
0.410824
0.410111
0.409103
0.407804
0.406185
0.404252
0.401995
0.399409
0.39776
0.398215
0.398981
0.400295
0.40168
0.403639
0.405453
0.407092
0.40857
0.409898
0.411084
0.412137
0.413067
0.414098
0.41511
0.416011
0.416804
0.417528
0.418902
0.420412
0.422574
0.424788
0.42685
0.428772
0.430584
0.432372
0.434069
0.435655
0.437135
0.438513
0.439793
0.440976
0.442067
0.443664
0.44551
0.447227
0.448887
0.450636
0.452496
0.454218
0.455806
0.457279
0.458635
0.260217
0.260458
0.260602
0.260644
0.260577
0.26039
0.260065
0.259578
0.259134
0.258942
0.258969
0.258993
0.259031
0.259024
0.258963
0.258846
0.258684
0.258439
0.25811
0.257687
0.257149
0.256482
0.255918
0.255219
0.254439
0.254142
0.253776
0.253324
0.252885
0.252693
0.252467
0.252177
0.251815
0.251374
0.250909
0.25039
0.250034
0.249594
0.24906
0.248421
0.247722
0.247383
0.247012
0.246598
0.246155
0.245652
0.24509
0.244563
0.244078
0.243508
0.243003
0.242449
0.241845
0.24119
0.240482
0.239717
0.23894
0.238323
0.237696
0.237032
0.23633
0.235588
0.234801
0.233957
0.233139
0.232284
0.231465
0.23063
0.22976
0.228852
0.227926
0.226966
0.225985
0.225111
0.224207
0.223267
0.222286
0.221255
0.220296
0.219343
0.218374
0.217372
0.216337
0.215272
0.214195
0.213209
0.212213
0.211174
0.210102
0.209535
0.208931
0.208236
0.208011
0.207687
0.207253
0.206726
0.20612
0.205441
0.204727
0.203968
0.203169
0.202351
0.20156
0.200827
0.200567
0.20213
0.204915
0.207288
0.209263
0.210909
0.212278
0.213409
0.214337
0.215086
0.215677
0.216127
0.21645
0.216657
0.216756
0.216755
0.216983
0.217531
0.218061
0.218562
0.218961
0.219281
0.219506
0.219642
0.219708
0.219684
0.219585
0.219416
0.219176
0.218877
0.218537
0.218125
0.217644
0.217147
0.216587
0.215965
0.215288
0.214581
0.213819
0.212993
0.212096
0.211123
0.210087
0.208988
0.207855
0.206629
0.205299
0.20385
0.202306
0.200891
0.199386
0.197781
0.196074
0.194214
0.192168
0.190051
0.187725
0.184891
0.182561
0.179965
0.177045
0.173721
0.169875
0.165327
0.160535
0.159082
0.157498
0.155674
0.153517
0.150851
0.147258
0.141941
0.140024
0.13785
0.136402
0.134814
0.132908
0.130602
0.12779
0.124284
0.120551
0.120928
0.121179
0.121192
0.120845
0.11993
0.120672
0.121316
0.121898
0.122353
0.122694
0.122932
0.123127
0.123621
0.124093
0.124449
0.124723
0.125911
0.127011
0.127952
0.129233
0.130369
0.131368
0.132255
0.133045
0.13374
0.134364
0.134924
0.135433
0.135888
0.136355
0.136822
0.137486
0.138463
0.139552
0.140524
0.141388
0.142157
0.142839
0.143442
0.143972
0.144433
0.14483
0.145165
0.145442
0.14566
0.14582
0.14592
0.146126
0.146639
0.147266
0.147983
0.148665
0.149319
0.149922
0.150463
0.150946
0.151357
0.151711
0.152009
0.152234
0.152386
0.152718
0.152951
0.153111
0.153801
0.154429
0.154954
0.15542
0.156129
0.156824
0.157432
0.157956
0.158397
0.15882
0.159235
0.159849
0.160362
0.160783
0.161115
0.161383
0.162031
0.162646
0.163186
0.163659
0.164057
0.164385
0.164699
0.165098
0.165428
0.165839
0.166173
0.166437
0.166638
0.166779
0.166866
0.166928
0.167154
0.167357
0.167501
0.16759
0.167626
0.16761
0.167541
0.167505
0.167411
0.167316
0.167205
0.16704
0.166824
0.166567
0.166267
0.165938
0.165704
0.165418
0.16507
0.164658
0.164176
0.163744
0.163268
0.162754
0.162167
0.161503
0.160761
0.159966
0.159198
0.158333
0.15733
0.15624
0.155534
0.154673
0.15362
0.152918
0.152125
0.151231
0.150245
0.149148
0.147918
0.146554
0.145025
0.143303
0.141364
0.139116
0.13675
0.134272
0.133118
0.132994
0.132822
0.132604
0.13234
0.13203
0.131673
0.131267
0.130808
0.130292
0.129709
0.129048
0.128289
0.127394
0.126344
0.12551
0.125012
0.12468
0.124363
0.124077
0.123782
0.123495
0.123202
0.122904
0.122585
0.122256
0.121915
0.121555
0.121184
0.120817
0.120425
0.128481
0.129155
0.129781
0.130361
0.130896
0.131387
0.131835
0.132251
0.132811
0.133622
0.13461
0.135554
0.136486
0.13736
0.138175
0.138934
0.13966
0.140322
0.140926
0.141474
0.141966
0.142429
0.143038
0.143537
0.144037
0.145004
0.145851
0.14659
0.147338
0.148302
0.149207
0.150032
0.150779
0.15145
0.152116
0.152795
0.153631
0.154345
0.154973
0.155531
0.156085
0.156978
0.157788
0.158523
0.159208
0.159825
0.16038
0.160971
0.161602
0.162181
0.162806
0.163339
0.163806
0.164217
0.164577
0.164889
0.165207
0.165664
0.166078
0.16643
0.166724
0.166964
0.167149
0.167286
0.16743
0.167501
0.167581
0.167621
0.167603
0.167527
0.167411
0.167243
0.167039
0.1669
0.166686
0.166393
0.166018
0.165566
0.165132
0.164636
0.164065
0.163397
0.162632
0.161763
0.160803
0.159838
0.158765
0.157538
0.156154
0.155153
0.154032
0.15272
0.151812
0.1508
0.149651
0.148358
0.14691
0.145286
0.143497
0.141501
0.139266
0.136774
0.134013
0.130956
0.127976
0.126598
0.126685
0.12679
0.126842
0.126843
0.126792
0.126689
0.12653
0.126312
0.126029
0.125674
0.12524
0.124714
0.124083
0.123327
0.1228
0.122679
0.122674
0.122768
0.122875
0.123006
0.123133
0.123253
0.123377
0.123477
0.123563
0.123635
0.123688
0.123731
0.123778
0.1238
0.1238
0.123823
0.123825
0.123806
0.123772
0.123748
0.12371
0.123652
0.123567
0.123456
0.123337
0.123228
0.123135
0.122995
0.122818
0.122606
0.122406
0.122381
0.122292
0.122153
0.121988
0.12177
0.121501
0.121335
0.121216
0.121128
0.121593
0.121645
0.121496
0.121216
0.120834
0.120363
0.120539
0.123846
0.126357
0.128246
0.12966
0.130689
0.131394
0.132301
0.136031
0.137849
0.139741
0.141175
0.142185
0.14285
0.143229
0.143348
0.143978
0.148305
0.151643
0.154196
0.156118
0.157676
0.160417
0.162355
0.16386
0.164992
0.165822
0.166393
0.166781
0.167327
0.167742
0.167937
0.167955
0.16878
0.169477
0.169989
0.170821
0.171531
0.172125
0.172623
0.17303
0.173341
0.173571
0.173719
0.173791
0.173773
0.173725
0.173627
0.173683
0.174044
0.174568
0.175041
0.175461
0.175829
0.176144
0.176407
0.176614
0.176762
0.17685
0.176871
0.17682
0.176689
0.17647
0.176153
0.175906
0.175966
0.176176
0.176529
0.176897
0.17728
0.177648
0.17798
0.178272
0.178505
0.178684
0.178803
0.178838
0.17879
0.178902
0.178912
0.178844
0.179308
0.179758
0.18015
0.180514
0.181147
0.181811
0.182424
0.182982
0.183478
0.183969
0.184469
0.185178
0.185811
0.186379
0.186879
0.18733
0.188177
0.189045
0.189882
0.19069
0.191456
0.192177
0.192902
0.193728
0.194506
0.19539
0.196235
0.197045
0.19782
0.198561
0.199264
0.199957
0.200829
0.20171
0.202561
0.20338
0.204167
0.204918
0.205631
0.206396
0.207127
0.20788
0.208641
0.20937
0.210066
0.21074
0.211387
0.212023
0.212765
0.213478
0.214152
0.214787
0.215385
0.216053
0.216698
0.21734
0.217945
0.218515
0.219052
0.219587
0.220198
0.220783
0.221323
0.221909
0.222903
0.223775
0.224608
0.225737
0.226654
0.22744
0.228145
0.228781
0.229352
0.229877
0.230364
0.230824
0.231294
0.231766
0.23257
0.233907
0.236779
0.240078
0.242654
0.244761
0.246542
0.248073
0.249405
0.250572
0.251597
0.252499
0.253289
0.253976
0.254568
0.255071
0.255536
0.256234
0.257106
0.257956
0.258672
0.259294
0.259803
0.260225
0.260554
0.260798
0.260945
0.261009
0.26099
0.260883
0.260701
0.26045
0.260099
0.111244
0.110919
0.110536
0.11009
0.109569
0.108961
0.108242
0.107386
0.10664
0.106127
0.105868
0.105675
0.105578
0.105473
0.105396
0.10534
0.105267
0.105178
0.105095
0.105008
0.104902
0.104781
0.104665
0.104537
0.104417
0.104299
0.104191
0.104076
0.103956
0.103818
0.103677
0.103531
0.103383
0.103222
0.103043
0.102862
0.102709
0.102552
0.102371
0.102174
0.102136
0.102141
0.102102
0.102014
0.10188
0.101707
0.10167
0.10168
0.101639
0.101895
0.102694
0.103232
0.103577
0.103764
0.103834
0.103839
0.106352
0.109938
0.11297
0.115534
0.117683
0.119467
0.120933
0.123717
0.129211
0.134232
0.138319
0.141673
0.144496
0.14678
0.148593
0.149975
0.153769
0.158718
0.163222
0.16701
0.170143
0.173255
0.17719
0.180515
0.183244
0.185517
0.187411
0.188982
0.190314
0.191297
0.192216
0.192912
0.193494
0.194199
0.195111
0.195799
0.196604
0.197329
0.197892
0.198312
0.198599
0.198747
0.198763
0.198665
0.198443
0.19809
0.197627
0.197048
0.196439
0.196036
0.195948
0.195833
0.195645
0.195385
0.195055
0.194654
0.194182
0.193636
0.193014
0.192313
0.191525
0.190644
0.189658
0.18856
0.187483
0.186508
0.18574
0.185061
0.18451
0.183915
0.183343
0.182756
0.182111
0.181404
0.180645
0.179813
0.178888
0.177878
0.176947
0.175962
0.174956
0.174074
0.173475
0.172857
0.172227
0.171526
0.17102
0.170554
0.170081
0.169566
0.168976
0.168319
0.167817
0.167346
0.166813
0.166231
0.165667
0.165211
0.164952
0.164655
0.164322
0.163955
0.163601
0.163222
0.162812
0.162469
0.16221
0.161951
0.161673
0.16137
0.161046
0.160707
0.160357
0.160048
0.159812
0.159589
0.159354
0.1591
0.158828
0.158531
0.158279
0.158042
0.157788
0.157545
0.157334
0.157105
0.156858
0.15659
0.156334
0.156112
0.15595
0.155778
0.155585
0.155399
0.155277
0.155147
0.154995
0.154841
0.154694
0.15457
0.154486
0.154375
0.154284
0.154193
0.154388
0.154722
0.155045
0.155487
0.156169
0.156732
0.157191
0.157573
0.157899
0.158166
0.158386
0.158602
0.158833
0.159045
0.159551
0.160299
0.162171
0.165201
0.168591
0.17149
0.173997
0.176188
0.17812
0.179836
0.181366
0.182738
0.183968
0.185076
0.186074
0.18697
0.187774
0.188651
0.189916
0.19133
0.192646
0.193835
0.19492
0.195893
0.19677
0.197573
0.198285
0.198912
0.199469
0.199961
0.200377
0.200729
0.201031
0.20126
0.201449
0.201583
0.201661
0.201679
0.201632
0.201505
0.201314
0.201048
0.200717
0.200297
0.199773
0.199135
0.198441
0.197656
0.196742
0.195712
0.194553
0.193357
0.192147
0.190764
0.189187
0.187388
0.185361
0.183028
0.180341
0.177325
0.174764
0.172066
0.169009
0.165511
0.161497
0.156857
0.151459
0.147525
0.145286
0.142689
0.139578
0.135759
0.130948
0.124685
0.121767
0.119555
0.117028
0.114667
0.112466
0.109873
0.106795
0.103129
0.0991486
0.0970771
0.0969321
0.0965178
0.0957626
0.0947883
0.0951736
0.0956898
0.0960659
0.0963496
0.0965548
0.0968089
0.0971674
0.097416
0.0977133
0.097966
0.098654
0.0995659
0.100491
0.101426
0.10251
0.103462
0.104287
0.105017
0.105675
0.106253
0.106763
0.107253
0.107738
0.108188
0.108757
0.109391
0.110238
0.111196
0.112161
0.113018
0.113779
0.114458
0.115064
0.115604
0.116084
0.116508
0.11688
0.117202
0.117478
0.117707
0.11789
0.118119
0.118687
0.119505
0.120334
0.121094
0.1218
0.122428
0.123003
0.12353
0.123993
0.124397
0.12476
0.125082
0.12534
0.125613
0.125968
0.126271
0.111244
0.110919
0.110536
0.11009
0.109569
0.108961
0.108242
0.107386
0.10664
0.106127
0.105868
0.105675
0.105578
0.105473
0.105396
0.10534
0.105267
0.105178
0.105095
0.105008
0.104902
0.104781
0.104665
0.104537
0.104417
0.104299
0.104191
0.104076
0.103956
0.103818
0.103677
0.103531
0.103383
0.103222
0.103043
0.102862
0.102709
0.102552
0.102371
0.102174
0.102136
0.102141
0.102102
0.102014
0.10188
0.101707
0.10167
0.10168
0.101639
0.101895
0.102694
0.103232
0.103577
0.103764
0.103834
0.103839
0.106352
0.109938
0.11297
0.115534
0.117683
0.119467
0.120933
0.123717
0.129211
0.134232
0.138319
0.141673
0.144496
0.14678
0.148593
0.149975
0.153769
0.158718
0.163222
0.16701
0.170143
0.173255
0.17719
0.180515
0.183244
0.185517
0.187411
0.188982
0.190314
0.191297
0.192216
0.192912
0.193494
0.194199
0.195111
0.195799
0.196604
0.197329
0.197892
0.198312
0.198599
0.198747
0.198763
0.198665
0.198443
0.19809
0.197627
0.197048
0.196439
0.196036
0.195948
0.195833
0.195645
0.195385
0.195055
0.194654
0.194182
0.193636
0.193014
0.192313
0.191525
0.190644
0.189658
0.18856
0.187483
0.186508
0.18574
0.185061
0.18451
0.183915
0.183343
0.182756
0.182111
0.181404
0.180645
0.179813
0.178888
0.177878
0.176947
0.175962
0.174956
0.174074
0.173475
0.172857
0.172227
0.171526
0.17102
0.170554
0.170081
0.169566
0.168976
0.168319
0.167817
0.167346
0.166813
0.166231
0.165667
0.165211
0.164952
0.164655
0.164322
0.163955
0.163601
0.163222
0.162812
0.162469
0.16221
0.161951
0.161673
0.16137
0.161046
0.160707
0.160357
0.160048
0.159812
0.159589
0.159354
0.1591
0.158828
0.158531
0.158279
0.158042
0.157788
0.157545
0.157334
0.157105
0.156858
0.15659
0.156334
0.156112
0.15595
0.155778
0.155585
0.155399
0.155277
0.155147
0.154995
0.154841
0.154694
0.15457
0.154486
0.154375
0.154284
0.154193
0.154388
0.154722
0.155045
0.155487
0.156169
0.156732
0.157191
0.157573
0.157899
0.158166
0.158386
0.158602
0.158833
0.159045
0.159551
0.160299
0.162171
0.165201
0.168591
0.17149
0.173997
0.176188
0.17812
0.179836
0.181366
0.182738
0.183968
0.185076
0.186074
0.18697
0.187774
0.188651
0.189916
0.19133
0.192646
0.193835
0.19492
0.195893
0.19677
0.197573
0.198285
0.198912
0.199469
0.199961
0.200377
0.200729
0.201031
0.20126
0.201449
0.201583
0.201661
0.201679
0.201632
0.201505
0.201314
0.201048
0.200717
0.200297
0.199773
0.199135
0.198441
0.197656
0.196742
0.195712
0.194553
0.193357
0.192147
0.190764
0.189187
0.187388
0.185361
0.183028
0.180341
0.177325
0.174764
0.172066
0.169009
0.165511
0.161497
0.156857
0.151459
0.147525
0.145286
0.142689
0.139578
0.135759
0.130948
0.124685
0.121767
0.119555
0.117028
0.114667
0.112466
0.109873
0.106795
0.103129
0.0991486
0.0970771
0.0969321
0.0965178
0.0957626
0.0947883
0.0951736
0.0956898
0.0960659
0.0963496
0.0965548
0.0968089
0.0971674
0.097416
0.0977133
0.097966
0.098654
0.0995659
0.100491
0.101426
0.10251
0.103462
0.104287
0.105017
0.105675
0.106253
0.106763
0.107253
0.107738
0.108188
0.108757
0.109391
0.110238
0.111196
0.112161
0.113018
0.113779
0.114458
0.115064
0.115604
0.116084
0.116508
0.11688
0.117202
0.117478
0.117707
0.11789
0.118119
0.118687
0.119505
0.120334
0.121094
0.1218
0.122428
0.123003
0.12353
0.123993
0.124397
0.12476
0.125082
0.12534
0.125613
0.125968
0.126271
0.260217
0.260458
0.260602
0.260644
0.260577
0.26039
0.260065
0.259578
0.259134
0.258942
0.258969
0.258993
0.259031
0.259024
0.258963
0.258846
0.258684
0.258439
0.25811
0.257687
0.257149
0.256482
0.255918
0.255219
0.254439
0.254142
0.253776
0.253324
0.252885
0.252693
0.252467
0.252177
0.251815
0.251374
0.250909
0.25039
0.250034
0.249594
0.24906
0.248421
0.247722
0.247383
0.247012
0.246598
0.246155
0.245652
0.24509
0.244563
0.244078
0.243508
0.243003
0.242449
0.241845
0.24119
0.240482
0.239717
0.23894
0.238323
0.237696
0.237032
0.23633
0.235588
0.234801
0.233957
0.233139
0.232284
0.231465
0.23063
0.22976
0.228852
0.227926
0.226966
0.225985
0.225111
0.224207
0.223267
0.222286
0.221255
0.220296
0.219343
0.218374
0.217372
0.216337
0.215272
0.214195
0.213209
0.212213
0.211174
0.210102
0.209535
0.208931
0.208236
0.208011
0.207687
0.207253
0.206726
0.20612
0.205441
0.204727
0.203968
0.203169
0.202351
0.20156
0.200827
0.200567
0.20213
0.204915
0.207288
0.209263
0.210909
0.212278
0.213409
0.214337
0.215086
0.215677
0.216127
0.21645
0.216657
0.216756
0.216755
0.216983
0.217531
0.218061
0.218562
0.218961
0.219281
0.219506
0.219642
0.219708
0.219684
0.219585
0.219416
0.219176
0.218877
0.218537
0.218125
0.217644
0.217147
0.216587
0.215965
0.215288
0.214581
0.213819
0.212993
0.212096
0.211123
0.210087
0.208988
0.207855
0.206629
0.205299
0.20385
0.202306
0.200891
0.199386
0.197781
0.196074
0.194214
0.192168
0.190051
0.187725
0.184891
0.182561
0.179965
0.177045
0.173721
0.169875
0.165327
0.160535
0.159082
0.157498
0.155674
0.153517
0.150851
0.147258
0.141941
0.140024
0.13785
0.136402
0.134814
0.132908
0.130602
0.12779
0.124284
0.120551
0.120928
0.121179
0.121192
0.120845
0.11993
0.120672
0.121316
0.121898
0.122353
0.122694
0.122932
0.123127
0.123621
0.124093
0.124449
0.124723
0.125911
0.127011
0.127952
0.129233
0.130369
0.131368
0.132255
0.133045
0.13374
0.134364
0.134924
0.135433
0.135888
0.136355
0.136822
0.137486
0.138463
0.139552
0.140524
0.141388
0.142157
0.142839
0.143442
0.143972
0.144433
0.14483
0.145165
0.145442
0.14566
0.14582
0.14592
0.146126
0.146639
0.147266
0.147983
0.148665
0.149319
0.149922
0.150463
0.150946
0.151357
0.151711
0.152009
0.152234
0.152386
0.152718
0.152951
0.153111
0.153801
0.154429
0.154954
0.15542
0.156129
0.156824
0.157432
0.157956
0.158397
0.15882
0.159235
0.159849
0.160362
0.160783
0.161115
0.161383
0.162031
0.162646
0.163186
0.163659
0.164057
0.164385
0.164699
0.165098
0.165428
0.165839
0.166173
0.166437
0.166638
0.166779
0.166866
0.166928
0.167154
0.167357
0.167501
0.16759
0.167626
0.16761
0.167541
0.167505
0.167411
0.167316
0.167205
0.16704
0.166824
0.166567
0.166267
0.165938
0.165704
0.165418
0.16507
0.164658
0.164176
0.163744
0.163268
0.162754
0.162167
0.161503
0.160761
0.159966
0.159198
0.158333
0.15733
0.15624
0.155534
0.154673
0.15362
0.152918
0.152125
0.151231
0.150245
0.149148
0.147918
0.146554
0.145025
0.143303
0.141364
0.139116
0.13675
0.134272
0.133118
0.132994
0.132822
0.132604
0.13234
0.13203
0.131673
0.131267
0.130808
0.130292
0.129709
0.129048
0.128289
0.127394
0.126344
0.12551
0.125012
0.12468
0.124363
0.124077
0.123782
0.123495
0.123202
0.122904
0.122585
0.122256
0.121915
0.121555
0.121184
0.120817
0.120425
0.128481
0.129155
0.129781
0.130361
0.130896
0.131387
0.131835
0.132251
0.132811
0.133622
0.13461
0.135554
0.136486
0.13736
0.138175
0.138934
0.13966
0.140322
0.140926
0.141474
0.141966
0.142429
0.143038
0.143537
0.144037
0.145004
0.145851
0.14659
0.147338
0.148302
0.149207
0.150032
0.150779
0.15145
0.152116
0.152795
0.153631
0.154345
0.154973
0.155531
0.156085
0.156978
0.157788
0.158523
0.159208
0.159825
0.16038
0.160971
0.161602
0.162181
0.162806
0.163339
0.163806
0.164217
0.164577
0.164889
0.165207
0.165664
0.166078
0.16643
0.166724
0.166964
0.167149
0.167286
0.16743
0.167501
0.167581
0.167621
0.167603
0.167527
0.167411
0.167243
0.167039
0.1669
0.166686
0.166393
0.166018
0.165566
0.165132
0.164636
0.164065
0.163397
0.162632
0.161763
0.160803
0.159838
0.158765
0.157538
0.156154
0.155153
0.154032
0.15272
0.151812
0.1508
0.149651
0.148358
0.14691
0.145286
0.143497
0.141501
0.139266
0.136774
0.134013
0.130956
0.127976
0.126598
0.126685
0.12679
0.126842
0.126843
0.126792
0.126689
0.12653
0.126312
0.126029
0.125674
0.12524
0.124714
0.124083
0.123327
0.1228
0.122679
0.122674
0.122768
0.122875
0.123006
0.123133
0.123253
0.123377
0.123477
0.123563
0.123635
0.123688
0.123731
0.123778
0.1238
0.1238
0.123823
0.123825
0.123806
0.123772
0.123748
0.12371
0.123652
0.123567
0.123456
0.123337
0.123228
0.123135
0.122995
0.122818
0.122606
0.122406
0.122381
0.122292
0.122153
0.121988
0.12177
0.121501
0.121335
0.121216
0.121128
0.121593
0.121645
0.121496
0.121216
0.120834
0.120363
0.120539
0.123846
0.126357
0.128246
0.12966
0.130689
0.131394
0.132301
0.136031
0.137849
0.139741
0.141175
0.142185
0.14285
0.143229
0.143348
0.143978
0.148305
0.151643
0.154196
0.156118
0.157676
0.160417
0.162355
0.16386
0.164992
0.165822
0.166393
0.166781
0.167327
0.167742
0.167937
0.167955
0.16878
0.169477
0.169989
0.170821
0.171531
0.172125
0.172623
0.17303
0.173341
0.173571
0.173719
0.173791
0.173773
0.173725
0.173627
0.173683
0.174044
0.174568
0.175041
0.175461
0.175829
0.176144
0.176407
0.176614
0.176762
0.17685
0.176871
0.17682
0.176689
0.17647
0.176153
0.175906
0.175966
0.176176
0.176529
0.176897
0.17728
0.177648
0.17798
0.178272
0.178505
0.178684
0.178803
0.178838
0.17879
0.178902
0.178912
0.178844
0.179308
0.179758
0.18015
0.180514
0.181147
0.181811
0.182424
0.182982
0.183478
0.183969
0.184469
0.185178
0.185811
0.186379
0.186879
0.18733
0.188177
0.189045
0.189882
0.19069
0.191456
0.192177
0.192902
0.193728
0.194506
0.19539
0.196235
0.197045
0.19782
0.198561
0.199264
0.199957
0.200829
0.20171
0.202561
0.20338
0.204167
0.204918
0.205631
0.206396
0.207127
0.20788
0.208641
0.20937
0.210066
0.21074
0.211387
0.212023
0.212765
0.213478
0.214152
0.214787
0.215385
0.216053
0.216698
0.21734
0.217945
0.218515
0.219052
0.219587
0.220198
0.220783
0.221323
0.221909
0.222903
0.223775
0.224608
0.225737
0.226654
0.22744
0.228145
0.228781
0.229352
0.229877
0.230364
0.230824
0.231294
0.231766
0.23257
0.233907
0.236779
0.240078
0.242654
0.244761
0.246542
0.248073
0.249405
0.250572
0.251597
0.252499
0.253289
0.253976
0.254568
0.255071
0.255536
0.256234
0.257106
0.257956
0.258672
0.259294
0.259803
0.260225
0.260554
0.260798
0.260945
0.261009
0.26099
0.260883
0.260701
0.26045
0.260099
-0.0548722
-0.0545963
-0.0544995
-0.0545333
-0.0545591
-0.0545675
-0.0545593
-0.054556
-0.0545607
-0.0545516
-0.0545276
-0.0544887
-0.054435
-0.0543843
-0.054334
-0.0542771
-0.054204
-0.0541484
-0.0540868
-0.0540094
-0.0539166
-0.0538083
-0.0536846
-0.0535538
-0.0534116
-0.0532703
-0.0531201
-0.0529544
-0.0527914
-0.0526303
-0.0524521
-0.0522551
-0.0520451
-0.0518224
-0.0516163
-0.0513951
-0.0511522
-0.0508869
-0.0505982
-0.0502856
-0.0500057
-0.0497128
-0.0494179
-0.0490943
-0.0487878
-0.04847
-0.0481319
-0.0477658
-0.0473651
-0.0469657
-0.0466471
-0.0462945
-0.0459436
-0.0455509
-0.0451054
-0.0449877
-0.0451263
-0.0451
-0.0449287
-0.0446604
-0.0444014
-0.0440411
-0.043584
-0.0431139
-0.0426514
-0.0422842
-0.0436643
-0.0449358
-0.0459471
-0.0484387
-0.0517015
-0.0544914
-0.0566771
-0.0584835
-0.0601209
-0.0618749
-0.0635511
-0.0649412
-0.0660707
-0.0669572
-0.0676116
-0.0682216
-0.0708889
-0.0735318
-0.0764693
-0.0788891
-0.0809813
-0.0829946
-0.0847458
-0.0863985
-0.0881388
-0.0899444
-0.0919119
-0.0936512
-0.0951737
-0.0964924
-0.0976165
-0.0986126
-0.0996487
-0.100577
-0.101475
-0.102296
-0.103204
-0.103994
-0.104676
-0.105253
-0.10573
-0.106161
-0.106665
-0.107088
-0.107414
-0.107648
-0.107788
-0.107848
-0.107935
-0.10802
-0.108039
-0.107986
-0.10786
-0.10792
-0.108028
-0.108085
-0.10809
-0.108043
-0.10794
-0.107789
-0.107581
-0.107332
-0.107011
-0.106807
-0.106695
-0.106547
-0.106362
-0.106141
-0.105883
-0.105621
-0.105404
-0.105183
-0.104968
-0.10472
-0.104476
-0.104205
-0.103879
-0.103545
-0.103255
-0.10305
-0.102915
-0.10276
-0.102582
-0.102382
-0.10216
-0.101919
-0.101708
-0.101493
-0.101288
-0.101056
-0.100834
-0.100603
-0.100413
-0.100211
-0.099987
-0.0997989
-0.0996483
-0.0994983
-0.0993742
-0.0992362
-0.0990819
-0.0989282
-0.0987825
-0.0986182
-0.0984333
-0.0982453
-0.0980942
-0.097929
-0.0977521
-0.0975875
-0.0974423
-0.0973144
-0.0972064
-0.0970887
-0.0969664
-0.0968443
-0.0967133
-0.0966141
-0.0965061
-0.0964006
-0.0963117
-0.0962364
-0.0961606
-0.0960746
-0.0959775
-0.0958682
-0.0957465
-0.0956417
-0.0955809
-0.095535
-0.095497
-0.0954418
-0.0953852
-0.095369
-0.095348
-0.0953224
-0.0953051
-0.0952882
-0.0952724
-0.0952478
-0.0952129
-0.095167
-0.0951087
-0.0951313
-0.0954973
-0.0958523
-0.0961521
-0.0963993
-0.0966056
-0.0967682
-0.0968927
-0.0969831
-0.0970427
-0.0970884
-0.0972198
-0.0973408
-0.0974288
-0.0974884
-0.0976476
-0.0993796
-0.100815
-0.102015
-0.103018
-0.10385
-0.104533
-0.105107
-0.105586
-0.105963
-0.106245
-0.10644
-0.106554
-0.106922
-0.107453
-0.108085
-0.108613
-0.109208
-0.109667
-0.109995
-0.1102
-0.110288
-0.11026
-0.110141
-0.109951
-0.109702
-0.109414
-0.10902
-0.108577
-0.108112
-0.10755
-0.106864
-0.106122
-0.105323
-0.104493
-0.103513
-0.102365
-0.101035
-0.099508
-0.0978131
-0.0965472
-0.0950711
-0.0933485
-0.0913361
-0.0893451
-0.0872132
-0.0853076
-0.0830922
-0.0804762
-0.0791872
-0.0780954
-0.0768498
-0.0754243
-0.0737595
-0.0718044
-0.0697206
-0.067726
-0.0652295
-0.0620506
-0.0586163
-0.057453
-0.0560936
-0.0545077
-0.0527002
-0.0505981
-0.0497371
-0.0495167
-0.0492311
-0.0488687
-0.0484717
-0.0479789
-0.0473837
-0.0465687
-0.0460016
-0.0459818
-0.0459605
-0.045923
-0.045859
-0.045767
-0.0456449
-0.0454902
-0.0453778
-0.0455866
-0.0458642
-0.0462876
-0.0466066
-0.0468501
-0.0471161
-0.0473347
-0.0475311
-0.0477313
-0.0479597
-0.048231
-0.0484672
-0.0486684
-0.0488371
-0.0489753
-0.0492354
-0.0498068
-0.0503313
-0.050799
-0.0511994
-0.0515541
-0.0518541
-0.0521059
-0.0523145
-0.052484
-0.0526719
-0.0531026
-0.0535243
-0.0538987
-0.0542359
-0.0545596
-0.0550428
-0.055475
-0.055858
-0.0561914
-0.0564753
-0.0567149
-0.0569928
-0.0573038
-0.0575803
-0.0578223
-0.0580309
-0.0582067
-0.0584867
-0.0588255
-0.0592019
-0.0595333
-0.0599637
-0.0603754
-0.0607378
-0.0610555
-0.061332
-0.0615702
-0.0617951
-0.0548722
-0.0545963
-0.0544995
-0.0545333
-0.0545591
-0.0545675
-0.0545593
-0.054556
-0.0545607
-0.0545516
-0.0545276
-0.0544887
-0.054435
-0.0543843
-0.054334
-0.0542771
-0.054204
-0.0541484
-0.0540868
-0.0540094
-0.0539166
-0.0538083
-0.0536846
-0.0535538
-0.0534116
-0.0532703
-0.0531201
-0.0529544
-0.0527914
-0.0526303
-0.0524521
-0.0522551
-0.0520451
-0.0518224
-0.0516163
-0.0513951
-0.0511522
-0.0508869
-0.0505982
-0.0502856
-0.0500057
-0.0497128
-0.0494179
-0.0490943
-0.0487878
-0.04847
-0.0481319
-0.0477658
-0.0473651
-0.0469657
-0.0466471
-0.0462945
-0.0459436
-0.0455509
-0.0451054
-0.0449877
-0.0451263
-0.0451
-0.0449287
-0.0446604
-0.0444014
-0.0440411
-0.043584
-0.0431139
-0.0426514
-0.0422842
-0.0436643
-0.0449358
-0.0459471
-0.0484387
-0.0517015
-0.0544914
-0.0566771
-0.0584835
-0.0601209
-0.0618749
-0.0635511
-0.0649412
-0.0660707
-0.0669572
-0.0676116
-0.0682216
-0.0708889
-0.0735318
-0.0764693
-0.0788891
-0.0809813
-0.0829946
-0.0847458
-0.0863985
-0.0881388
-0.0899444
-0.0919119
-0.0936512
-0.0951737
-0.0964924
-0.0976165
-0.0986126
-0.0996487
-0.100577
-0.101475
-0.102296
-0.103204
-0.103994
-0.104676
-0.105253
-0.10573
-0.106161
-0.106665
-0.107088
-0.107414
-0.107648
-0.107788
-0.107848
-0.107935
-0.10802
-0.108039
-0.107986
-0.10786
-0.10792
-0.108028
-0.108085
-0.10809
-0.108043
-0.10794
-0.107789
-0.107581
-0.107332
-0.107011
-0.106807
-0.106695
-0.106547
-0.106362
-0.106141
-0.105883
-0.105621
-0.105404
-0.105183
-0.104968
-0.10472
-0.104476
-0.104205
-0.103879
-0.103545
-0.103255
-0.10305
-0.102915
-0.10276
-0.102582
-0.102382
-0.10216
-0.101919
-0.101708
-0.101493
-0.101288
-0.101056
-0.100834
-0.100603
-0.100413
-0.100211
-0.099987
-0.0997989
-0.0996483
-0.0994983
-0.0993742
-0.0992362
-0.0990819
-0.0989282
-0.0987825
-0.0986182
-0.0984333
-0.0982453
-0.0980942
-0.097929
-0.0977521
-0.0975875
-0.0974423
-0.0973144
-0.0972064
-0.0970887
-0.0969664
-0.0968443
-0.0967133
-0.0966141
-0.0965061
-0.0964006
-0.0963117
-0.0962364
-0.0961606
-0.0960746
-0.0959775
-0.0958682
-0.0957465
-0.0956417
-0.0955809
-0.095535
-0.095497
-0.0954418
-0.0953852
-0.095369
-0.095348
-0.0953224
-0.0953051
-0.0952882
-0.0952724
-0.0952478
-0.0952129
-0.095167
-0.0951087
-0.0951313
-0.0954973
-0.0958523
-0.0961521
-0.0963993
-0.0966056
-0.0967682
-0.0968927
-0.0969831
-0.0970427
-0.0970884
-0.0972198
-0.0973408
-0.0974288
-0.0974884
-0.0976476
-0.0993796
-0.100815
-0.102015
-0.103018
-0.10385
-0.104533
-0.105107
-0.105586
-0.105963
-0.106245
-0.10644
-0.106554
-0.106922
-0.107453
-0.108085
-0.108613
-0.109208
-0.109667
-0.109995
-0.1102
-0.110288
-0.11026
-0.110141
-0.109951
-0.109702
-0.109414
-0.10902
-0.108577
-0.108112
-0.10755
-0.106864
-0.106122
-0.105323
-0.104493
-0.103513
-0.102365
-0.101035
-0.099508
-0.0978131
-0.0965472
-0.0950711
-0.0933485
-0.0913361
-0.0893451
-0.0872132
-0.0853076
-0.0830922
-0.0804762
-0.0791872
-0.0780954
-0.0768498
-0.0754243
-0.0737595
-0.0718044
-0.0697206
-0.067726
-0.0652295
-0.0620506
-0.0586163
-0.057453
-0.0560936
-0.0545077
-0.0527002
-0.0505981
-0.0497371
-0.0495167
-0.0492311
-0.0488687
-0.0484717
-0.0479789
-0.0473837
-0.0465687
-0.0460016
-0.0459818
-0.0459605
-0.045923
-0.045859
-0.045767
-0.0456449
-0.0454902
-0.0453778
-0.0455866
-0.0458642
-0.0462876
-0.0466066
-0.0468501
-0.0471161
-0.0473347
-0.0475311
-0.0477313
-0.0479597
-0.048231
-0.0484672
-0.0486684
-0.0488371
-0.0489753
-0.0492354
-0.0498068
-0.0503313
-0.050799
-0.0511994
-0.0515541
-0.0518541
-0.0521059
-0.0523145
-0.052484
-0.0526719
-0.0531026
-0.0535243
-0.0538987
-0.0542359
-0.0545596
-0.0550428
-0.055475
-0.055858
-0.0561914
-0.0564753
-0.0567149
-0.0569928
-0.0573038
-0.0575803
-0.0578223
-0.0580309
-0.0582067
-0.0584867
-0.0588255
-0.0592019
-0.0595333
-0.0599637
-0.0603754
-0.0607378
-0.0610555
-0.061332
-0.0615702
-0.0617951
0.260217
0.260458
0.260602
0.260644
0.260577
0.26039
0.260065
0.259578
0.259134
0.258942
0.258969
0.258993
0.259031
0.259024
0.258963
0.258846
0.258684
0.258439
0.25811
0.257687
0.257149
0.256482
0.255918
0.255219
0.254439
0.254142
0.253776
0.253324
0.252885
0.252693
0.252467
0.252177
0.251815
0.251374
0.250909
0.25039
0.250034
0.249594
0.24906
0.248421
0.247722
0.247383
0.247012
0.246598
0.246155
0.245652
0.24509
0.244563
0.244078
0.243508
0.243003
0.242449
0.241845
0.24119
0.240482
0.239717
0.23894
0.238323
0.237696
0.237032
0.23633
0.235588
0.234801
0.233957
0.233139
0.232284
0.231465
0.23063
0.22976
0.228852
0.227926
0.226966
0.225985
0.225111
0.224207
0.223267
0.222286
0.221255
0.220296
0.219343
0.218374
0.217372
0.216337
0.215272
0.214195
0.213209
0.212213
0.211174
0.210102
0.209535
0.208931
0.208236
0.208011
0.207687
0.207253
0.206726
0.20612
0.205441
0.204727
0.203968
0.203169
0.202351
0.20156
0.200827
0.200567
0.20213
0.204915
0.207288
0.209263
0.210909
0.212278
0.213409
0.214337
0.215086
0.215677
0.216127
0.21645
0.216657
0.216756
0.216755
0.216983
0.217531
0.218061
0.218562
0.218961
0.219281
0.219506
0.219642
0.219708
0.219684
0.219585
0.219416
0.219176
0.218877
0.218537
0.218125
0.217644
0.217147
0.216587
0.215965
0.215288
0.214581
0.213819
0.212993
0.212096
0.211123
0.210087
0.208988
0.207855
0.206629
0.205299
0.20385
0.202306
0.200891
0.199386
0.197781
0.196074
0.194214
0.192168
0.190051
0.187725
0.184891
0.182561
0.179965
0.177045
0.173721
0.169875
0.165327
0.160535
0.159082
0.157498
0.155674
0.153517
0.150851
0.147258
0.141941
0.140024
0.13785
0.136402
0.134814
0.132908
0.130602
0.12779
0.124284
0.120551
0.120928
0.121179
0.121192
0.120845
0.11993
0.120672
0.121316
0.121898
0.122353
0.122694
0.122932
0.123127
0.123621
0.124093
0.124449
0.124723
0.125911
0.127011
0.127952
0.129233
0.130369
0.131368
0.132255
0.133045
0.13374
0.134364
0.134924
0.135433
0.135888
0.136355
0.136822
0.137486
0.138463
0.139552
0.140524
0.141388
0.142157
0.142839
0.143442
0.143972
0.144433
0.14483
0.145165
0.145442
0.14566
0.14582
0.14592
0.146126
0.146639
0.147266
0.147983
0.148665
0.149319
0.149922
0.150463
0.150946
0.151357
0.151711
0.152009
0.152234
0.152386
0.152718
0.152951
0.153111
0.153801
0.154429
0.154954
0.15542
0.156129
0.156824
0.157432
0.157956
0.158397
0.15882
0.159235
0.159849
0.160362
0.160783
0.161115
0.161383
0.162031
0.162646
0.163186
0.163659
0.164057
0.164385
0.164699
0.165098
0.165428
0.165839
0.166173
0.166437
0.166638
0.166779
0.166866
0.166928
0.167154
0.167357
0.167501
0.16759
0.167626
0.16761
0.167541
0.167505
0.167411
0.167316
0.167205
0.16704
0.166824
0.166567
0.166267
0.165938
0.165704
0.165418
0.16507
0.164658
0.164176
0.163744
0.163268
0.162754
0.162167
0.161503
0.160761
0.159966
0.159198
0.158333
0.15733
0.15624
0.155534
0.154673
0.15362
0.152918
0.152125
0.151231
0.150245
0.149148
0.147918
0.146554
0.145025
0.143303
0.141364
0.139116
0.13675
0.134272
0.133118
0.132994
0.132822
0.132604
0.13234
0.13203
0.131673
0.131267
0.130808
0.130292
0.129709
0.129048
0.128289
0.127394
0.126344
0.12551
0.125012
0.12468
0.124363
0.124077
0.123782
0.123495
0.123202
0.122904
0.122585
0.122256
0.121915
0.121555
0.121184
0.120817
0.120425
0.128481
0.129155
0.129781
0.130361
0.130896
0.131387
0.131835
0.132251
0.132811
0.133622
0.13461
0.135554
0.136486
0.13736
0.138175
0.138934
0.13966
0.140322
0.140926
0.141474
0.141966
0.142429
0.143038
0.143537
0.144037
0.145004
0.145851
0.14659
0.147338
0.148302
0.149207
0.150032
0.150779
0.15145
0.152116
0.152795
0.153631
0.154345
0.154973
0.155531
0.156085
0.156978
0.157788
0.158523
0.159208
0.159825
0.16038
0.160971
0.161602
0.162181
0.162806
0.163339
0.163806
0.164217
0.164577
0.164889
0.165207
0.165664
0.166078
0.16643
0.166724
0.166964
0.167149
0.167286
0.16743
0.167501
0.167581
0.167621
0.167603
0.167527
0.167411
0.167243
0.167039
0.1669
0.166686
0.166393
0.166018
0.165566
0.165132
0.164636
0.164065
0.163397
0.162632
0.161763
0.160803
0.159838
0.158765
0.157538
0.156154
0.155153
0.154032
0.15272
0.151812
0.1508
0.149651
0.148358
0.14691
0.145286
0.143497
0.141501
0.139266
0.136774
0.134013
0.130956
0.127976
0.126598
0.126685
0.12679
0.126842
0.126843
0.126792
0.126689
0.12653
0.126312
0.126029
0.125674
0.12524
0.124714
0.124083
0.123327
0.1228
0.122679
0.122674
0.122768
0.122875
0.123006
0.123133
0.123253
0.123377
0.123477
0.123563
0.123635
0.123688
0.123731
0.123778
0.1238
0.1238
0.123823
0.123825
0.123806
0.123772
0.123748
0.12371
0.123652
0.123567
0.123456
0.123337
0.123228
0.123135
0.122995
0.122818
0.122606
0.122406
0.122381
0.122292
0.122153
0.121988
0.12177
0.121501
0.121335
0.121216
0.121128
0.121593
0.121645
0.121496
0.121216
0.120834
0.120363
0.120539
0.123846
0.126357
0.128246
0.12966
0.130689
0.131394
0.132301
0.136031
0.137849
0.139741
0.141175
0.142185
0.14285
0.143229
0.143348
0.143978
0.148305
0.151643
0.154196
0.156118
0.157676
0.160417
0.162355
0.16386
0.164992
0.165822
0.166393
0.166781
0.167327
0.167742
0.167937
0.167955
0.16878
0.169477
0.169989
0.170821
0.171531
0.172125
0.172623
0.17303
0.173341
0.173571
0.173719
0.173791
0.173773
0.173725
0.173627
0.173683
0.174044
0.174568
0.175041
0.175461
0.175829
0.176144
0.176407
0.176614
0.176762
0.17685
0.176871
0.17682
0.176689
0.17647
0.176153
0.175906
0.175966
0.176176
0.176529
0.176897
0.17728
0.177648
0.17798
0.178272
0.178505
0.178684
0.178803
0.178838
0.17879
0.178902
0.178912
0.178844
0.179308
0.179758
0.18015
0.180514
0.181147
0.181811
0.182424
0.182982
0.183478
0.183969
0.184469
0.185178
0.185811
0.186379
0.186879
0.18733
0.188177
0.189045
0.189882
0.19069
0.191456
0.192177
0.192902
0.193728
0.194506
0.19539
0.196235
0.197045
0.19782
0.198561
0.199264
0.199957
0.200829
0.20171
0.202561
0.20338
0.204167
0.204918
0.205631
0.206396
0.207127
0.20788
0.208641
0.20937
0.210066
0.21074
0.211387
0.212023
0.212765
0.213478
0.214152
0.214787
0.215385
0.216053
0.216698
0.21734
0.217945
0.218515
0.219052
0.219587
0.220198
0.220783
0.221323
0.221909
0.222903
0.223775
0.224608
0.225737
0.226654
0.22744
0.228145
0.228781
0.229352
0.229877
0.230364
0.230824
0.231294
0.231766
0.23257
0.233907
0.236779
0.240078
0.242654
0.244761
0.246542
0.248073
0.249405
0.250572
0.251597
0.252499
0.253289
0.253976
0.254568
0.255071
0.255536
0.256234
0.257106
0.257956
0.258672
0.259294
0.259803
0.260225
0.260554
0.260798
0.260945
0.261009
0.26099
0.260883
0.260701
0.26045
0.260099
-0.157759
-0.158464
-0.15888
-0.15906
-0.159045
-0.158877
-0.158595
-0.158194
-0.157677
-0.157053
-0.15633
-0.155513
-0.154605
-0.153608
-0.152568
-0.151604
-0.15079
-0.150285
-0.149659
-0.148997
-0.148214
-0.147305
-0.146273
-0.145118
-0.143851
-0.142519
-0.141059
-0.139468
-0.137758
-0.135947
-0.134088
-0.132096
-0.130015
-0.127797
-0.125647
-0.123783
-0.121796
-0.119748
-0.117842
-0.115734
-0.113397
-0.110799
-0.107908
-0.105113
-0.102254
-0.0992051
-0.0976333
-0.0959168
-0.0940294
-0.0919499
-0.0900818
-0.088212
-0.086097
-0.0836992
-0.0809667
-0.0778062
-0.0740816
-0.0719429
-0.0706656
-0.0692237
-0.0675708
-0.065664
-0.065433
-0.0653177
-0.0651427
-0.0649299
-0.0646871
-0.0643666
-0.0639361
-0.0634546
-0.0627849
-0.063008
-0.0632187
-0.0633986
-0.0635613
-0.0637023
-0.0638174
-0.0639203
-0.0640662
-0.0642638
-0.0644478
-0.0646108
-0.0649337
-0.0654787
-0.0660648
-0.0665943
-0.067057
-0.0674681
-0.0678356
-0.0681619
-0.0684574
-0.0687191
-0.0689492
-0.0691888
-0.0695279
-0.0698484
-0.0701687
-0.0705458
-0.0713049
-0.0719722
-0.0725592
-0.0730781
-0.07354
-0.073951
-0.0743164
-0.0746429
-0.0749581
-0.0752509
-0.0755077
-0.0757298
-0.0759416
-0.0763674
-0.0768148
-0.077448
-0.0780268
-0.0785455
-0.0790103
-0.0794299
-0.0798178
-0.0801682
-0.0804786
-0.0807501
-0.0809842
-0.0811808
-0.0813395
-0.0814602
-0.0816493
-0.0819179
-0.0822661
-0.0827804
-0.0832507
-0.0836904
-0.0840829
-0.0844301
-0.0847374
-0.0850053
-0.0852345
-0.085429
-0.0855848
-0.0857095
-0.0858921
-0.0860711
-0.0862396
-0.0863721
-0.0865491
-0.0867546
-0.0870346
-0.0873653
-0.0876995
-0.0880053
-0.0882733
-0.0884959
-0.088672
-0.0888842
-0.0890769
-0.0892241
-0.0893255
-0.0893839
-0.0894305
-0.0895556
-0.0896313
-0.089659
-0.0897422
-0.0897993
-0.0897985
-0.0897735
-0.0897357
-0.089803
-0.0898335
-0.0898436
-0.0898217
-0.0897877
-0.0897025
-0.0895619
-0.0894735
-0.0893258
-0.0891176
-0.0888971
-0.0886917
-0.088446
-0.0881379
-0.0878
-0.0874273
-0.0870106
-0.0865184
-0.0859486
-0.0853259
-0.0846549
-0.0839232
-0.0833699
-0.0828454
-0.0823454
-0.0820464
-0.0816809
-0.0812621
-0.0807871
-0.0804253
-0.0800998
-0.0796981
-0.0792282
-0.0786818
-0.0780395
-0.0772952
-0.0764299
-0.0754258
-0.0742769
-0.0729622
-0.0720852
-0.0715116
-0.0713006
-0.0714862
-0.0716382
-0.0717543
-0.0718358
-0.071883
-0.0718958
-0.0718732
-0.0718171
-0.071738
-0.0716271
-0.0714682
-0.0712554
-0.070985
-0.0709213
-0.070984
-0.0710766
-0.0711459
-0.0711896
-0.0712086
-0.0712118
-0.0712071
-0.0711905
-0.0711526
-0.0710938
-0.0710139
-0.0709127
-0.0707902
-0.0706462
-0.0705102
-0.0703698
-0.0702294
-0.070094
-0.0699378
-0.0697668
-0.0695731
-0.0693568
-0.0691211
-0.0688642
-0.0685889
-0.0683106
-0.0680091
-0.0676846
-0.0673549
-0.067018
-0.0666614
-0.0662812
-0.0658795
-0.0654554
-0.065021
-0.0645841
-0.0641258
-0.063661
-0.063209
-0.0627296
-0.0622199
-0.0617032
-0.0611902
-0.0606569
-0.0600913
-0.0594957
-0.0588941
-0.0582609
-0.0575893
-0.0568771
-0.0562882
-0.055705
-0.0550708
-0.054412
-0.0537281
-0.0535293
-0.0531499
-0.0528335
-0.0524594
-0.0520061
-0.0514634
-0.0508314
-0.0504193
-0.0499549
-0.049428
-0.0489324
-0.0495524
-0.0505803
-0.0514695
-0.0547377
-0.0572295
-0.0594731
-0.0612959
-0.062782
-0.0640399
-0.0651231
-0.0660196
-0.0670508
-0.0684396
-0.0698101
-0.0711389
-0.0723311
-0.0749023
-0.0782162
-0.0814451
-0.0843546
-0.0869416
-0.0892729
-0.0913842
-0.0932906
-0.0950226
-0.0965911
-0.0980086
-0.0996455
-0.101785
-0.103885
-0.106063
-0.108201
-0.110433
-0.112542
-0.114526
-0.116394
-0.118154
-0.119814
-0.121376
-0.122847
-0.124292
-0.125673
-0.126959
-0.128155
-0.129266
-0.130504
-0.131749
-0.133155
-0.134558
-0.135899
-0.137178
-0.138403
-0.139599
-0.140744
-0.141831
-0.142859
-0.143824
-0.144726
-0.145558
-0.146317
-0.147183
-0.14813
-0.149049
-0.149949
-0.15087
-0.151823
-0.152737
-0.153609
-0.154441
-0.155232
-0.157759
-0.158464
-0.15888
-0.15906
-0.159045
-0.158877
-0.158595
-0.158194
-0.157677
-0.157053
-0.15633
-0.155513
-0.154605
-0.153608
-0.152568
-0.151604
-0.15079
-0.150285
-0.149659
-0.148997
-0.148214
-0.147305
-0.146273
-0.145118
-0.143851
-0.142519
-0.141059
-0.139468
-0.137758
-0.135947
-0.134088
-0.132096
-0.130015
-0.127797
-0.125647
-0.123783
-0.121796
-0.119748
-0.117842
-0.115734
-0.113397
-0.110799
-0.107908
-0.105113
-0.102254
-0.0992051
-0.0976333
-0.0959168
-0.0940294
-0.0919499
-0.0900818
-0.088212
-0.086097
-0.0836992
-0.0809667
-0.0778062
-0.0740816
-0.0719429
-0.0706656
-0.0692237
-0.0675708
-0.065664
-0.065433
-0.0653177
-0.0651427
-0.0649299
-0.0646871
-0.0643666
-0.0639361
-0.0634546
-0.0627849
-0.063008
-0.0632187
-0.0633986
-0.0635613
-0.0637023
-0.0638174
-0.0639203
-0.0640662
-0.0642638
-0.0644478
-0.0646108
-0.0649337
-0.0654787
-0.0660648
-0.0665943
-0.067057
-0.0674681
-0.0678356
-0.0681619
-0.0684574
-0.0687191
-0.0689492
-0.0691888
-0.0695279
-0.0698484
-0.0701687
-0.0705458
-0.0713049
-0.0719722
-0.0725592
-0.0730781
-0.07354
-0.073951
-0.0743164
-0.0746429
-0.0749581
-0.0752509
-0.0755077
-0.0757298
-0.0759416
-0.0763674
-0.0768148
-0.077448
-0.0780268
-0.0785455
-0.0790103
-0.0794299
-0.0798178
-0.0801682
-0.0804786
-0.0807501
-0.0809842
-0.0811808
-0.0813395
-0.0814602
-0.0816493
-0.0819179
-0.0822661
-0.0827804
-0.0832507
-0.0836904
-0.0840829
-0.0844301
-0.0847374
-0.0850053
-0.0852345
-0.085429
-0.0855848
-0.0857095
-0.0858921
-0.0860711
-0.0862396
-0.0863721
-0.0865491
-0.0867546
-0.0870346
-0.0873653
-0.0876995
-0.0880053
-0.0882733
-0.0884959
-0.088672
-0.0888842
-0.0890769
-0.0892241
-0.0893255
-0.0893839
-0.0894305
-0.0895556
-0.0896313
-0.089659
-0.0897422
-0.0897993
-0.0897985
-0.0897735
-0.0897357
-0.089803
-0.0898335
-0.0898436
-0.0898217
-0.0897877
-0.0897025
-0.0895619
-0.0894735
-0.0893258
-0.0891176
-0.0888971
-0.0886917
-0.088446
-0.0881379
-0.0878
-0.0874273
-0.0870106
-0.0865184
-0.0859486
-0.0853259
-0.0846549
-0.0839232
-0.0833699
-0.0828454
-0.0823454
-0.0820464
-0.0816809
-0.0812621
-0.0807871
-0.0804253
-0.0800998
-0.0796981
-0.0792282
-0.0786818
-0.0780395
-0.0772952
-0.0764299
-0.0754258
-0.0742769
-0.0729622
-0.0720852
-0.0715116
-0.0713006
-0.0714862
-0.0716382
-0.0717543
-0.0718358
-0.071883
-0.0718958
-0.0718732
-0.0718171
-0.071738
-0.0716271
-0.0714682
-0.0712554
-0.070985
-0.0709213
-0.070984
-0.0710766
-0.0711459
-0.0711896
-0.0712086
-0.0712118
-0.0712071
-0.0711905
-0.0711526
-0.0710938
-0.0710139
-0.0709127
-0.0707902
-0.0706462
-0.0705102
-0.0703698
-0.0702294
-0.070094
-0.0699378
-0.0697668
-0.0695731
-0.0693568
-0.0691211
-0.0688642
-0.0685889
-0.0683106
-0.0680091
-0.0676846
-0.0673549
-0.067018
-0.0666614
-0.0662812
-0.0658795
-0.0654554
-0.065021
-0.0645841
-0.0641258
-0.063661
-0.063209
-0.0627296
-0.0622199
-0.0617032
-0.0611902
-0.0606569
-0.0600913
-0.0594957
-0.0588941
-0.0582609
-0.0575893
-0.0568771
-0.0562882
-0.055705
-0.0550708
-0.054412
-0.0537281
-0.0535293
-0.0531499
-0.0528335
-0.0524594
-0.0520061
-0.0514634
-0.0508314
-0.0504193
-0.0499549
-0.049428
-0.0489324
-0.0495524
-0.0505803
-0.0514695
-0.0547377
-0.0572295
-0.0594731
-0.0612959
-0.062782
-0.0640399
-0.0651231
-0.0660196
-0.0670508
-0.0684396
-0.0698101
-0.0711389
-0.0723311
-0.0749023
-0.0782162
-0.0814451
-0.0843546
-0.0869416
-0.0892729
-0.0913842
-0.0932906
-0.0950226
-0.0965911
-0.0980086
-0.0996455
-0.101785
-0.103885
-0.106063
-0.108201
-0.110433
-0.112542
-0.114526
-0.116394
-0.118154
-0.119814
-0.121376
-0.122847
-0.124292
-0.125673
-0.126959
-0.128155
-0.129266
-0.130504
-0.131749
-0.133155
-0.134558
-0.135899
-0.137178
-0.138403
-0.139599
-0.140744
-0.141831
-0.142859
-0.143824
-0.144726
-0.145558
-0.146317
-0.147183
-0.14813
-0.149049
-0.149949
-0.15087
-0.151823
-0.152737
-0.153609
-0.154441
-0.155232
0.260217
0.260458
0.260602
0.260644
0.260577
0.26039
0.260065
0.259578
0.259134
0.258942
0.258969
0.258993
0.259031
0.259024
0.258963
0.258846
0.258684
0.258439
0.25811
0.257687
0.257149
0.256482
0.255918
0.255219
0.254439
0.254142
0.253776
0.253324
0.252885
0.252693
0.252467
0.252177
0.251815
0.251374
0.250909
0.25039
0.250034
0.249594
0.24906
0.248421
0.247722
0.247383
0.247012
0.246598
0.246155
0.245652
0.24509
0.244563
0.244078
0.243508
0.243003
0.242449
0.241845
0.24119
0.240482
0.239717
0.23894
0.238323
0.237696
0.237032
0.23633
0.235588
0.234801
0.233957
0.233139
0.232284
0.231465
0.23063
0.22976
0.228852
0.227926
0.226966
0.225985
0.225111
0.224207
0.223267
0.222286
0.221255
0.220296
0.219343
0.218374
0.217372
0.216337
0.215272
0.214195
0.213209
0.212213
0.211174
0.210102
0.209535
0.208931
0.208236
0.208011
0.207687
0.207253
0.206726
0.20612
0.205441
0.204727
0.203968
0.203169
0.202351
0.20156
0.200827
0.200567
0.20213
0.204915
0.207288
0.209263
0.210909
0.212278
0.213409
0.214337
0.215086
0.215677
0.216127
0.21645
0.216657
0.216756
0.216755
0.216983
0.217531
0.218061
0.218562
0.218961
0.219281
0.219506
0.219642
0.219708
0.219684
0.219585
0.219416
0.219176
0.218877
0.218537
0.218125
0.217644
0.217147
0.216587
0.215965
0.215288
0.214581
0.213819
0.212993
0.212096
0.211123
0.210087
0.208988
0.207855
0.206629
0.205299
0.20385
0.202306
0.200891
0.199386
0.197781
0.196074
0.194214
0.192168
0.190051
0.187725
0.184891
0.182561
0.179965
0.177045
0.173721
0.169875
0.165327
0.160535
0.159082
0.157498
0.155674
0.153517
0.150851
0.147258
0.141941
0.140024
0.13785
0.136402
0.134814
0.132908
0.130602
0.12779
0.124284
0.120551
0.120928
0.121179
0.121192
0.120845
0.11993
0.120672
0.121316
0.121898
0.122353
0.122694
0.122932
0.123127
0.123621
0.124093
0.124449
0.124723
0.125911
0.127011
0.127952
0.129233
0.130369
0.131368
0.132255
0.133045
0.13374
0.134364
0.134924
0.135433
0.135888
0.136355
0.136822
0.137486
0.138463
0.139552
0.140524
0.141388
0.142157
0.142839
0.143442
0.143972
0.144433
0.14483
0.145165
0.145442
0.14566
0.14582
0.14592
0.146126
0.146639
0.147266
0.147983
0.148665
0.149319
0.149922
0.150463
0.150946
0.151357
0.151711
0.152009
0.152234
0.152386
0.152718
0.152951
0.153111
0.153801
0.154429
0.154954
0.15542
0.156129
0.156824
0.157432
0.157956
0.158397
0.15882
0.159235
0.159849
0.160362
0.160783
0.161115
0.161383
0.162031
0.162646
0.163186
0.163659
0.164057
0.164385
0.164699
0.165098
0.165428
0.165839
0.166173
0.166437
0.166638
0.166779
0.166866
0.166928
0.167154
0.167357
0.167501
0.16759
0.167626
0.16761
0.167541
0.167505
0.167411
0.167316
0.167205
0.16704
0.166824
0.166567
0.166267
0.165938
0.165704
0.165418
0.16507
0.164658
0.164176
0.163744
0.163268
0.162754
0.162167
0.161503
0.160761
0.159966
0.159198
0.158333
0.15733
0.15624
0.155534
0.154673
0.15362
0.152918
0.152125
0.151231
0.150245
0.149148
0.147918
0.146554
0.145025
0.143303
0.141364
0.139116
0.13675
0.134272
0.133118
0.132994
0.132822
0.132604
0.13234
0.13203
0.131673
0.131267
0.130808
0.130292
0.129709
0.129048
0.128289
0.127394
0.126344
0.12551
0.125012
0.12468
0.124363
0.124077
0.123782
0.123495
0.123202
0.122904
0.122585
0.122256
0.121915
0.121555
0.121184
0.120817
0.120425
0.128481
0.129155
0.129781
0.130361
0.130896
0.131387
0.131835
0.132251
0.132811
0.133622
0.13461
0.135554
0.136486
0.13736
0.138175
0.138934
0.13966
0.140322
0.140926
0.141474
0.141966
0.142429
0.143038
0.143537
0.144037
0.145004
0.145851
0.14659
0.147338
0.148302
0.149207
0.150032
0.150779
0.15145
0.152116
0.152795
0.153631
0.154345
0.154973
0.155531
0.156085
0.156978
0.157788
0.158523
0.159208
0.159825
0.16038
0.160971
0.161602
0.162181
0.162806
0.163339
0.163806
0.164217
0.164577
0.164889
0.165207
0.165664
0.166078
0.16643
0.166724
0.166964
0.167149
0.167286
0.16743
0.167501
0.167581
0.167621
0.167603
0.167527
0.167411
0.167243
0.167039
0.1669
0.166686
0.166393
0.166018
0.165566
0.165132
0.164636
0.164065
0.163397
0.162632
0.161763
0.160803
0.159838
0.158765
0.157538
0.156154
0.155153
0.154032
0.15272
0.151812
0.1508
0.149651
0.148358
0.14691
0.145286
0.143497
0.141501
0.139266
0.136774
0.134013
0.130956
0.127976
0.126598
0.126685
0.12679
0.126842
0.126843
0.126792
0.126689
0.12653
0.126312
0.126029
0.125674
0.12524
0.124714
0.124083
0.123327
0.1228
0.122679
0.122674
0.122768
0.122875
0.123006
0.123133
0.123253
0.123377
0.123477
0.123563
0.123635
0.123688
0.123731
0.123778
0.1238
0.1238
0.123823
0.123825
0.123806
0.123772
0.123748
0.12371
0.123652
0.123567
0.123456
0.123337
0.123228
0.123135
0.122995
0.122818
0.122606
0.122406
0.122381
0.122292
0.122153
0.121988
0.12177
0.121501
0.121335
0.121216
0.121128
0.121593
0.121645
0.121496
0.121216
0.120834
0.120363
0.120539
0.123846
0.126357
0.128246
0.12966
0.130689
0.131394
0.132301
0.136031
0.137849
0.139741
0.141175
0.142185
0.14285
0.143229
0.143348
0.143978
0.148305
0.151643
0.154196
0.156118
0.157676
0.160417
0.162355
0.16386
0.164992
0.165822
0.166393
0.166781
0.167327
0.167742
0.167937
0.167955
0.16878
0.169477
0.169989
0.170821
0.171531
0.172125
0.172623
0.17303
0.173341
0.173571
0.173719
0.173791
0.173773
0.173725
0.173627
0.173683
0.174044
0.174568
0.175041
0.175461
0.175829
0.176144
0.176407
0.176614
0.176762
0.17685
0.176871
0.17682
0.176689
0.17647
0.176153
0.175906
0.175966
0.176176
0.176529
0.176897
0.17728
0.177648
0.17798
0.178272
0.178505
0.178684
0.178803
0.178838
0.17879
0.178902
0.178912
0.178844
0.179308
0.179758
0.18015
0.180514
0.181147
0.181811
0.182424
0.182982
0.183478
0.183969
0.184469
0.185178
0.185811
0.186379
0.186879
0.18733
0.188177
0.189045
0.189882
0.19069
0.191456
0.192177
0.192902
0.193728
0.194506
0.19539
0.196235
0.197045
0.19782
0.198561
0.199264
0.199957
0.200829
0.20171
0.202561
0.20338
0.204167
0.204918
0.205631
0.206396
0.207127
0.20788
0.208641
0.20937
0.210066
0.21074
0.211387
0.212023
0.212765
0.213478
0.214152
0.214787
0.215385
0.216053
0.216698
0.21734
0.217945
0.218515
0.219052
0.219587
0.220198
0.220783
0.221323
0.221909
0.222903
0.223775
0.224608
0.225737
0.226654
0.22744
0.228145
0.228781
0.229352
0.229877
0.230364
0.230824
0.231294
0.231766
0.23257
0.233907
0.236779
0.240078
0.242654
0.244761
0.246542
0.248073
0.249405
0.250572
0.251597
0.252499
0.253289
0.253976
0.254568
0.255071
0.255536
0.256234
0.257106
0.257956
0.258672
0.259294
0.259803
0.260225
0.260554
0.260798
0.260945
0.261009
0.26099
0.260883
0.260701
0.26045
0.260099
0.281541
0.282102
0.282506
0.282768
0.282902
0.282919
0.282827
0.282637
0.282601
0.282728
0.28295
0.283094
0.283199
0.283174
0.283071
0.282889
0.282598
0.282207
0.281739
0.281191
0.28055
0.279823
0.279034
0.278156
0.277215
0.276209
0.275138
0.273983
0.272748
0.271417
0.270004
0.268499
0.2669
0.265192
0.263365
0.26142
0.259403
0.25727
0.254987
0.252544
0.250113
0.24762
0.244959
0.242098
0.239017
0.235678
0.232226
0.228535
0.224424
0.220149
0.2163
0.212091
0.207459
0.202332
0.196605
0.190188
0.185718
0.182619
0.179197
0.175344
0.17091
0.165703
0.159439
0.153418
0.150849
0.14884
0.146633
0.144172
0.141446
0.138275
0.134564
0.13018
0.128042
0.127842
0.127786
0.127426
0.126679
0.126072
0.126961
0.127753
0.128377
0.128912
0.129388
0.129822
0.130291
0.130677
0.131234
0.131769
0.132414
0.133454
0.134796
0.136005
0.137441
0.138775
0.139955
0.14102
0.141991
0.142874
0.143682
0.144438
0.145141
0.145788
0.146415
0.147029
0.147728
0.14873
0.150043
0.15126
0.152356
0.15335
0.154256
0.155081
0.155835
0.156523
0.157147
0.157711
0.158217
0.158666
0.159057
0.159402
0.159845
0.160423
0.161188
0.162012
0.162919
0.163744
0.164559
0.165333
0.16603
0.166652
0.167217
0.167715
0.168138
0.16851
0.169009
0.169441
0.169875
0.170483
0.17132
0.172078
0.172786
0.173406
0.174195
0.174977
0.175714
0.176383
0.176965
0.177488
0.178184
0.178851
0.179418
0.179914
0.180431
0.181078
0.181861
0.182542
0.183134
0.183648
0.184141
0.184585
0.184987
0.185444
0.185963
0.186416
0.186798
0.187112
0.187371
0.187588
0.187775
0.187989
0.188231
0.188436
0.188584
0.188672
0.188706
0.188688
0.188685
0.188642
0.188535
0.188398
0.188247
0.188034
0.187759
0.18742
0.187057
0.186696
0.186339
0.185911
0.185405
0.184848
0.184308
0.183687
0.182971
0.182178
0.181308
0.180373
0.179392
0.17829
0.177095
0.175762
0.174584
0.173494
0.172294
0.171079
0.170125
0.169053
0.167843
0.166495
0.165
0.163329
0.161462
0.159409
0.157146
0.154586
0.15198
0.149235
0.147222
0.146418
0.146449
0.146429
0.14635
0.146214
0.146021
0.145769
0.145455
0.145075
0.144624
0.14409
0.143464
0.142729
0.141861
0.141
0.140575
0.140452
0.140384
0.140317
0.140257
0.140176
0.140081
0.139985
0.139863
0.139715
0.139552
0.139373
0.139164
0.138936
0.138706
0.138449
0.138198
0.137942
0.137677
0.137399
0.137106
0.136786
0.136456
0.136107
0.135754
0.13538
0.134978
0.134549
0.134152
0.133737
0.133283
0.132818
0.132352
0.131984
0.131692
0.131334
0.130916
0.130445
0.129956
0.129429
0.128898
0.128493
0.128869
0.129081
0.12907
0.128888
0.128586
0.128196
0.127775
0.129481
0.13258
0.135107
0.137134
0.138745
0.139996
0.14098
0.145843
0.150035
0.153151
0.15602
0.158767
0.160996
0.162784
0.164176
0.165678
0.169539
0.174696
0.179011
0.182616
0.185866
0.19038
0.194356
0.197712
0.2006
0.203098
0.205379
0.207557
0.209447
0.2112
0.212706
0.214494
0.2165
0.218432
0.22027
0.222273
0.224126
0.225826
0.227393
0.228846
0.230169
0.231366
0.232479
0.23352
0.23445
0.235418
0.236384
0.237507
0.238749
0.240046
0.241268
0.242411
0.24348
0.244472
0.245387
0.246223
0.246976
0.247642
0.248216
0.24869
0.249054
0.249294
0.249489
0.249994
0.250795
0.251657
0.252489
0.253295
0.254037
0.254734
0.255381
0.255951
0.256442
0.256864
0.257201
0.25742
0.257588
0.257824
0.257961
0.281541
0.282102
0.282506
0.282768
0.282902
0.282919
0.282827
0.282637
0.282601
0.282728
0.28295
0.283094
0.283199
0.283174
0.283071
0.282889
0.282598
0.282207
0.281739
0.281191
0.28055
0.279823
0.279034
0.278156
0.277215
0.276209
0.275138
0.273983
0.272748
0.271417
0.270004
0.268499
0.2669
0.265192
0.263365
0.26142
0.259403
0.25727
0.254987
0.252544
0.250113
0.24762
0.244959
0.242098
0.239017
0.235678
0.232226
0.228535
0.224424
0.220149
0.2163
0.212091
0.207459
0.202332
0.196605
0.190188
0.185718
0.182619
0.179197
0.175344
0.17091
0.165703
0.159439
0.153418
0.150849
0.14884
0.146633
0.144172
0.141446
0.138275
0.134564
0.13018
0.128042
0.127842
0.127786
0.127426
0.126679
0.126072
0.126961
0.127753
0.128377
0.128912
0.129388
0.129822
0.130291
0.130677
0.131234
0.131769
0.132414
0.133454
0.134796
0.136005
0.137441
0.138775
0.139955
0.14102
0.141991
0.142874
0.143682
0.144438
0.145141
0.145788
0.146415
0.147029
0.147728
0.14873
0.150043
0.15126
0.152356
0.15335
0.154256
0.155081
0.155835
0.156523
0.157147
0.157711
0.158217
0.158666
0.159057
0.159402
0.159845
0.160423
0.161188
0.162012
0.162919
0.163744
0.164559
0.165333
0.16603
0.166652
0.167217
0.167715
0.168138
0.16851
0.169009
0.169441
0.169875
0.170483
0.17132
0.172078
0.172786
0.173406
0.174195
0.174977
0.175714
0.176383
0.176965
0.177488
0.178184
0.178851
0.179418
0.179914
0.180431
0.181078
0.181861
0.182542
0.183134
0.183648
0.184141
0.184585
0.184987
0.185444
0.185963
0.186416
0.186798
0.187112
0.187371
0.187588
0.187775
0.187989
0.188231
0.188436
0.188584
0.188672
0.188706
0.188688
0.188685
0.188642
0.188535
0.188398
0.188247
0.188034
0.187759
0.18742
0.187057
0.186696
0.186339
0.185911
0.185405
0.184848
0.184308
0.183687
0.182971
0.182178
0.181308
0.180373
0.179392
0.17829
0.177095
0.175762
0.174584
0.173494
0.172294
0.171079
0.170125
0.169053
0.167843
0.166495
0.165
0.163329
0.161462
0.159409
0.157146
0.154586
0.15198
0.149235
0.147222
0.146418
0.146449
0.146429
0.14635
0.146214
0.146021
0.145769
0.145455
0.145075
0.144624
0.14409
0.143464
0.142729
0.141861
0.141
0.140575
0.140452
0.140384
0.140317
0.140257
0.140176
0.140081
0.139985
0.139863
0.139715
0.139552
0.139373
0.139164
0.138936
0.138706
0.138449
0.138198
0.137942
0.137677
0.137399
0.137106
0.136786
0.136456
0.136107
0.135754
0.13538
0.134978
0.134549
0.134152
0.133737
0.133283
0.132818
0.132352
0.131984
0.131692
0.131334
0.130916
0.130445
0.129956
0.129429
0.128898
0.128493
0.128869
0.129081
0.12907
0.128888
0.128586
0.128196
0.127775
0.129481
0.13258
0.135107
0.137134
0.138745
0.139996
0.14098
0.145843
0.150035
0.153151
0.15602
0.158767
0.160996
0.162784
0.164176
0.165678
0.169539
0.174696
0.179011
0.182616
0.185866
0.19038
0.194356
0.197712
0.2006
0.203098
0.205379
0.207557
0.209447
0.2112
0.212706
0.214494
0.2165
0.218432
0.22027
0.222273
0.224126
0.225826
0.227393
0.228846
0.230169
0.231366
0.232479
0.23352
0.23445
0.235418
0.236384
0.237507
0.238749
0.240046
0.241268
0.242411
0.24348
0.244472
0.245387
0.246223
0.246976
0.247642
0.248216
0.24869
0.249054
0.249294
0.249489
0.249994
0.250795
0.251657
0.252489
0.253295
0.254037
0.254734
0.255381
0.255951
0.256442
0.256864
0.257201
0.25742
0.257588
0.257824
0.257961
0.260217
0.260458
0.260602
0.260644
0.260577
0.26039
0.260065
0.259578
0.259134
0.258942
0.258969
0.258993
0.259031
0.259024
0.258963
0.258846
0.258684
0.258439
0.25811
0.257687
0.257149
0.256482
0.255918
0.255219
0.254439
0.254142
0.253776
0.253324
0.252885
0.252693
0.252467
0.252177
0.251815
0.251374
0.250909
0.25039
0.250034
0.249594
0.24906
0.248421
0.247722
0.247383
0.247012
0.246598
0.246155
0.245652
0.24509
0.244563
0.244078
0.243508
0.243003
0.242449
0.241845
0.24119
0.240482
0.239717
0.23894
0.238323
0.237696
0.237032
0.23633
0.235588
0.234801
0.233957
0.233139
0.232284
0.231465
0.23063
0.22976
0.228852
0.227926
0.226966
0.225985
0.225111
0.224207
0.223267
0.222286
0.221255
0.220296
0.219343
0.218374
0.217372
0.216337
0.215272
0.214195
0.213209
0.212213
0.211174
0.210102
0.209535
0.208931
0.208236
0.208011
0.207687
0.207253
0.206726
0.20612
0.205441
0.204727
0.203968
0.203169
0.202351
0.20156
0.200827
0.200567
0.20213
0.204915
0.207288
0.209263
0.210909
0.212278
0.213409
0.214337
0.215086
0.215677
0.216127
0.21645
0.216657
0.216756
0.216755
0.216983
0.217531
0.218061
0.218562
0.218961
0.219281
0.219506
0.219642
0.219708
0.219684
0.219585
0.219416
0.219176
0.218877
0.218537
0.218125
0.217644
0.217147
0.216587
0.215965
0.215288
0.214581
0.213819
0.212993
0.212096
0.211123
0.210087
0.208988
0.207855
0.206629
0.205299
0.20385
0.202306
0.200891
0.199386
0.197781
0.196074
0.194214
0.192168
0.190051
0.187725
0.184891
0.182561
0.179965
0.177045
0.173721
0.169875
0.165327
0.160535
0.159082
0.157498
0.155674
0.153517
0.150851
0.147258
0.141941
0.140024
0.13785
0.136402
0.134814
0.132908
0.130602
0.12779
0.124284
0.120551
0.120928
0.121179
0.121192
0.120845
0.11993
0.120672
0.121316
0.121898
0.122353
0.122694
0.122932
0.123127
0.123621
0.124093
0.124449
0.124723
0.125911
0.127011
0.127952
0.129233
0.130369
0.131368
0.132255
0.133045
0.13374
0.134364
0.134924
0.135433
0.135888
0.136355
0.136822
0.137486
0.138463
0.139552
0.140524
0.141388
0.142157
0.142839
0.143442
0.143972
0.144433
0.14483
0.145165
0.145442
0.14566
0.14582
0.14592
0.146126
0.146639
0.147266
0.147983
0.148665
0.149319
0.149922
0.150463
0.150946
0.151357
0.151711
0.152009
0.152234
0.152386
0.152718
0.152951
0.153111
0.153801
0.154429
0.154954
0.15542
0.156129
0.156824
0.157432
0.157956
0.158397
0.15882
0.159235
0.159849
0.160362
0.160783
0.161115
0.161383
0.162031
0.162646
0.163186
0.163659
0.164057
0.164385
0.164699
0.165098
0.165428
0.165839
0.166173
0.166437
0.166638
0.166779
0.166866
0.166928
0.167154
0.167357
0.167501
0.16759
0.167626
0.16761
0.167541
0.167505
0.167411
0.167316
0.167205
0.16704
0.166824
0.166567
0.166267
0.165938
0.165704
0.165418
0.16507
0.164658
0.164176
0.163744
0.163268
0.162754
0.162167
0.161503
0.160761
0.159966
0.159198
0.158333
0.15733
0.15624
0.155534
0.154673
0.15362
0.152918
0.152125
0.151231
0.150245
0.149148
0.147918
0.146554
0.145025
0.143303
0.141364
0.139116
0.13675
0.134272
0.133118
0.132994
0.132822
0.132604
0.13234
0.13203
0.131673
0.131267
0.130808
0.130292
0.129709
0.129048
0.128289
0.127394
0.126344
0.12551
0.125012
0.12468
0.124363
0.124077
0.123782
0.123495
0.123202
0.122904
0.122585
0.122256
0.121915
0.121555
0.121184
0.120817
0.120425
0.128481
0.129155
0.129781
0.130361
0.130896
0.131387
0.131835
0.132251
0.132811
0.133622
0.13461
0.135554
0.136486
0.13736
0.138175
0.138934
0.13966
0.140322
0.140926
0.141474
0.141966
0.142429
0.143038
0.143537
0.144037
0.145004
0.145851
0.14659
0.147338
0.148302
0.149207
0.150032
0.150779
0.15145
0.152116
0.152795
0.153631
0.154345
0.154973
0.155531
0.156085
0.156978
0.157788
0.158523
0.159208
0.159825
0.16038
0.160971
0.161602
0.162181
0.162806
0.163339
0.163806
0.164217
0.164577
0.164889
0.165207
0.165664
0.166078
0.16643
0.166724
0.166964
0.167149
0.167286
0.16743
0.167501
0.167581
0.167621
0.167603
0.167527
0.167411
0.167243
0.167039
0.1669
0.166686
0.166393
0.166018
0.165566
0.165132
0.164636
0.164065
0.163397
0.162632
0.161763
0.160803
0.159838
0.158765
0.157538
0.156154
0.155153
0.154032
0.15272
0.151812
0.1508
0.149651
0.148358
0.14691
0.145286
0.143497
0.141501
0.139266
0.136774
0.134013
0.130956
0.127976
0.126598
0.126685
0.12679
0.126842
0.126843
0.126792
0.126689
0.12653
0.126312
0.126029
0.125674
0.12524
0.124714
0.124083
0.123327
0.1228
0.122679
0.122674
0.122768
0.122875
0.123006
0.123133
0.123253
0.123377
0.123477
0.123563
0.123635
0.123688
0.123731
0.123778
0.1238
0.1238
0.123823
0.123825
0.123806
0.123772
0.123748
0.12371
0.123652
0.123567
0.123456
0.123337
0.123228
0.123135
0.122995
0.122818
0.122606
0.122406
0.122381
0.122292
0.122153
0.121988
0.12177
0.121501
0.121335
0.121216
0.121128
0.121593
0.121645
0.121496
0.121216
0.120834
0.120363
0.120539
0.123846
0.126357
0.128246
0.12966
0.130689
0.131394
0.132301
0.136031
0.137849
0.139741
0.141175
0.142185
0.14285
0.143229
0.143348
0.143978
0.148305
0.151643
0.154196
0.156118
0.157676
0.160417
0.162355
0.16386
0.164992
0.165822
0.166393
0.166781
0.167327
0.167742
0.167937
0.167955
0.16878
0.169477
0.169989
0.170821
0.171531
0.172125
0.172623
0.17303
0.173341
0.173571
0.173719
0.173791
0.173773
0.173725
0.173627
0.173683
0.174044
0.174568
0.175041
0.175461
0.175829
0.176144
0.176407
0.176614
0.176762
0.17685
0.176871
0.17682
0.176689
0.17647
0.176153
0.175906
0.175966
0.176176
0.176529
0.176897
0.17728
0.177648
0.17798
0.178272
0.178505
0.178684
0.178803
0.178838
0.17879
0.178902
0.178912
0.178844
0.179308
0.179758
0.18015
0.180514
0.181147
0.181811
0.182424
0.182982
0.183478
0.183969
0.184469
0.185178
0.185811
0.186379
0.186879
0.18733
0.188177
0.189045
0.189882
0.19069
0.191456
0.192177
0.192902
0.193728
0.194506
0.19539
0.196235
0.197045
0.19782
0.198561
0.199264
0.199957
0.200829
0.20171
0.202561
0.20338
0.204167
0.204918
0.205631
0.206396
0.207127
0.20788
0.208641
0.20937
0.210066
0.21074
0.211387
0.212023
0.212765
0.213478
0.214152
0.214787
0.215385
0.216053
0.216698
0.21734
0.217945
0.218515
0.219052
0.219587
0.220198
0.220783
0.221323
0.221909
0.222903
0.223775
0.224608
0.225737
0.226654
0.22744
0.228145
0.228781
0.229352
0.229877
0.230364
0.230824
0.231294
0.231766
0.23257
0.233907
0.236779
0.240078
0.242654
0.244761
0.246542
0.248073
0.249405
0.250572
0.251597
0.252499
0.253289
0.253976
0.254568
0.255071
0.255536
0.256234
0.257106
0.257956
0.258672
0.259294
0.259803
0.260225
0.260554
0.260798
0.260945
0.261009
0.26099
0.260883
0.260701
0.26045
0.260099
0.881715
0.882001
0.882943
0.884004
0.884744
0.88518
0.885351
0.885354
0.885217
0.884882
0.884359
0.883655
0.882779
0.881801
0.880727
0.879547
0.878234
0.876902
0.875454
0.873857
0.872117
0.870237
0.868217
0.866089
0.863836
0.861503
0.859047
0.856446
0.853765
0.851011
0.848121
0.845088
0.841926
0.838632
0.83531
0.831836
0.828186
0.824355
0.820334
0.816113
0.811865
0.807416
0.802831
0.798021
0.79313
0.788018
0.78263
0.776912
0.770818
0.764428
0.758003
0.751157
0.743941
0.736126
0.727535
0.719459
0.712302
0.704574
0.696212
0.687279
0.677921
0.667584
0.656159
0.643774
0.6302
0.615377
0.605134
0.593867
0.580442
0.570751
0.56584
0.56136
0.556342
0.551194
0.545838
0.541055
0.536269
0.530621
0.52402
0.51633
0.507357
0.49745
0.494393
0.491672
0.491247
0.490505
0.489827
0.489681
0.489074
0.488491
0.488617
0.489375
0.491286
0.492998
0.494503
0.495798
0.496872
0.497931
0.499638
0.501445
0.50357
0.505736
0.508424
0.510895
0.513169
0.515259
0.517178
0.5191
0.521444
0.523714
0.525858
0.527894
0.529833
0.531754
0.534006
0.5363
0.53843
0.5404
0.542226
0.544758
0.54745
0.549977
0.552349
0.554573
0.556653
0.558627
0.560497
0.562349
0.564122
0.566409
0.568895
0.57114
0.573178
0.575034
0.576725
0.578384
0.580142
0.581838
0.583493
0.584979
0.586451
0.587874
0.589181
0.590551
0.592
0.593641
0.595379
0.596934
0.598313
0.599529
0.600596
0.601523
0.60247
0.603311
0.604155
0.604898
0.605679
0.606448
0.607296
0.608002
0.608563
0.609162
0.609788
0.610341
0.61092
0.611394
0.611757
0.61207
0.612375
0.612579
0.612686
0.612767
0.612916
0.612945
0.612873
0.61279
0.612721
0.612653
0.612566
0.61237
0.612084
0.611729
0.611287
0.610901
0.610436
0.609934
0.609385
0.608781
0.608088
0.607277
0.606348
0.605302
0.604137
0.602956
0.601819
0.600617
0.599358
0.59797
0.596498
0.595046
0.593415
0.591604
0.589654
0.587532
0.58523
0.582693
0.579891
0.576788
0.573324
0.569775
0.567273
0.564861
0.56232
0.559578
0.556621
0.553396
0.549878
0.546038
0.541824
0.537239
0.532571
0.527435
0.521636
0.515031
0.507844
0.506157
0.504392
0.502519
0.50053
0.498394
0.496103
0.493711
0.491204
0.488504
0.48559
0.482441
0.479031
0.476486
0.474637
0.473375
0.472072
0.471377
0.470631
0.46981
0.468915
0.467947
0.466902
0.46585
0.464842
0.463907
0.463083
0.46214
0.4613
0.460699
0.460149
0.459571
0.459205
0.45906
0.459185
0.459198
0.459098
0.458894
0.458594
0.458378
0.460163
0.461711
0.463052
0.464198
0.466379
0.469197
0.473287
0.476768
0.479732
0.487639
0.495449
0.502311
0.508405
0.513794
0.51857
0.523565
0.529634
0.535145
0.540156
0.547011
0.560673
0.57172
0.580945
0.589002
0.596137
0.60741
0.619313
0.629719
0.638876
0.647175
0.654785
0.661889
0.668347
0.675879
0.684159
0.691352
0.697651
0.70317
0.707996
0.712173
0.715738
0.71894
0.72275
0.72637
0.730425
0.734146
0.737596
0.741022
0.744102
0.746913
0.749556
0.752105
0.754642
0.756883
0.758801
0.760364
0.76153
0.762789
0.765093
0.767422
0.769687
0.771793
0.773771
0.775556
0.777144
0.77853
0.779705
0.780841
0.782742
0.784602
0.786265
0.787736
0.789064
0.790976
0.792834
0.79458
0.79619
0.797646
0.79895
0.800362
0.801843
0.803154
0.804281
0.805214
0.805939
0.806924
0.80807
0.809357
0.810536
0.81212
0.81365
0.814999
0.816172
0.817173
0.817998
0.818723
0.881715
0.882001
0.882943
0.884004
0.884744
0.88518
0.885351
0.885354
0.885217
0.884882
0.884359
0.883655
0.882779
0.881801
0.880727
0.879547
0.878234
0.876902
0.875454
0.873857
0.872117
0.870237
0.868217
0.866089
0.863836
0.861503
0.859047
0.856446
0.853765
0.851011
0.848121
0.845088
0.841926
0.838632
0.83531
0.831836
0.828186
0.824355
0.820334
0.816113
0.811865
0.807416
0.802831
0.798021
0.79313
0.788018
0.78263
0.776912
0.770818
0.764428
0.758003
0.751157
0.743941
0.736126
0.727535
0.719459
0.712302
0.704574
0.696212
0.687279
0.677921
0.667584
0.656159
0.643774
0.6302
0.615377
0.605134
0.593867
0.580442
0.570751
0.56584
0.56136
0.556342
0.551194
0.545838
0.541055
0.536269
0.530621
0.52402
0.51633
0.507357
0.49745
0.494393
0.491672
0.491247
0.490505
0.489827
0.489681
0.489074
0.488491
0.488617
0.489375
0.491286
0.492998
0.494503
0.495798
0.496872
0.497931
0.499638
0.501445
0.50357
0.505736
0.508424
0.510895
0.513169
0.515259
0.517178
0.5191
0.521444
0.523714
0.525858
0.527894
0.529833
0.531754
0.534006
0.5363
0.53843
0.5404
0.542226
0.544758
0.54745
0.549977
0.552349
0.554573
0.556653
0.558627
0.560497
0.562349
0.564122
0.566409
0.568895
0.57114
0.573178
0.575034
0.576725
0.578384
0.580142
0.581838
0.583493
0.584979
0.586451
0.587874
0.589181
0.590551
0.592
0.593641
0.595379
0.596934
0.598313
0.599529
0.600596
0.601523
0.60247
0.603311
0.604155
0.604898
0.605679
0.606448
0.607296
0.608002
0.608563
0.609162
0.609788
0.610341
0.61092
0.611394
0.611757
0.61207
0.612375
0.612579
0.612686
0.612767
0.612916
0.612945
0.612873
0.61279
0.612721
0.612653
0.612566
0.61237
0.612084
0.611729
0.611287
0.610901
0.610436
0.609934
0.609385
0.608781
0.608088
0.607277
0.606348
0.605302
0.604137
0.602956
0.601819
0.600617
0.599358
0.59797
0.596498
0.595046
0.593415
0.591604
0.589654
0.587532
0.58523
0.582693
0.579891
0.576788
0.573324
0.569775
0.567273
0.564861
0.56232
0.559578
0.556621
0.553396
0.549878
0.546038
0.541824
0.537239
0.532571
0.527435
0.521636
0.515031
0.507844
0.506157
0.504392
0.502519
0.50053
0.498394
0.496103
0.493711
0.491204
0.488504
0.48559
0.482441
0.479031
0.476486
0.474637
0.473375
0.472072
0.471377
0.470631
0.46981
0.468915
0.467947
0.466902
0.46585
0.464842
0.463907
0.463083
0.46214
0.4613
0.460699
0.460149
0.459571
0.459205
0.45906
0.459185
0.459198
0.459098
0.458894
0.458594
0.458378
0.460163
0.461711
0.463052
0.464198
0.466379
0.469197
0.473287
0.476768
0.479732
0.487639
0.495449
0.502311
0.508405
0.513794
0.51857
0.523565
0.529634
0.535145
0.540156
0.547011
0.560673
0.57172
0.580945
0.589002
0.596137
0.60741
0.619313
0.629719
0.638876
0.647175
0.654785
0.661889
0.668347
0.675879
0.684159
0.691352
0.697651
0.70317
0.707996
0.712173
0.715738
0.71894
0.72275
0.72637
0.730425
0.734146
0.737596
0.741022
0.744102
0.746913
0.749556
0.752105
0.754642
0.756883
0.758801
0.760364
0.76153
0.762789
0.765093
0.767422
0.769687
0.771793
0.773771
0.775556
0.777144
0.77853
0.779705
0.780841
0.782742
0.784602
0.786265
0.787736
0.789064
0.790976
0.792834
0.79458
0.79619
0.797646
0.79895
0.800362
0.801843
0.803154
0.804281
0.805214
0.805939
0.806924
0.80807
0.809357
0.810536
0.81212
0.81365
0.814999
0.816172
0.817173
0.817998
0.818723
0.260217
0.260458
0.260602
0.260644
0.260577
0.26039
0.260065
0.259578
0.259134
0.258942
0.258969
0.258993
0.259031
0.259024
0.258963
0.258846
0.258684
0.258439
0.25811
0.257687
0.257149
0.256482
0.255918
0.255219
0.254439
0.254142
0.253776
0.253324
0.252885
0.252693
0.252467
0.252177
0.251815
0.251374
0.250909
0.25039
0.250034
0.249594
0.24906
0.248421
0.247722
0.247383
0.247012
0.246598
0.246155
0.245652
0.24509
0.244563
0.244078
0.243508
0.243003
0.242449
0.241845
0.24119
0.240482
0.239717
0.23894
0.238323
0.237696
0.237032
0.23633
0.235588
0.234801
0.233957
0.233139
0.232284
0.231465
0.23063
0.22976
0.228852
0.227926
0.226966
0.225985
0.225111
0.224207
0.223267
0.222286
0.221255
0.220296
0.219343
0.218374
0.217372
0.216337
0.215272
0.214195
0.213209
0.212213
0.211174
0.210102
0.209535
0.208931
0.208236
0.208011
0.207687
0.207253
0.206726
0.20612
0.205441
0.204727
0.203968
0.203169
0.202351
0.20156
0.200827
0.200567
0.20213
0.204915
0.207288
0.209263
0.210909
0.212278
0.213409
0.214337
0.215086
0.215677
0.216127
0.21645
0.216657
0.216756
0.216755
0.216983
0.217531
0.218061
0.218562
0.218961
0.219281
0.219506
0.219642
0.219708
0.219684
0.219585
0.219416
0.219176
0.218877
0.218537
0.218125
0.217644
0.217147
0.216587
0.215965
0.215288
0.214581
0.213819
0.212993
0.212096
0.211123
0.210087
0.208988
0.207855
0.206629
0.205299
0.20385
0.202306
0.200891
0.199386
0.197781
0.196074
0.194214
0.192168
0.190051
0.187725
0.184891
0.182561
0.179965
0.177045
0.173721
0.169875
0.165327
0.160535
0.159082
0.157498
0.155674
0.153517
0.150851
0.147258
0.141941
0.140024
0.13785
0.136402
0.134814
0.132908
0.130602
0.12779
0.124284
0.120551
0.120928
0.121179
0.121192
0.120845
0.11993
0.120672
0.121316
0.121898
0.122353
0.122694
0.122932
0.123127
0.123621
0.124093
0.124449
0.124723
0.125911
0.127011
0.127952
0.129233
0.130369
0.131368
0.132255
0.133045
0.13374
0.134364
0.134924
0.135433
0.135888
0.136355
0.136822
0.137486
0.138463
0.139552
0.140524
0.141388
0.142157
0.142839
0.143442
0.143972
0.144433
0.14483
0.145165
0.145442
0.14566
0.14582
0.14592
0.146126
0.146639
0.147266
0.147983
0.148665
0.149319
0.149922
0.150463
0.150946
0.151357
0.151711
0.152009
0.152234
0.152386
0.152718
0.152951
0.153111
0.153801
0.154429
0.154954
0.15542
0.156129
0.156824
0.157432
0.157956
0.158397
0.15882
0.159235
0.159849
0.160362
0.160783
0.161115
0.161383
0.162031
0.162646
0.163186
0.163659
0.164057
0.164385
0.164699
0.165098
0.165428
0.165839
0.166173
0.166437
0.166638
0.166779
0.166866
0.166928
0.167154
0.167357
0.167501
0.16759
0.167626
0.16761
0.167541
0.167505
0.167411
0.167316
0.167205
0.16704
0.166824
0.166567
0.166267
0.165938
0.165704
0.165418
0.16507
0.164658
0.164176
0.163744
0.163268
0.162754
0.162167
0.161503
0.160761
0.159966
0.159198
0.158333
0.15733
0.15624
0.155534
0.154673
0.15362
0.152918
0.152125
0.151231
0.150245
0.149148
0.147918
0.146554
0.145025
0.143303
0.141364
0.139116
0.13675
0.134272
0.133118
0.132994
0.132822
0.132604
0.13234
0.13203
0.131673
0.131267
0.130808
0.130292
0.129709
0.129048
0.128289
0.127394
0.126344
0.12551
0.125012
0.12468
0.124363
0.124077
0.123782
0.123495
0.123202
0.122904
0.122585
0.122256
0.121915
0.121555
0.121184
0.120817
0.120425
0.128481
0.129155
0.129781
0.130361
0.130896
0.131387
0.131835
0.132251
0.132811
0.133622
0.13461
0.135554
0.136486
0.13736
0.138175
0.138934
0.13966
0.140322
0.140926
0.141474
0.141966
0.142429
0.143038
0.143537
0.144037
0.145004
0.145851
0.14659
0.147338
0.148302
0.149207
0.150032
0.150779
0.15145
0.152116
0.152795
0.153631
0.154345
0.154973
0.155531
0.156085
0.156978
0.157788
0.158523
0.159208
0.159825
0.16038
0.160971
0.161602
0.162181
0.162806
0.163339
0.163806
0.164217
0.164577
0.164889
0.165207
0.165664
0.166078
0.16643
0.166724
0.166964
0.167149
0.167286
0.16743
0.167501
0.167581
0.167621
0.167603
0.167527
0.167411
0.167243
0.167039
0.1669
0.166686
0.166393
0.166018
0.165566
0.165132
0.164636
0.164065
0.163397
0.162632
0.161763
0.160803
0.159838
0.158765
0.157538
0.156154
0.155153
0.154032
0.15272
0.151812
0.1508
0.149651
0.148358
0.14691
0.145286
0.143497
0.141501
0.139266
0.136774
0.134013
0.130956
0.127976
0.126598
0.126685
0.12679
0.126842
0.126843
0.126792
0.126689
0.12653
0.126312
0.126029
0.125674
0.12524
0.124714
0.124083
0.123327
0.1228
0.122679
0.122674
0.122768
0.122875
0.123006
0.123133
0.123253
0.123377
0.123477
0.123563
0.123635
0.123688
0.123731
0.123778
0.1238
0.1238
0.123823
0.123825
0.123806
0.123772
0.123748
0.12371
0.123652
0.123567
0.123456
0.123337
0.123228
0.123135
0.122995
0.122818
0.122606
0.122406
0.122381
0.122292
0.122153
0.121988
0.12177
0.121501
0.121335
0.121216
0.121128
0.121593
0.121645
0.121496
0.121216
0.120834
0.120363
0.120539
0.123846
0.126357
0.128246
0.12966
0.130689
0.131394
0.132301
0.136031
0.137849
0.139741
0.141175
0.142185
0.14285
0.143229
0.143348
0.143978
0.148305
0.151643
0.154196
0.156118
0.157676
0.160417
0.162355
0.16386
0.164992
0.165822
0.166393
0.166781
0.167327
0.167742
0.167937
0.167955
0.16878
0.169477
0.169989
0.170821
0.171531
0.172125
0.172623
0.17303
0.173341
0.173571
0.173719
0.173791
0.173773
0.173725
0.173627
0.173683
0.174044
0.174568
0.175041
0.175461
0.175829
0.176144
0.176407
0.176614
0.176762
0.17685
0.176871
0.17682
0.176689
0.17647
0.176153
0.175906
0.175966
0.176176
0.176529
0.176897
0.17728
0.177648
0.17798
0.178272
0.178505
0.178684
0.178803
0.178838
0.17879
0.178902
0.178912
0.178844
0.179308
0.179758
0.18015
0.180514
0.181147
0.181811
0.182424
0.182982
0.183478
0.183969
0.184469
0.185178
0.185811
0.186379
0.186879
0.18733
0.188177
0.189045
0.189882
0.19069
0.191456
0.192177
0.192902
0.193728
0.194506
0.19539
0.196235
0.197045
0.19782
0.198561
0.199264
0.199957
0.200829
0.20171
0.202561
0.20338
0.204167
0.204918
0.205631
0.206396
0.207127
0.20788
0.208641
0.20937
0.210066
0.21074
0.211387
0.212023
0.212765
0.213478
0.214152
0.214787
0.215385
0.216053
0.216698
0.21734
0.217945
0.218515
0.219052
0.219587
0.220198
0.220783
0.221323
0.221909
0.222903
0.223775
0.224608
0.225737
0.226654
0.22744
0.228145
0.228781
0.229352
0.229877
0.230364
0.230824
0.231294
0.231766
0.23257
0.233907
0.236779
0.240078
0.242654
0.244761
0.246542
0.248073
0.249405
0.250572
0.251597
0.252499
0.253289
0.253976
0.254568
0.255071
0.255536
0.256234
0.257106
0.257956
0.258672
0.259294
0.259803
0.260225
0.260554
0.260798
0.260945
0.261009
0.26099
0.260883
0.260701
0.26045
0.260099
