1.86022
1.86022
1.8602
1.86016
1.8601
1.86002
1.85992
1.85981
1.85967
1.85952
1.85935
1.85916
1.85897
1.85876
1.85854
1.85832
1.85809
1.85786
1.8576
1.85734
1.85706
1.85675
1.85644
1.8561
1.85575
1.85539
1.85501
1.85462
1.85424
1.85385
1.85344
1.85302
1.85258
1.85214
1.8517
1.85125
1.85079
1.85031
1.84981
1.8493
1.8488
1.84831
1.84781
1.84732
1.84681
1.84639
1.84601
1.84562
1.84521
1.84479
1.84438
1.84395
1.84357
1.84324
1.8429
1.84258
1.84239
1.84219
1.84199
1.84177
1.84157
1.84141
1.84126
1.84111
1.84095
1.84078
1.84061
1.84044
1.84027
1.84009
1.84002
1.84005
1.84006
1.84007
1.84006
1.84005
1.84003
1.84
1.83997
1.84004
1.84019
1.84033
1.84049
1.84075
1.841
1.84125
1.84148
1.84171
1.84193
1.84214
1.84233
1.84252
1.8427
1.84287
1.84307
1.84328
1.84349
1.8437
1.84394
1.84419
1.84447
1.84474
1.84501
1.84526
1.8455
1.84573
1.84594
1.84615
1.84635
1.84653
1.8467
1.84686
1.84701
1.84714
1.84727
1.8474
1.84753
1.84767
1.84783
1.84805
1.84826
1.84847
1.84867
1.84886
1.84903
1.84918
1.84932
1.84945
1.84956
1.84965
1.84973
1.84979
1.84985
1.84991
1.84996
1.84999
1.85005
1.85009
1.85012
1.85016
1.85019
1.8502
1.8502
1.85017
1.85014
1.85013
1.8501
1.85005
1.85
1.84993
1.84985
1.84974
1.84962
1.84951
1.8494
1.84929
1.84916
1.84901
1.84885
1.8487
1.84856
1.84841
1.84825
1.8481
1.84793
1.84775
1.84756
1.84735
1.84712
1.84688
1.84666
1.84643
1.84621
1.846
1.84584
1.84571
1.84558
1.84542
1.84524
1.84505
1.84487
1.84476
1.84472
1.84469
1.84463
1.84456
1.84446
1.84446
1.84444
1.8444
1.84437
1.84434
1.84428
1.84421
1.84412
1.844
1.84389
1.84379
1.84366
1.84356
1.84348
1.84337
1.84326
1.84314
1.843
1.84285
1.84268
1.84249
1.84229
1.84207
1.84183
1.84158
1.84131
1.84102
1.84076
1.8405
1.84024
1.83998
1.83972
1.8395
1.83944
1.83936
1.83927
1.83916
1.83904
1.83891
1.83876
1.83859
1.83841
1.83822
1.83801
1.83779
1.83755
1.8373
1.83703
1.83678
1.83654
1.83637
1.83624
1.83611
1.83596
1.83583
1.83569
1.83554
1.83538
1.8352
1.83501
1.83481
1.8346
1.83438
1.83414
1.83389
1.83366
1.83344
1.8332
1.83297
1.83275
1.83252
1.83229
1.83205
1.83179
1.83153
1.83126
1.83097
1.83068
1.83041
1.83013
1.82983
1.82957
1.82932
1.82905
1.82877
1.82849
1.82822
1.82796
1.82771
1.82745
1.82719
1.82691
1.82664
1.82638
1.82616
1.82594
1.82574
1.82552
1.82538
1.82526
1.82513
1.825
1.82487
1.82474
1.82461
1.82451
1.82443
1.82436
1.82432
1.82437
1.82441
1.82445
1.82449
1.82455
1.8247
1.82485
1.82499
1.82513
1.82527
1.8254
1.82556
1.82571
1.82585
1.82617
1.82662
1.82706
1.82749
1.82792
1.82833
1.82874
1.82914
1.82954
1.83
1.83051
1.83101
1.83152
1.83215
1.83278
1.83339
1.83399
1.83458
1.83516
1.83573
1.8363
1.83685
1.83738
1.83791
1.83852
1.83913
1.83974
1.84035
1.84097
1.84158
1.84222
1.84284
1.84345
1.84405
1.84463
1.8452
1.84575
1.84629
1.84681
1.84732
1.84781
1.84829
1.84876
1.84921
1.84964
1.85007
1.85049
1.8509
1.85135
1.85189
1.86022
1.86022
1.8602
1.86016
1.8601
1.86002
1.85992
1.85981
1.85967
1.85952
1.85935
1.85916
1.85897
1.85876
1.85854
1.85832
1.85809
1.85786
1.8576
1.85734
1.85706
1.85675
1.85644
1.8561
1.85575
1.85539
1.85501
1.85462
1.85424
1.85385
1.85344
1.85302
1.85258
1.85214
1.8517
1.85125
1.85079
1.85031
1.84981
1.8493
1.8488
1.84831
1.84781
1.84732
1.84681
1.84639
1.84601
1.84562
1.84521
1.84479
1.84438
1.84395
1.84357
1.84324
1.8429
1.84258
1.84239
1.84219
1.84199
1.84177
1.84157
1.84141
1.84126
1.84111
1.84095
1.84078
1.84061
1.84044
1.84027
1.84009
1.84002
1.84005
1.84006
1.84007
1.84006
1.84005
1.84003
1.84
1.83997
1.84004
1.84019
1.84033
1.84049
1.84075
1.841
1.84125
1.84148
1.84171
1.84193
1.84214
1.84233
1.84252
1.8427
1.84287
1.84307
1.84328
1.84349
1.8437
1.84394
1.84419
1.84447
1.84474
1.84501
1.84526
1.8455
1.84573
1.84594
1.84615
1.84635
1.84653
1.8467
1.84686
1.84701
1.84714
1.84727
1.8474
1.84753
1.84767
1.84783
1.84805
1.84826
1.84847
1.84867
1.84886
1.84903
1.84918
1.84932
1.84945
1.84956
1.84965
1.84973
1.84979
1.84985
1.84991
1.84996
1.84999
1.85005
1.85009
1.85012
1.85016
1.85019
1.8502
1.8502
1.85017
1.85014
1.85013
1.8501
1.85005
1.85
1.84993
1.84985
1.84974
1.84962
1.84951
1.8494
1.84929
1.84916
1.84901
1.84885
1.8487
1.84856
1.84841
1.84825
1.8481
1.84793
1.84775
1.84756
1.84735
1.84712
1.84688
1.84666
1.84643
1.84621
1.846
1.84584
1.84571
1.84558
1.84542
1.84524
1.84505
1.84487
1.84476
1.84472
1.84469
1.84463
1.84456
1.84446
1.84446
1.84444
1.8444
1.84437
1.84434
1.84428
1.84421
1.84412
1.844
1.84389
1.84379
1.84366
1.84356
1.84348
1.84337
1.84326
1.84314
1.843
1.84285
1.84268
1.84249
1.84229
1.84207
1.84183
1.84158
1.84131
1.84102
1.84076
1.8405
1.84024
1.83998
1.83972
1.8395
1.83944
1.83936
1.83927
1.83916
1.83904
1.83891
1.83876
1.83859
1.83841
1.83822
1.83801
1.83779
1.83755
1.8373
1.83703
1.83678
1.83654
1.83637
1.83624
1.83611
1.83596
1.83583
1.83569
1.83554
1.83538
1.8352
1.83501
1.83481
1.8346
1.83438
1.83414
1.83389
1.83366
1.83344
1.8332
1.83297
1.83275
1.83252
1.83229
1.83205
1.83179
1.83153
1.83126
1.83097
1.83068
1.83041
1.83013
1.82983
1.82957
1.82932
1.82905
1.82877
1.82849
1.82822
1.82796
1.82771
1.82745
1.82719
1.82691
1.82664
1.82638
1.82616
1.82594
1.82574
1.82552
1.82538
1.82526
1.82513
1.825
1.82487
1.82474
1.82461
1.82451
1.82443
1.82436
1.82432
1.82437
1.82441
1.82445
1.82449
1.82455
1.8247
1.82485
1.82499
1.82513
1.82527
1.8254
1.82556
1.82571
1.82585
1.82617
1.82662
1.82706
1.82749
1.82792
1.82833
1.82874
1.82914
1.82954
1.83
1.83051
1.83101
1.83152
1.83215
1.83278
1.83339
1.83399
1.83458
1.83516
1.83573
1.8363
1.83685
1.83738
1.83791
1.83852
1.83913
1.83974
1.84035
1.84097
1.84158
1.84222
1.84284
1.84345
1.84405
1.84463
1.8452
1.84575
1.84629
1.84681
1.84732
1.84781
1.84829
1.84876
1.84921
1.84964
1.85007
1.85049
1.8509
1.85135
1.85189
0.175723
0.176754
0.177687
0.178521
0.179256
0.179889
0.180418
0.180837
0.181212
0.181646
0.182306
0.183014
0.183923
0.184747
0.185587
0.186372
0.187086
0.187735
0.188335
0.188871
0.189338
0.189732
0.190053
0.190327
0.190543
0.190671
0.190732
0.190924
0.191113
0.191235
0.191316
0.191399
0.191589
0.191736
0.191841
0.191917
0.191973
0.191986
0.192003
0.191995
0.191943
0.191853
0.191718
0.191549
0.191425
0.191296
0.19113
0.19093
0.190708
0.190449
0.190177
0.189889
0.189619
0.189333
0.189024
0.188683
0.188313
0.187913
0.187498
0.187073
0.186665
0.18627
0.18588
0.18547
0.185039
0.184579
0.18409
0.183573
0.183062
0.182547
0.182046
0.181536
0.181033
0.180502
0.179977
0.17943
0.178852
0.178275
0.177818
0.177336
0.176815
0.176259
0.175674
0.175156
0.174708
0.174205
0.1737
0.173174
0.17261
0.172009
0.171445
0.170881
0.170336
0.169759
0.169166
0.168693
0.168211
0.167688
0.167208
0.166738
0.166217
0.165654
0.16505
0.164421
0.163781
0.163116
0.162419
0.161708
0.161025
0.160315
0.159661
0.159022
0.158474
0.157969
0.157448
0.156889
0.156298
0.155675
0.155023
0.154345
0.153639
0.152912
0.152157
0.151376
0.150568
0.149733
0.148873
0.147985
0.147131
0.146405
0.145752
0.145073
0.144411
0.143704
0.143007
0.142291
0.141546
0.140773
0.139994
0.139188
0.138347
0.137465
0.136545
0.13584
0.135242
0.134543
0.13422
0.134164
0.133924
0.133547
0.133361
0.133206
0.133068
0.132832
0.132497
0.132093
0.131701
0.131206
0.131447
0.132042
0.132364
0.132455
0.132344
0.132726
0.133857
0.134683
0.135245
0.135586
0.135748
0.135699
0.135845
0.136073
0.136725
0.137518
0.138342
0.138928
0.139297
0.139458
0.139422
0.139217
0.139016
0.138969
0.13937
0.139714
0.139907
0.139948
0.139833
0.139567
0.139165
0.138607
0.137934
0.13734
0.137496
0.137546
0.13752
0.137387
0.137134
0.136773
0.136461
0.136296
0.136049
0.135712
0.135282
0.134777
0.134219
0.133553
0.133133
0.13269
0.132145
0.131491
0.130746
0.130048
0.12983
0.129539
0.129171
0.128787
0.128575
0.128316
0.128025
0.127706
0.127386
0.127014
0.126589
0.126113
0.125605
0.125044
0.124421
0.123755
0.123089
0.122344
0.121747
0.121215
0.121002
0.121006
0.120991
0.120925
0.120815
0.120684
0.120523
0.120325
0.120089
0.119817
0.119509
0.119165
0.118785
0.118369
0.117915
0.117422
0.117231
0.117803
0.118781
0.119685
0.120591
0.121361
0.122079
0.122714
0.123264
0.123738
0.124157
0.124511
0.124797
0.12502
0.125183
0.125724
0.126456
0.127021
0.127924
0.129064
0.12999
0.130765
0.131576
0.132338
0.133016
0.133599
0.134091
0.134513
0.134892
0.135196
0.135581
0.135987
0.136297
0.136525
0.136676
0.13685
0.137076
0.137235
0.13733
0.137366
0.137372
0.137321
0.137271
0.137188
0.137084
0.13698
0.136859
0.136688
0.136488
0.136239
0.135954
0.135637
0.135336
0.135079
0.134818
0.134534
0.134229
0.133886
0.133504
0.133094
0.132679
0.132251
0.131877
0.131526
0.131186
0.13081
0.130425
0.13001
0.129558
0.129096
0.128724
0.128362
0.127977
0.12756
0.127117
0.126736
0.126396
0.126011
0.125635
0.125241
0.124812
0.124348
0.1239
0.123454
0.123046
0.122607
0.122171
0.121798
0.12144
0.121052
0.120681
0.120315
0.11992
0.119494
0.119036
0.118558
0.118093
0.117612
0.117104
0.116589
0.1161
0.115583
0.115097
0.114612
0.114172
0.11376
0.113327
0.112864
0.112374
0.111861
0.111336
0.110821
0.100924
0.101454
0.101952
0.102416
0.102845
0.103233
0.103576
0.103864
0.104158
0.104606
0.105415
0.106364
0.107544
0.108654
0.109797
0.1109
0.111956
0.112969
0.113956
0.114907
0.115815
0.116681
0.117504
0.118313
0.119116
0.119886
0.120649
0.121598
0.122552
0.12345
0.124324
0.125225
0.126228
0.127177
0.128072
0.128933
0.129772
0.13057
0.131372
0.132157
0.132906
0.133625
0.134308
0.13497
0.135686
0.136423
0.137135
0.137813
0.138469
0.13909
0.139701
0.1403
0.140929
0.141543
0.142138
0.142707
0.143277
0.143812
0.144333
0.144839
0.145365
0.145916
0.146482
0.147022
0.147534
0.148005
0.148435
0.148824
0.1492
0.149576
0.150006
0.150458
0.150912
0.151324
0.151732
0.152106
0.152432
0.152733
0.15312
0.153536
0.153927
0.154264
0.154546
0.154884
0.155307
0.155693
0.156086
0.156456
0.156781
0.157062
0.15737
0.157672
0.157974
0.158219
0.158423
0.158706
0.158993
0.159225
0.159466
0.159732
0.159971
0.160167
0.16032
0.16044
0.16054
0.1606
0.160613
0.160595
0.160582
0.160519
0.160483
0.160427
0.160416
0.160425
0.160413
0.160348
0.160229
0.160058
0.159839
0.159582
0.159264
0.158886
0.158442
0.15793
0.157346
0.156686
0.155943
0.155108
0.154231
0.153433
0.152703
0.151941
0.151171
0.150321
0.149439
0.148483
0.14743
0.146283
0.145054
0.143711
0.142235
0.140605
0.138799
0.137054
0.135379
0.133547
0.131971
0.13071
0.129346
0.127864
0.126572
0.125325
0.124073
0.122668
0.121095
0.119357
0.117512
0.115395
0.113818
0.112729
0.111501
0.110121
0.10856
0.107424
0.107167
0.106925
0.10659
0.106173
0.1057
0.105125
0.104852
0.104793
0.105168
0.105649
0.106312
0.106893
0.107387
0.107798
0.108135
0.108427
0.108861
0.109625
0.110922
0.112193
0.113358
0.114423
0.115395
0.116305
0.117159
0.117972
0.118804
0.119861
0.121673
0.123338
0.124905
0.126361
0.127711
0.128982
0.130345
0.131813
0.133151
0.134373
0.135492
0.13654
0.137551
0.138485
0.139686
0.140869
0.141968
0.142985
0.143953
0.145021
0.146534
0.147917
0.149195
0.150435
0.15178
0.152994
0.154102
0.155109
0.156015
0.156823
0.157537
0.158166
0.158731
0.159219
0.159622
0.159968
0.160302
0.160552
0.160942
0.161382
0.162072
0.162901
0.163637
0.16425
0.164746
0.165131
0.165405
0.165566
0.16561
0.165544
0.165352
0.165027
0.16456
0.163935
0.163126
0.162094
0.161127
0.160847
0.161152
0.161555
0.162058
0.162485
0.162895
0.163238
0.163496
0.163668
0.163762
0.16375
0.163612
0.163328
0.162863
0.162633
0.162665
0.162594
0.162828
0.163438
0.16402
0.16456
0.165222
0.16592
0.166604
0.167248
0.167855
0.168433
0.168996
0.169499
0.170088
0.170763
0.171407
0.172025
0.172606
0.173228
0.173946
0.174655
0.175339
0.176002
0.176665
0.177299
0.177955
0.178601
0.179232
0.179867
0.180511
0.181129
0.181726
0.182295
0.182844
0.183373
0.183921
0.184499
0.185099
0.185687
0.186261
0.186802
0.187306
0.187773
0.188231
0.188691
0.189166
0.18964
0.190131
0.190586
0.191032
0.191448
0.191825
0.192183
0.192618
0.193057
0.193454
0.193805
0.194107
0.194419
0.194783
0.195115
0.195462
0.195791
0.196082
0.196333
0.1966
0.196868
0.197159
0.197401
0.197596
0.197814
0.198052
0.198242
0.198422
0.198603
0.198743
0.198843
0.198904
0.198933
0.198962
0.198965
0.198927
0.198871
0.198829
0.198748
0.198686
0.198611
0.198555
0.198508
0.198428
0.198303
0.198134
0.197922
0.197665
0.197365
0.372876
0.374631
0.376311
0.37791
0.379425
0.380863
0.382357
0.383911
0.385436
0.386944
0.388374
0.389721
0.391014
0.392226
0.393345
0.394369
0.395306
0.396522
0.39813
0.39983
0.402272
0.404661
0.406889
0.409054
0.411115
0.413013
0.4148
0.416482
0.418004
0.41939
0.420584
0.421577
0.422358
0.423054
0.423716
0.42478
0.425982
0.427455
0.429475
0.431198
0.432615
0.434101
0.435712
0.437123
0.438272
0.439202
0.43986
0.440403
0.440913
0.442347
0.443727
0.444922
0.446288
0.447638
0.448823
0.44981
0.450608
0.451097
0.451937
0.453853
0.455928
0.457776
0.459401
0.461176
0.463072
0.464771
0.466279
0.467685
0.469482
0.471584
0.473487
0.475225
0.476799
0.478195
0.479849
0.481849
0.483776
0.485703
0.487637
0.489595
0.491822
0.493898
0.495828
0.497752
0.499746
0.501725
0.503625
0.50536
0.506944
0.508791
0.510764
0.512753
0.51482
0.516796
0.518652
0.520378
0.521982
0.523473
0.524894
0.526226
0.527615
0.528987
0.530249
0.531509
0.532779
0.533909
0.535104
0.536466
0.537726
0.538903
0.539998
0.540965
0.54181
0.542535
0.543148
0.543681
0.544111
0.544437
0.544676
0.544827
0.544942
0.545158
0.545223
0.545133
0.544892
0.544512
0.544144
0.543735
0.543214
0.542573
0.541798
0.540883
0.539924
0.538838
0.5376
0.536211
0.534686
0.533054
0.531263
0.529294
0.527272
0.525641
0.523837
0.522402
0.521141
0.519777
0.518374
0.516939
0.515388
0.513735
0.511941
0.510001
0.507902
0.505679
0.503583
0.501982
0.500295
0.498531
0.496722
0.494819
0.492799
0.491035
0.489606
0.488451
0.487342
0.486169
0.484927
0.484074
0.483224
0.482556
0.481902
0.481212
0.480553
0.479905
0.479245
0.478575
0.477881
0.477133
0.476601
0.47639
0.476196
0.475974
0.475729
0.475524
0.47534
0.475121
0.474867
0.47464
0.474583
0.47469
0.47476
0.474813
0.474891
0.474997
0.475143
0.475333
0.475528
0.475747
0.476082
0.47645
0.476883
0.47728
0.477642
0.477996
0.478354
0.47876
0.479173
0.479539
0.479867
0.480258
0.480641
0.481027
0.481577
0.482138
0.482755
0.483335
0.483892
0.48443
0.48509
0.485732
0.486461
0.48723
0.48796
0.48869
0.489422
0.490106
0.490809
0.491522
0.492193
0.492898
0.493667
0.494403
0.495101
0.495761
0.49641
0.497117
0.497799
0.498462
0.499468
0.500693
0.502441
0.504344
0.506146
0.507846
0.509448
0.510957
0.512416
0.513868
0.515269
0.516629
0.517915
0.519126
0.520304
0.521423
0.522471
0.523451
0.524512
0.526723
0.52984
0.532783
0.535562
0.538124
0.540476
0.54264
0.544631
0.546465
0.548158
0.549725
0.551173
0.552521
0.553726
0.554791
0.555721
0.558516
0.561354
0.563879
0.566118
0.568029
0.569662
0.571
0.572068
0.572924
0.573557
0.573992
0.574216
0.574247
0.574087
0.573791
0.573617
0.573465
0.573205
0.572741
0.572063
0.571184
0.570134
0.568921
0.567546
0.565976
0.564258
0.562488
0.560603
0.558616
0.556458
0.554232
0.551918
0.54944
0.5468
0.544026
0.541152
0.538201
0.535241
0.532289
0.529219
0.526009
0.522823
0.519664
0.51644
0.513226
0.509951
0.506633
0.503272
0.499768
0.496143
0.492491
0.488746
0.484853
0.480807
0.4766
0.472237
0.46814
0.464185
0.460514
0.456942
0.453346
0.449945
0.446447
0.442836
0.439115
0.435355
0.431524
0.428045
0.424762
0.421313
0.417739
0.41404
0.410162
0.40619
0.402596
0.398999
0.396251
0.394137
0.391933
0.389616
0.387188
0.384655
0.38203
0.379294
0.37645
0.373719
0.371114
0.372876
0.374631
0.376311
0.37791
0.379425
0.380863
0.382357
0.383911
0.385436
0.386944
0.388374
0.389721
0.391014
0.392226
0.393345
0.394369
0.395306
0.396522
0.39813
0.39983
0.402272
0.404661
0.406889
0.409054
0.411115
0.413013
0.4148
0.416482
0.418004
0.41939
0.420584
0.421577
0.422358
0.423054
0.423716
0.42478
0.425982
0.427455
0.429475
0.431198
0.432615
0.434101
0.435712
0.437123
0.438272
0.439202
0.43986
0.440403
0.440913
0.442347
0.443727
0.444922
0.446288
0.447638
0.448823
0.44981
0.450608
0.451097
0.451937
0.453853
0.455928
0.457776
0.459401
0.461176
0.463072
0.464771
0.466279
0.467685
0.469482
0.471584
0.473487
0.475225
0.476799
0.478195
0.479849
0.481849
0.483776
0.485703
0.487637
0.489595
0.491822
0.493898
0.495828
0.497752
0.499746
0.501725
0.503625
0.50536
0.506944
0.508791
0.510764
0.512753
0.51482
0.516796
0.518652
0.520378
0.521982
0.523473
0.524894
0.526226
0.527615
0.528987
0.530249
0.531509
0.532779
0.533909
0.535104
0.536466
0.537726
0.538903
0.539998
0.540965
0.54181
0.542535
0.543148
0.543681
0.544111
0.544437
0.544676
0.544827
0.544942
0.545158
0.545223
0.545133
0.544892
0.544512
0.544144
0.543735
0.543214
0.542573
0.541798
0.540883
0.539924
0.538838
0.5376
0.536211
0.534686
0.533054
0.531263
0.529294
0.527272
0.525641
0.523837
0.522402
0.521141
0.519777
0.518374
0.516939
0.515388
0.513735
0.511941
0.510001
0.507902
0.505679
0.503583
0.501982
0.500295
0.498531
0.496722
0.494819
0.492799
0.491035
0.489606
0.488451
0.487342
0.486169
0.484927
0.484074
0.483224
0.482556
0.481902
0.481212
0.480553
0.479905
0.479245
0.478575
0.477881
0.477133
0.476601
0.47639
0.476196
0.475974
0.475729
0.475524
0.47534
0.475121
0.474867
0.47464
0.474583
0.47469
0.47476
0.474813
0.474891
0.474997
0.475143
0.475333
0.475528
0.475747
0.476082
0.47645
0.476883
0.47728
0.477642
0.477996
0.478354
0.47876
0.479173
0.479539
0.479867
0.480258
0.480641
0.481027
0.481577
0.482138
0.482755
0.483335
0.483892
0.48443
0.48509
0.485732
0.486461
0.48723
0.48796
0.48869
0.489422
0.490106
0.490809
0.491522
0.492193
0.492898
0.493667
0.494403
0.495101
0.495761
0.49641
0.497117
0.497799
0.498462
0.499468
0.500693
0.502441
0.504344
0.506146
0.507846
0.509448
0.510957
0.512416
0.513868
0.515269
0.516629
0.517915
0.519126
0.520304
0.521423
0.522471
0.523451
0.524512
0.526723
0.52984
0.532783
0.535562
0.538124
0.540476
0.54264
0.544631
0.546465
0.548158
0.549725
0.551173
0.552521
0.553726
0.554791
0.555721
0.558516
0.561354
0.563879
0.566118
0.568029
0.569662
0.571
0.572068
0.572924
0.573557
0.573992
0.574216
0.574247
0.574087
0.573791
0.573617
0.573465
0.573205
0.572741
0.572063
0.571184
0.570134
0.568921
0.567546
0.565976
0.564258
0.562488
0.560603
0.558616
0.556458
0.554232
0.551918
0.54944
0.5468
0.544026
0.541152
0.538201
0.535241
0.532289
0.529219
0.526009
0.522823
0.519664
0.51644
0.513226
0.509951
0.506633
0.503272
0.499768
0.496143
0.492491
0.488746
0.484853
0.480807
0.4766
0.472237
0.46814
0.464185
0.460514
0.456942
0.453346
0.449945
0.446447
0.442836
0.439115
0.435355
0.431524
0.428045
0.424762
0.421313
0.417739
0.41404
0.410162
0.40619
0.402596
0.398999
0.396251
0.394137
0.391933
0.389616
0.387188
0.384655
0.38203
0.379294
0.37645
0.373719
0.371114
0.175723
0.176754
0.177687
0.178521
0.179256
0.179889
0.180418
0.180837
0.181212
0.181646
0.182306
0.183014
0.183923
0.184747
0.185587
0.186372
0.187086
0.187735
0.188335
0.188871
0.189338
0.189732
0.190053
0.190327
0.190543
0.190671
0.190732
0.190924
0.191113
0.191235
0.191316
0.191399
0.191589
0.191736
0.191841
0.191917
0.191973
0.191986
0.192003
0.191995
0.191943
0.191853
0.191718
0.191549
0.191425
0.191296
0.19113
0.19093
0.190708
0.190449
0.190177
0.189889
0.189619
0.189333
0.189024
0.188683
0.188313
0.187913
0.187498
0.187073
0.186665
0.18627
0.18588
0.18547
0.185039
0.184579
0.18409
0.183573
0.183062
0.182547
0.182046
0.181536
0.181033
0.180502
0.179977
0.17943
0.178852
0.178275
0.177818
0.177336
0.176815
0.176259
0.175674
0.175156
0.174708
0.174205
0.1737
0.173174
0.17261
0.172009
0.171445
0.170881
0.170336
0.169759
0.169166
0.168693
0.168211
0.167688
0.167208
0.166738
0.166217
0.165654
0.16505
0.164421
0.163781
0.163116
0.162419
0.161708
0.161025
0.160315
0.159661
0.159022
0.158474
0.157969
0.157448
0.156889
0.156298
0.155675
0.155023
0.154345
0.153639
0.152912
0.152157
0.151376
0.150568
0.149733
0.148873
0.147985
0.147131
0.146405
0.145752
0.145073
0.144411
0.143704
0.143007
0.142291
0.141546
0.140773
0.139994
0.139188
0.138347
0.137465
0.136545
0.13584
0.135242
0.134543
0.13422
0.134164
0.133924
0.133547
0.133361
0.133206
0.133068
0.132832
0.132497
0.132093
0.131701
0.131206
0.131447
0.132042
0.132364
0.132455
0.132344
0.132726
0.133857
0.134683
0.135245
0.135586
0.135748
0.135699
0.135845
0.136073
0.136725
0.137518
0.138342
0.138928
0.139297
0.139458
0.139422
0.139217
0.139016
0.138969
0.13937
0.139714
0.139907
0.139948
0.139833
0.139567
0.139165
0.138607
0.137934
0.13734
0.137496
0.137546
0.13752
0.137387
0.137134
0.136773
0.136461
0.136296
0.136049
0.135712
0.135282
0.134777
0.134219
0.133553
0.133133
0.13269
0.132145
0.131491
0.130746
0.130048
0.12983
0.129539
0.129171
0.128787
0.128575
0.128316
0.128025
0.127706
0.127386
0.127014
0.126589
0.126113
0.125605
0.125044
0.124421
0.123755
0.123089
0.122344
0.121747
0.121215
0.121002
0.121006
0.120991
0.120925
0.120815
0.120684
0.120523
0.120325
0.120089
0.119817
0.119509
0.119165
0.118785
0.118369
0.117915
0.117422
0.117231
0.117803
0.118781
0.119685
0.120591
0.121361
0.122079
0.122714
0.123264
0.123738
0.124157
0.124511
0.124797
0.12502
0.125183
0.125724
0.126456
0.127021
0.127924
0.129064
0.12999
0.130765
0.131576
0.132338
0.133016
0.133599
0.134091
0.134513
0.134892
0.135196
0.135581
0.135987
0.136297
0.136525
0.136676
0.13685
0.137076
0.137235
0.13733
0.137366
0.137372
0.137321
0.137271
0.137188
0.137084
0.13698
0.136859
0.136688
0.136488
0.136239
0.135954
0.135637
0.135336
0.135079
0.134818
0.134534
0.134229
0.133886
0.133504
0.133094
0.132679
0.132251
0.131877
0.131526
0.131186
0.13081
0.130425
0.13001
0.129558
0.129096
0.128724
0.128362
0.127977
0.12756
0.127117
0.126736
0.126396
0.126011
0.125635
0.125241
0.124812
0.124348
0.1239
0.123454
0.123046
0.122607
0.122171
0.121798
0.12144
0.121052
0.120681
0.120315
0.11992
0.119494
0.119036
0.118558
0.118093
0.117612
0.117104
0.116589
0.1161
0.115583
0.115097
0.114612
0.114172
0.11376
0.113327
0.112864
0.112374
0.111861
0.111336
0.110821
0.100924
0.101454
0.101952
0.102416
0.102845
0.103233
0.103576
0.103864
0.104158
0.104606
0.105415
0.106364
0.107544
0.108654
0.109797
0.1109
0.111956
0.112969
0.113956
0.114907
0.115815
0.116681
0.117504
0.118313
0.119116
0.119886
0.120649
0.121598
0.122552
0.12345
0.124324
0.125225
0.126228
0.127177
0.128072
0.128933
0.129772
0.13057
0.131372
0.132157
0.132906
0.133625
0.134308
0.13497
0.135686
0.136423
0.137135
0.137813
0.138469
0.13909
0.139701
0.1403
0.140929
0.141543
0.142138
0.142707
0.143277
0.143812
0.144333
0.144839
0.145365
0.145916
0.146482
0.147022
0.147534
0.148005
0.148435
0.148824
0.1492
0.149576
0.150006
0.150458
0.150912
0.151324
0.151732
0.152106
0.152432
0.152733
0.15312
0.153536
0.153927
0.154264
0.154546
0.154884
0.155307
0.155693
0.156086
0.156456
0.156781
0.157062
0.15737
0.157672
0.157974
0.158219
0.158423
0.158706
0.158993
0.159225
0.159466
0.159732
0.159971
0.160167
0.16032
0.16044
0.16054
0.1606
0.160613
0.160595
0.160582
0.160519
0.160483
0.160427
0.160416
0.160425
0.160413
0.160348
0.160229
0.160058
0.159839
0.159582
0.159264
0.158886
0.158442
0.15793
0.157346
0.156686
0.155943
0.155108
0.154231
0.153433
0.152703
0.151941
0.151171
0.150321
0.149439
0.148483
0.14743
0.146283
0.145054
0.143711
0.142235
0.140605
0.138799
0.137054
0.135379
0.133547
0.131971
0.13071
0.129346
0.127864
0.126572
0.125325
0.124073
0.122668
0.121095
0.119357
0.117512
0.115395
0.113818
0.112729
0.111501
0.110121
0.10856
0.107424
0.107167
0.106925
0.10659
0.106173
0.1057
0.105125
0.104852
0.104793
0.105168
0.105649
0.106312
0.106893
0.107387
0.107798
0.108135
0.108427
0.108861
0.109625
0.110922
0.112193
0.113358
0.114423
0.115395
0.116305
0.117159
0.117972
0.118804
0.119861
0.121673
0.123338
0.124905
0.126361
0.127711
0.128982
0.130345
0.131813
0.133151
0.134373
0.135492
0.13654
0.137551
0.138485
0.139686
0.140869
0.141968
0.142985
0.143953
0.145021
0.146534
0.147917
0.149195
0.150435
0.15178
0.152994
0.154102
0.155109
0.156015
0.156823
0.157537
0.158166
0.158731
0.159219
0.159622
0.159968
0.160302
0.160552
0.160942
0.161382
0.162072
0.162901
0.163637
0.16425
0.164746
0.165131
0.165405
0.165566
0.16561
0.165544
0.165352
0.165027
0.16456
0.163935
0.163126
0.162094
0.161127
0.160847
0.161152
0.161555
0.162058
0.162485
0.162895
0.163238
0.163496
0.163668
0.163762
0.16375
0.163612
0.163328
0.162863
0.162633
0.162665
0.162594
0.162828
0.163438
0.16402
0.16456
0.165222
0.16592
0.166604
0.167248
0.167855
0.168433
0.168996
0.169499
0.170088
0.170763
0.171407
0.172025
0.172606
0.173228
0.173946
0.174655
0.175339
0.176002
0.176665
0.177299
0.177955
0.178601
0.179232
0.179867
0.180511
0.181129
0.181726
0.182295
0.182844
0.183373
0.183921
0.184499
0.185099
0.185687
0.186261
0.186802
0.187306
0.187773
0.188231
0.188691
0.189166
0.18964
0.190131
0.190586
0.191032
0.191448
0.191825
0.192183
0.192618
0.193057
0.193454
0.193805
0.194107
0.194419
0.194783
0.195115
0.195462
0.195791
0.196082
0.196333
0.1966
0.196868
0.197159
0.197401
0.197596
0.197814
0.198052
0.198242
0.198422
0.198603
0.198743
0.198843
0.198904
0.198933
0.198962
0.198965
0.198927
0.198871
0.198829
0.198748
0.198686
0.198611
0.198555
0.198508
0.198428
0.198303
0.198134
0.197922
0.197665
0.197365
0.0972128
0.0972683
0.0972877
0.0972702
0.0972248
0.0971606
0.0970666
0.0969813
0.0968646
0.0966915
0.0965011
0.0963316
0.0961029
0.0958719
0.0955995
0.0953065
0.0949509
0.0945432
0.0940566
0.0935059
0.0928656
0.0921211
0.0912661
0.0902823
0.0892757
0.0883493
0.0873872
0.0862908
0.0854294
0.0846326
0.0839987
0.0833788
0.0826457
0.0817798
0.0808366
0.0800096
0.0790829
0.0780651
0.0768509
0.0757047
0.0748617
0.0740214
0.0730778
0.0720659
0.0708933
0.0699952
0.069715
0.0700617
0.0705465
0.0709129
0.0711599
0.0712818
0.0712934
0.0713222
0.0714098
0.0722779
0.0732187
0.0741551
0.075244
0.0763974
0.0775555
0.0785795
0.0795311
0.0804581
0.0814211
0.0823233
0.0836612
0.0852496
0.0871954
0.0890452
0.0907941
0.0924274
0.0939525
0.0953743
0.0967081
0.0981669
0.099739
0.101422
0.102999
0.10479
0.106521
0.108154
0.109695
0.111209
0.112613
0.113943
0.115523
0.117124
0.118904
0.12057
0.122125
0.123595
0.125105
0.126682
0.128254
0.129738
0.131112
0.13244
0.133743
0.134935
0.13605
0.137091
0.13804
0.139001
0.139917
0.14079
0.141669
0.142488
0.143409
0.14432
0.145214
0.146055
0.146855
0.147578
0.148215
0.148851
0.149441
0.14996
0.150392
0.15073
0.150961
0.151088
0.151107
0.151012
0.150806
0.150497
0.1501
0.149671
0.149199
0.148616
0.148122
0.147941
0.147643
0.14751
0.147376
0.147344
0.14725
0.14714
0.146943
0.146716
0.146404
0.145982
0.145453
0.144792
0.144144
0.143732
0.143251
0.142657
0.142312
0.142052
0.141996
0.141914
0.141791
0.141631
0.141469
0.141411
0.141347
0.141287
0.141186
0.1411
0.141072
0.141024
0.140952
0.140882
0.140796
0.140737
0.140723
0.140778
0.140821
0.140846
0.140861
0.140855
0.140827
0.1408
0.140784
0.140836
0.140894
0.140945
0.140995
0.141036
0.141071
0.141083
0.141089
0.141098
0.141129
0.141155
0.141198
0.141274
0.141386
0.141491
0.141592
0.14167
0.141725
0.141758
0.141773
0.141819
0.141891
0.14203
0.142137
0.142259
0.14238
0.142496
0.142604
0.142738
0.14284
0.142935
0.143052
0.143164
0.143301
0.143411
0.143491
0.143562
0.143644
0.143745
0.143888
0.144034
0.14416
0.144321
0.144508
0.144675
0.144831
0.144964
0.145068
0.145159
0.14523
0.145282
0.145321
0.14534
0.145364
0.145377
0.145378
0.145371
0.145358
0.145329
0.145277
0.145268
0.145269
0.145272
0.145276
0.145268
0.145236
0.14519
0.14512
0.145024
0.144906
0.144776
0.144653
0.144592
0.144623
0.144639
0.14459
0.144489
0.144338
0.144153
0.143924
0.14366
0.143359
0.143034
0.142663
0.142274
0.141845
0.141375
0.140923
0.140614
0.140441
0.14032
0.140437
0.14047
0.140582
0.140584
0.140487
0.140353
0.1401
0.139728
0.139267
0.13877
0.138213
0.137674
0.137579
0.137182
0.136576
0.136203
0.135925
0.136023
0.135861
0.135508
0.135145
0.134885
0.134624
0.13415
0.133478
0.132608
0.131555
0.13059
0.12944
0.128562
0.127757
0.126942
0.126054
0.125064
0.124007
0.12278
0.121419
0.119977
0.118735
0.117396
0.11597
0.114644
0.113428
0.112209
0.110979
0.109655
0.108192
0.10659
0.104911
0.103631
0.102576
0.101684
0.10069
0.0996476
0.0986043
0.0977285
0.0968846
0.0959936
0.0950476
0.0940787
0.0930895
0.0920291
0.0909047
0.0896921
0.088386
0.0871688
0.0860031
0.08481
0.0836615
0.082746
0.0819166
0.081336
0.0808326
0.0804602
0.080121
0.0797599
0.0793589
0.078943
0.0784942
0.078012
0.0775059
0.0769527
0.0763819
0.0757711
0.0751124
0.0743972
0.0736213
0.0727858
0.0720853
0.0717448
0.0716081
0.0715707
0.0715535
0.0715533
0.0972128
0.0972683
0.0972877
0.0972702
0.0972248
0.0971606
0.0970666
0.0969813
0.0968646
0.0966915
0.0965011
0.0963316
0.0961029
0.0958719
0.0955995
0.0953065
0.0949509
0.0945432
0.0940566
0.0935059
0.0928656
0.0921211
0.0912661
0.0902823
0.0892757
0.0883493
0.0873872
0.0862908
0.0854294
0.0846326
0.0839987
0.0833788
0.0826457
0.0817798
0.0808366
0.0800096
0.0790829
0.0780651
0.0768509
0.0757047
0.0748617
0.0740214
0.0730778
0.0720659
0.0708933
0.0699952
0.069715
0.0700617
0.0705465
0.0709129
0.0711599
0.0712818
0.0712934
0.0713222
0.0714098
0.0722779
0.0732187
0.0741551
0.075244
0.0763974
0.0775555
0.0785795
0.0795311
0.0804581
0.0814211
0.0823233
0.0836612
0.0852496
0.0871954
0.0890452
0.0907941
0.0924274
0.0939525
0.0953743
0.0967081
0.0981669
0.099739
0.101422
0.102999
0.10479
0.106521
0.108154
0.109695
0.111209
0.112613
0.113943
0.115523
0.117124
0.118904
0.12057
0.122125
0.123595
0.125105
0.126682
0.128254
0.129738
0.131112
0.13244
0.133743
0.134935
0.13605
0.137091
0.13804
0.139001
0.139917
0.14079
0.141669
0.142488
0.143409
0.14432
0.145214
0.146055
0.146855
0.147578
0.148215
0.148851
0.149441
0.14996
0.150392
0.15073
0.150961
0.151088
0.151107
0.151012
0.150806
0.150497
0.1501
0.149671
0.149199
0.148616
0.148122
0.147941
0.147643
0.14751
0.147376
0.147344
0.14725
0.14714
0.146943
0.146716
0.146404
0.145982
0.145453
0.144792
0.144144
0.143732
0.143251
0.142657
0.142312
0.142052
0.141996
0.141914
0.141791
0.141631
0.141469
0.141411
0.141347
0.141287
0.141186
0.1411
0.141072
0.141024
0.140952
0.140882
0.140796
0.140737
0.140723
0.140778
0.140821
0.140846
0.140861
0.140855
0.140827
0.1408
0.140784
0.140836
0.140894
0.140945
0.140995
0.141036
0.141071
0.141083
0.141089
0.141098
0.141129
0.141155
0.141198
0.141274
0.141386
0.141491
0.141592
0.14167
0.141725
0.141758
0.141773
0.141819
0.141891
0.14203
0.142137
0.142259
0.14238
0.142496
0.142604
0.142738
0.14284
0.142935
0.143052
0.143164
0.143301
0.143411
0.143491
0.143562
0.143644
0.143745
0.143888
0.144034
0.14416
0.144321
0.144508
0.144675
0.144831
0.144964
0.145068
0.145159
0.14523
0.145282
0.145321
0.14534
0.145364
0.145377
0.145378
0.145371
0.145358
0.145329
0.145277
0.145268
0.145269
0.145272
0.145276
0.145268
0.145236
0.14519
0.14512
0.145024
0.144906
0.144776
0.144653
0.144592
0.144623
0.144639
0.14459
0.144489
0.144338
0.144153
0.143924
0.14366
0.143359
0.143034
0.142663
0.142274
0.141845
0.141375
0.140923
0.140614
0.140441
0.14032
0.140437
0.14047
0.140582
0.140584
0.140487
0.140353
0.1401
0.139728
0.139267
0.13877
0.138213
0.137674
0.137579
0.137182
0.136576
0.136203
0.135925
0.136023
0.135861
0.135508
0.135145
0.134885
0.134624
0.13415
0.133478
0.132608
0.131555
0.13059
0.12944
0.128562
0.127757
0.126942
0.126054
0.125064
0.124007
0.12278
0.121419
0.119977
0.118735
0.117396
0.11597
0.114644
0.113428
0.112209
0.110979
0.109655
0.108192
0.10659
0.104911
0.103631
0.102576
0.101684
0.10069
0.0996476
0.0986043
0.0977285
0.0968846
0.0959936
0.0950476
0.0940787
0.0930895
0.0920291
0.0909047
0.0896921
0.088386
0.0871688
0.0860031
0.08481
0.0836615
0.082746
0.0819166
0.081336
0.0808326
0.0804602
0.080121
0.0797599
0.0793589
0.078943
0.0784942
0.078012
0.0775059
0.0769527
0.0763819
0.0757711
0.0751124
0.0743972
0.0736213
0.0727858
0.0720853
0.0717448
0.0716081
0.0715707
0.0715535
0.0715533
0.175723
0.176754
0.177687
0.178521
0.179256
0.179889
0.180418
0.180837
0.181212
0.181646
0.182306
0.183014
0.183923
0.184747
0.185587
0.186372
0.187086
0.187735
0.188335
0.188871
0.189338
0.189732
0.190053
0.190327
0.190543
0.190671
0.190732
0.190924
0.191113
0.191235
0.191316
0.191399
0.191589
0.191736
0.191841
0.191917
0.191973
0.191986
0.192003
0.191995
0.191943
0.191853
0.191718
0.191549
0.191425
0.191296
0.19113
0.19093
0.190708
0.190449
0.190177
0.189889
0.189619
0.189333
0.189024
0.188683
0.188313
0.187913
0.187498
0.187073
0.186665
0.18627
0.18588
0.18547
0.185039
0.184579
0.18409
0.183573
0.183062
0.182547
0.182046
0.181536
0.181033
0.180502
0.179977
0.17943
0.178852
0.178275
0.177818
0.177336
0.176815
0.176259
0.175674
0.175156
0.174708
0.174205
0.1737
0.173174
0.17261
0.172009
0.171445
0.170881
0.170336
0.169759
0.169166
0.168693
0.168211
0.167688
0.167208
0.166738
0.166217
0.165654
0.16505
0.164421
0.163781
0.163116
0.162419
0.161708
0.161025
0.160315
0.159661
0.159022
0.158474
0.157969
0.157448
0.156889
0.156298
0.155675
0.155023
0.154345
0.153639
0.152912
0.152157
0.151376
0.150568
0.149733
0.148873
0.147985
0.147131
0.146405
0.145752
0.145073
0.144411
0.143704
0.143007
0.142291
0.141546
0.140773
0.139994
0.139188
0.138347
0.137465
0.136545
0.13584
0.135242
0.134543
0.13422
0.134164
0.133924
0.133547
0.133361
0.133206
0.133068
0.132832
0.132497
0.132093
0.131701
0.131206
0.131447
0.132042
0.132364
0.132455
0.132344
0.132726
0.133857
0.134683
0.135245
0.135586
0.135748
0.135699
0.135845
0.136073
0.136725
0.137518
0.138342
0.138928
0.139297
0.139458
0.139422
0.139217
0.139016
0.138969
0.13937
0.139714
0.139907
0.139948
0.139833
0.139567
0.139165
0.138607
0.137934
0.13734
0.137496
0.137546
0.13752
0.137387
0.137134
0.136773
0.136461
0.136296
0.136049
0.135712
0.135282
0.134777
0.134219
0.133553
0.133133
0.13269
0.132145
0.131491
0.130746
0.130048
0.12983
0.129539
0.129171
0.128787
0.128575
0.128316
0.128025
0.127706
0.127386
0.127014
0.126589
0.126113
0.125605
0.125044
0.124421
0.123755
0.123089
0.122344
0.121747
0.121215
0.121002
0.121006
0.120991
0.120925
0.120815
0.120684
0.120523
0.120325
0.120089
0.119817
0.119509
0.119165
0.118785
0.118369
0.117915
0.117422
0.117231
0.117803
0.118781
0.119685
0.120591
0.121361
0.122079
0.122714
0.123264
0.123738
0.124157
0.124511
0.124797
0.12502
0.125183
0.125724
0.126456
0.127021
0.127924
0.129064
0.12999
0.130765
0.131576
0.132338
0.133016
0.133599
0.134091
0.134513
0.134892
0.135196
0.135581
0.135987
0.136297
0.136525
0.136676
0.13685
0.137076
0.137235
0.13733
0.137366
0.137372
0.137321
0.137271
0.137188
0.137084
0.13698
0.136859
0.136688
0.136488
0.136239
0.135954
0.135637
0.135336
0.135079
0.134818
0.134534
0.134229
0.133886
0.133504
0.133094
0.132679
0.132251
0.131877
0.131526
0.131186
0.13081
0.130425
0.13001
0.129558
0.129096
0.128724
0.128362
0.127977
0.12756
0.127117
0.126736
0.126396
0.126011
0.125635
0.125241
0.124812
0.124348
0.1239
0.123454
0.123046
0.122607
0.122171
0.121798
0.12144
0.121052
0.120681
0.120315
0.11992
0.119494
0.119036
0.118558
0.118093
0.117612
0.117104
0.116589
0.1161
0.115583
0.115097
0.114612
0.114172
0.11376
0.113327
0.112864
0.112374
0.111861
0.111336
0.110821
0.100924
0.101454
0.101952
0.102416
0.102845
0.103233
0.103576
0.103864
0.104158
0.104606
0.105415
0.106364
0.107544
0.108654
0.109797
0.1109
0.111956
0.112969
0.113956
0.114907
0.115815
0.116681
0.117504
0.118313
0.119116
0.119886
0.120649
0.121598
0.122552
0.12345
0.124324
0.125225
0.126228
0.127177
0.128072
0.128933
0.129772
0.13057
0.131372
0.132157
0.132906
0.133625
0.134308
0.13497
0.135686
0.136423
0.137135
0.137813
0.138469
0.13909
0.139701
0.1403
0.140929
0.141543
0.142138
0.142707
0.143277
0.143812
0.144333
0.144839
0.145365
0.145916
0.146482
0.147022
0.147534
0.148005
0.148435
0.148824
0.1492
0.149576
0.150006
0.150458
0.150912
0.151324
0.151732
0.152106
0.152432
0.152733
0.15312
0.153536
0.153927
0.154264
0.154546
0.154884
0.155307
0.155693
0.156086
0.156456
0.156781
0.157062
0.15737
0.157672
0.157974
0.158219
0.158423
0.158706
0.158993
0.159225
0.159466
0.159732
0.159971
0.160167
0.16032
0.16044
0.16054
0.1606
0.160613
0.160595
0.160582
0.160519
0.160483
0.160427
0.160416
0.160425
0.160413
0.160348
0.160229
0.160058
0.159839
0.159582
0.159264
0.158886
0.158442
0.15793
0.157346
0.156686
0.155943
0.155108
0.154231
0.153433
0.152703
0.151941
0.151171
0.150321
0.149439
0.148483
0.14743
0.146283
0.145054
0.143711
0.142235
0.140605
0.138799
0.137054
0.135379
0.133547
0.131971
0.13071
0.129346
0.127864
0.126572
0.125325
0.124073
0.122668
0.121095
0.119357
0.117512
0.115395
0.113818
0.112729
0.111501
0.110121
0.10856
0.107424
0.107167
0.106925
0.10659
0.106173
0.1057
0.105125
0.104852
0.104793
0.105168
0.105649
0.106312
0.106893
0.107387
0.107798
0.108135
0.108427
0.108861
0.109625
0.110922
0.112193
0.113358
0.114423
0.115395
0.116305
0.117159
0.117972
0.118804
0.119861
0.121673
0.123338
0.124905
0.126361
0.127711
0.128982
0.130345
0.131813
0.133151
0.134373
0.135492
0.13654
0.137551
0.138485
0.139686
0.140869
0.141968
0.142985
0.143953
0.145021
0.146534
0.147917
0.149195
0.150435
0.15178
0.152994
0.154102
0.155109
0.156015
0.156823
0.157537
0.158166
0.158731
0.159219
0.159622
0.159968
0.160302
0.160552
0.160942
0.161382
0.162072
0.162901
0.163637
0.16425
0.164746
0.165131
0.165405
0.165566
0.16561
0.165544
0.165352
0.165027
0.16456
0.163935
0.163126
0.162094
0.161127
0.160847
0.161152
0.161555
0.162058
0.162485
0.162895
0.163238
0.163496
0.163668
0.163762
0.16375
0.163612
0.163328
0.162863
0.162633
0.162665
0.162594
0.162828
0.163438
0.16402
0.16456
0.165222
0.16592
0.166604
0.167248
0.167855
0.168433
0.168996
0.169499
0.170088
0.170763
0.171407
0.172025
0.172606
0.173228
0.173946
0.174655
0.175339
0.176002
0.176665
0.177299
0.177955
0.178601
0.179232
0.179867
0.180511
0.181129
0.181726
0.182295
0.182844
0.183373
0.183921
0.184499
0.185099
0.185687
0.186261
0.186802
0.187306
0.187773
0.188231
0.188691
0.189166
0.18964
0.190131
0.190586
0.191032
0.191448
0.191825
0.192183
0.192618
0.193057
0.193454
0.193805
0.194107
0.194419
0.194783
0.195115
0.195462
0.195791
0.196082
0.196333
0.1966
0.196868
0.197159
0.197401
0.197596
0.197814
0.198052
0.198242
0.198422
0.198603
0.198743
0.198843
0.198904
0.198933
0.198962
0.198965
0.198927
0.198871
0.198829
0.198748
0.198686
0.198611
0.198555
0.198508
0.198428
0.198303
0.198134
0.197922
0.197665
0.197365
-0.0428713
-0.0425786
-0.0422973
-0.041966
-0.0415817
-0.0411416
-0.0406404
-0.040074
-0.0394979
-0.0390264
-0.038671
-0.0382682
-0.0378069
-0.0373006
-0.0367173
-0.0360422
-0.03526
-0.0345574
-0.0340226
-0.0334995
-0.0329725
-0.0324679
-0.0319036
-0.0312678
-0.0306066
-0.0298612
-0.0292157
-0.0286644
-0.0280281
-0.027422
-0.0267949
-0.0260329
-0.0253602
-0.0248904
-0.0243347
-0.0242458
-0.0241606
-0.024058
-0.0239472
-0.0238185
-0.0236915
-0.0235828
-0.0234739
-0.0233395
-0.0232353
-0.0231242
-0.0229815
-0.022827
-0.0228232
-0.0228704
-0.0229673
-0.0230322
-0.0231702
-0.0233061
-0.0234268
-0.0235382
-0.0236911
-0.0238449
-0.0240406
-0.0242854
-0.0245389
-0.0247731
-0.0250026
-0.0252271
-0.0254315
-0.0256163
-0.0257819
-0.02601
-0.0262147
-0.0264585
-0.0268966
-0.0273867
-0.0278383
-0.0282404
-0.0286167
-0.0291114
-0.0296359
-0.0301112
-0.0306425
-0.031306
-0.0319388
-0.0325288
-0.0330707
-0.0336047
-0.0341609
-0.0346683
-0.0351371
-0.0355746
-0.0359492
-0.0363576
-0.0369895
-0.03757
-0.0381545
-0.038843
-0.0394651
-0.0401905
-0.0408843
-0.0415057
-0.0422602
-0.0431609
-0.043989
-0.0448039
-0.045583
-0.0462573
-0.0468385
-0.04734
-0.0478365
-0.0482593
-0.0485968
-0.0490143
-0.0496361
-0.0504687
-0.0512032
-0.0518391
-0.0523763
-0.0528176
-0.0531589
-0.0534663
-0.0537925
-0.0542182
-0.0546033
-0.0550838
-0.0557839
-0.056398
-0.0569283
-0.057376
-0.0577414
-0.0580236
-0.0584038
-0.0589768
-0.0595484
-0.0600798
-0.0605439
-0.0609539
-0.0612658
-0.0614802
-0.061555
-0.0618085
-0.0622538
-0.0627243
-0.0631559
-0.0636859
-0.0642085
-0.0646833
-0.0651235
-0.0655328
-0.0659569
-0.0663704
-0.0667613
-0.0671362
-0.0674702
-0.0677505
-0.0680309
-0.0683337
-0.0685976
-0.0688926
-0.0691714
-0.069425
-0.0696702
-0.0699014
-0.0701298
-0.0703687
-0.0705989
-0.0708094
-0.0710089
-0.0711976
-0.0713658
-0.0715106
-0.0716667
-0.0718379
-0.0720196
-0.0721778
-0.0723393
-0.0724829
-0.0726118
-0.0727243
-0.0728224
-0.072916
-0.0729936
-0.073064
-0.0731373
-0.0732088
-0.0732776
-0.0733474
-0.0734004
-0.0734364
-0.0734549
-0.0734721
-0.0734699
-0.0734738
-0.0735031
-0.0735361
-0.0735533
-0.0735507
-0.0735419
-0.0735195
-0.0734828
-0.0734527
-0.0734441
-0.0734341
-0.073415
-0.0733935
-0.0733578
-0.0733154
-0.0732893
-0.0732442
-0.073197
-0.0731662
-0.073105
-0.0730214
-0.0729313
-0.0728243
-0.0727203
-0.0726234
-0.072509
-0.0723838
-0.0722428
-0.0720862
-0.0719504
-0.0718065
-0.0716458
-0.0715077
-0.0713782
-0.0712124
-0.0710123
-0.0707827
-0.0705423
-0.0702903
-0.0700363
-0.0697846
-0.0695403
-0.0692921
-0.0690107
-0.068696
-0.0683477
-0.0679697
-0.0675607
-0.0671464
-0.0667332
-0.0663164
-0.0659495
-0.0655878
-0.065196
-0.0647637
-0.0642905
-0.0637766
-0.0632195
-0.0626188
-0.0620028
-0.0613894
-0.0607703
-0.0601173
-0.0594403
-0.0588061
-0.058146
-0.0574549
-0.0567008
-0.0559026
-0.0550492
-0.0541328
-0.0532667
-0.0524781
-0.0516334
-0.0507373
-0.0500057
-0.049231
-0.0484803
-0.0478778
-0.0472088
-0.046613
-0.0460419
-0.0453964
-0.0448673
-0.0443376
-0.0436977
-0.0430078
-0.0422666
-0.0414453
-0.0405404
-0.0395515
-0.0386543
-0.0380854
-0.0377629
-0.037277
-0.0368368
-0.0362764
-0.0356005
-0.034819
-0.0340858
-0.03379
-0.0340349
-0.0341091
-0.0341379
-0.034051
-0.033859
-0.0335693
-0.0333076
-0.03299
-0.0327473
-0.0326054
-0.0325712
-0.0326271
-0.0325996
-0.0325281
-0.0323752
-0.0321431
-0.0318331
-0.0315202
-0.0311239
-0.030798
-0.0308703
-0.0309581
-0.0309742
-0.0309294
-0.0308877
-0.0308309
-0.0307265
-0.0307067
-0.0308425
-0.0310107
-0.0311319
-0.0312118
-0.0312472
-0.0312771
-0.0312594
-0.0311875
-0.0310778
-0.0309942
-0.0308652
-0.0306944
-0.0305366
-0.0304418
-0.0303698
-0.0303555
-0.0303899
-0.0304476
-0.0304901
-0.0305089
-0.0305608
-0.0306044
-0.0306169
-0.0305999
-0.0305574
-0.0304782
-0.0304041
-0.0303505
-0.0303466
-0.0303645
-0.0303694
-0.0303611
-0.0303747
-0.0304378
-0.0304859
-0.0305187
-0.0305358
-0.0305371
-0.0305218
-0.0305195
-0.030547
-0.0305915
-0.0428713
-0.0425786
-0.0422973
-0.041966
-0.0415817
-0.0411416
-0.0406404
-0.040074
-0.0394979
-0.0390264
-0.038671
-0.0382682
-0.0378069
-0.0373006
-0.0367173
-0.0360422
-0.03526
-0.0345574
-0.0340226
-0.0334995
-0.0329725
-0.0324679
-0.0319036
-0.0312678
-0.0306066
-0.0298612
-0.0292157
-0.0286644
-0.0280281
-0.027422
-0.0267949
-0.0260329
-0.0253602
-0.0248904
-0.0243347
-0.0242458
-0.0241606
-0.024058
-0.0239472
-0.0238185
-0.0236915
-0.0235828
-0.0234739
-0.0233395
-0.0232353
-0.0231242
-0.0229815
-0.022827
-0.0228232
-0.0228704
-0.0229673
-0.0230322
-0.0231702
-0.0233061
-0.0234268
-0.0235382
-0.0236911
-0.0238449
-0.0240406
-0.0242854
-0.0245389
-0.0247731
-0.0250026
-0.0252271
-0.0254315
-0.0256163
-0.0257819
-0.02601
-0.0262147
-0.0264585
-0.0268966
-0.0273867
-0.0278383
-0.0282404
-0.0286167
-0.0291114
-0.0296359
-0.0301112
-0.0306425
-0.031306
-0.0319388
-0.0325288
-0.0330707
-0.0336047
-0.0341609
-0.0346683
-0.0351371
-0.0355746
-0.0359492
-0.0363576
-0.0369895
-0.03757
-0.0381545
-0.038843
-0.0394651
-0.0401905
-0.0408843
-0.0415057
-0.0422602
-0.0431609
-0.043989
-0.0448039
-0.045583
-0.0462573
-0.0468385
-0.04734
-0.0478365
-0.0482593
-0.0485968
-0.0490143
-0.0496361
-0.0504687
-0.0512032
-0.0518391
-0.0523763
-0.0528176
-0.0531589
-0.0534663
-0.0537925
-0.0542182
-0.0546033
-0.0550838
-0.0557839
-0.056398
-0.0569283
-0.057376
-0.0577414
-0.0580236
-0.0584038
-0.0589768
-0.0595484
-0.0600798
-0.0605439
-0.0609539
-0.0612658
-0.0614802
-0.061555
-0.0618085
-0.0622538
-0.0627243
-0.0631559
-0.0636859
-0.0642085
-0.0646833
-0.0651235
-0.0655328
-0.0659569
-0.0663704
-0.0667613
-0.0671362
-0.0674702
-0.0677505
-0.0680309
-0.0683337
-0.0685976
-0.0688926
-0.0691714
-0.069425
-0.0696702
-0.0699014
-0.0701298
-0.0703687
-0.0705989
-0.0708094
-0.0710089
-0.0711976
-0.0713658
-0.0715106
-0.0716667
-0.0718379
-0.0720196
-0.0721778
-0.0723393
-0.0724829
-0.0726118
-0.0727243
-0.0728224
-0.072916
-0.0729936
-0.073064
-0.0731373
-0.0732088
-0.0732776
-0.0733474
-0.0734004
-0.0734364
-0.0734549
-0.0734721
-0.0734699
-0.0734738
-0.0735031
-0.0735361
-0.0735533
-0.0735507
-0.0735419
-0.0735195
-0.0734828
-0.0734527
-0.0734441
-0.0734341
-0.073415
-0.0733935
-0.0733578
-0.0733154
-0.0732893
-0.0732442
-0.073197
-0.0731662
-0.073105
-0.0730214
-0.0729313
-0.0728243
-0.0727203
-0.0726234
-0.072509
-0.0723838
-0.0722428
-0.0720862
-0.0719504
-0.0718065
-0.0716458
-0.0715077
-0.0713782
-0.0712124
-0.0710123
-0.0707827
-0.0705423
-0.0702903
-0.0700363
-0.0697846
-0.0695403
-0.0692921
-0.0690107
-0.068696
-0.0683477
-0.0679697
-0.0675607
-0.0671464
-0.0667332
-0.0663164
-0.0659495
-0.0655878
-0.065196
-0.0647637
-0.0642905
-0.0637766
-0.0632195
-0.0626188
-0.0620028
-0.0613894
-0.0607703
-0.0601173
-0.0594403
-0.0588061
-0.058146
-0.0574549
-0.0567008
-0.0559026
-0.0550492
-0.0541328
-0.0532667
-0.0524781
-0.0516334
-0.0507373
-0.0500057
-0.049231
-0.0484803
-0.0478778
-0.0472088
-0.046613
-0.0460419
-0.0453964
-0.0448673
-0.0443376
-0.0436977
-0.0430078
-0.0422666
-0.0414453
-0.0405404
-0.0395515
-0.0386543
-0.0380854
-0.0377629
-0.037277
-0.0368368
-0.0362764
-0.0356005
-0.034819
-0.0340858
-0.03379
-0.0340349
-0.0341091
-0.0341379
-0.034051
-0.033859
-0.0335693
-0.0333076
-0.03299
-0.0327473
-0.0326054
-0.0325712
-0.0326271
-0.0325996
-0.0325281
-0.0323752
-0.0321431
-0.0318331
-0.0315202
-0.0311239
-0.030798
-0.0308703
-0.0309581
-0.0309742
-0.0309294
-0.0308877
-0.0308309
-0.0307265
-0.0307067
-0.0308425
-0.0310107
-0.0311319
-0.0312118
-0.0312472
-0.0312771
-0.0312594
-0.0311875
-0.0310778
-0.0309942
-0.0308652
-0.0306944
-0.0305366
-0.0304418
-0.0303698
-0.0303555
-0.0303899
-0.0304476
-0.0304901
-0.0305089
-0.0305608
-0.0306044
-0.0306169
-0.0305999
-0.0305574
-0.0304782
-0.0304041
-0.0303505
-0.0303466
-0.0303645
-0.0303694
-0.0303611
-0.0303747
-0.0304378
-0.0304859
-0.0305187
-0.0305358
-0.0305371
-0.0305218
-0.0305195
-0.030547
-0.0305915
0.175723
0.176754
0.177687
0.178521
0.179256
0.179889
0.180418
0.180837
0.181212
0.181646
0.182306
0.183014
0.183923
0.184747
0.185587
0.186372
0.187086
0.187735
0.188335
0.188871
0.189338
0.189732
0.190053
0.190327
0.190543
0.190671
0.190732
0.190924
0.191113
0.191235
0.191316
0.191399
0.191589
0.191736
0.191841
0.191917
0.191973
0.191986
0.192003
0.191995
0.191943
0.191853
0.191718
0.191549
0.191425
0.191296
0.19113
0.19093
0.190708
0.190449
0.190177
0.189889
0.189619
0.189333
0.189024
0.188683
0.188313
0.187913
0.187498
0.187073
0.186665
0.18627
0.18588
0.18547
0.185039
0.184579
0.18409
0.183573
0.183062
0.182547
0.182046
0.181536
0.181033
0.180502
0.179977
0.17943
0.178852
0.178275
0.177818
0.177336
0.176815
0.176259
0.175674
0.175156
0.174708
0.174205
0.1737
0.173174
0.17261
0.172009
0.171445
0.170881
0.170336
0.169759
0.169166
0.168693
0.168211
0.167688
0.167208
0.166738
0.166217
0.165654
0.16505
0.164421
0.163781
0.163116
0.162419
0.161708
0.161025
0.160315
0.159661
0.159022
0.158474
0.157969
0.157448
0.156889
0.156298
0.155675
0.155023
0.154345
0.153639
0.152912
0.152157
0.151376
0.150568
0.149733
0.148873
0.147985
0.147131
0.146405
0.145752
0.145073
0.144411
0.143704
0.143007
0.142291
0.141546
0.140773
0.139994
0.139188
0.138347
0.137465
0.136545
0.13584
0.135242
0.134543
0.13422
0.134164
0.133924
0.133547
0.133361
0.133206
0.133068
0.132832
0.132497
0.132093
0.131701
0.131206
0.131447
0.132042
0.132364
0.132455
0.132344
0.132726
0.133857
0.134683
0.135245
0.135586
0.135748
0.135699
0.135845
0.136073
0.136725
0.137518
0.138342
0.138928
0.139297
0.139458
0.139422
0.139217
0.139016
0.138969
0.13937
0.139714
0.139907
0.139948
0.139833
0.139567
0.139165
0.138607
0.137934
0.13734
0.137496
0.137546
0.13752
0.137387
0.137134
0.136773
0.136461
0.136296
0.136049
0.135712
0.135282
0.134777
0.134219
0.133553
0.133133
0.13269
0.132145
0.131491
0.130746
0.130048
0.12983
0.129539
0.129171
0.128787
0.128575
0.128316
0.128025
0.127706
0.127386
0.127014
0.126589
0.126113
0.125605
0.125044
0.124421
0.123755
0.123089
0.122344
0.121747
0.121215
0.121002
0.121006
0.120991
0.120925
0.120815
0.120684
0.120523
0.120325
0.120089
0.119817
0.119509
0.119165
0.118785
0.118369
0.117915
0.117422
0.117231
0.117803
0.118781
0.119685
0.120591
0.121361
0.122079
0.122714
0.123264
0.123738
0.124157
0.124511
0.124797
0.12502
0.125183
0.125724
0.126456
0.127021
0.127924
0.129064
0.12999
0.130765
0.131576
0.132338
0.133016
0.133599
0.134091
0.134513
0.134892
0.135196
0.135581
0.135987
0.136297
0.136525
0.136676
0.13685
0.137076
0.137235
0.13733
0.137366
0.137372
0.137321
0.137271
0.137188
0.137084
0.13698
0.136859
0.136688
0.136488
0.136239
0.135954
0.135637
0.135336
0.135079
0.134818
0.134534
0.134229
0.133886
0.133504
0.133094
0.132679
0.132251
0.131877
0.131526
0.131186
0.13081
0.130425
0.13001
0.129558
0.129096
0.128724
0.128362
0.127977
0.12756
0.127117
0.126736
0.126396
0.126011
0.125635
0.125241
0.124812
0.124348
0.1239
0.123454
0.123046
0.122607
0.122171
0.121798
0.12144
0.121052
0.120681
0.120315
0.11992
0.119494
0.119036
0.118558
0.118093
0.117612
0.117104
0.116589
0.1161
0.115583
0.115097
0.114612
0.114172
0.11376
0.113327
0.112864
0.112374
0.111861
0.111336
0.110821
0.100924
0.101454
0.101952
0.102416
0.102845
0.103233
0.103576
0.103864
0.104158
0.104606
0.105415
0.106364
0.107544
0.108654
0.109797
0.1109
0.111956
0.112969
0.113956
0.114907
0.115815
0.116681
0.117504
0.118313
0.119116
0.119886
0.120649
0.121598
0.122552
0.12345
0.124324
0.125225
0.126228
0.127177
0.128072
0.128933
0.129772
0.13057
0.131372
0.132157
0.132906
0.133625
0.134308
0.13497
0.135686
0.136423
0.137135
0.137813
0.138469
0.13909
0.139701
0.1403
0.140929
0.141543
0.142138
0.142707
0.143277
0.143812
0.144333
0.144839
0.145365
0.145916
0.146482
0.147022
0.147534
0.148005
0.148435
0.148824
0.1492
0.149576
0.150006
0.150458
0.150912
0.151324
0.151732
0.152106
0.152432
0.152733
0.15312
0.153536
0.153927
0.154264
0.154546
0.154884
0.155307
0.155693
0.156086
0.156456
0.156781
0.157062
0.15737
0.157672
0.157974
0.158219
0.158423
0.158706
0.158993
0.159225
0.159466
0.159732
0.159971
0.160167
0.16032
0.16044
0.16054
0.1606
0.160613
0.160595
0.160582
0.160519
0.160483
0.160427
0.160416
0.160425
0.160413
0.160348
0.160229
0.160058
0.159839
0.159582
0.159264
0.158886
0.158442
0.15793
0.157346
0.156686
0.155943
0.155108
0.154231
0.153433
0.152703
0.151941
0.151171
0.150321
0.149439
0.148483
0.14743
0.146283
0.145054
0.143711
0.142235
0.140605
0.138799
0.137054
0.135379
0.133547
0.131971
0.13071
0.129346
0.127864
0.126572
0.125325
0.124073
0.122668
0.121095
0.119357
0.117512
0.115395
0.113818
0.112729
0.111501
0.110121
0.10856
0.107424
0.107167
0.106925
0.10659
0.106173
0.1057
0.105125
0.104852
0.104793
0.105168
0.105649
0.106312
0.106893
0.107387
0.107798
0.108135
0.108427
0.108861
0.109625
0.110922
0.112193
0.113358
0.114423
0.115395
0.116305
0.117159
0.117972
0.118804
0.119861
0.121673
0.123338
0.124905
0.126361
0.127711
0.128982
0.130345
0.131813
0.133151
0.134373
0.135492
0.13654
0.137551
0.138485
0.139686
0.140869
0.141968
0.142985
0.143953
0.145021
0.146534
0.147917
0.149195
0.150435
0.15178
0.152994
0.154102
0.155109
0.156015
0.156823
0.157537
0.158166
0.158731
0.159219
0.159622
0.159968
0.160302
0.160552
0.160942
0.161382
0.162072
0.162901
0.163637
0.16425
0.164746
0.165131
0.165405
0.165566
0.16561
0.165544
0.165352
0.165027
0.16456
0.163935
0.163126
0.162094
0.161127
0.160847
0.161152
0.161555
0.162058
0.162485
0.162895
0.163238
0.163496
0.163668
0.163762
0.16375
0.163612
0.163328
0.162863
0.162633
0.162665
0.162594
0.162828
0.163438
0.16402
0.16456
0.165222
0.16592
0.166604
0.167248
0.167855
0.168433
0.168996
0.169499
0.170088
0.170763
0.171407
0.172025
0.172606
0.173228
0.173946
0.174655
0.175339
0.176002
0.176665
0.177299
0.177955
0.178601
0.179232
0.179867
0.180511
0.181129
0.181726
0.182295
0.182844
0.183373
0.183921
0.184499
0.185099
0.185687
0.186261
0.186802
0.187306
0.187773
0.188231
0.188691
0.189166
0.18964
0.190131
0.190586
0.191032
0.191448
0.191825
0.192183
0.192618
0.193057
0.193454
0.193805
0.194107
0.194419
0.194783
0.195115
0.195462
0.195791
0.196082
0.196333
0.1966
0.196868
0.197159
0.197401
0.197596
0.197814
0.198052
0.198242
0.198422
0.198603
0.198743
0.198843
0.198904
0.198933
0.198962
0.198965
0.198927
0.198871
0.198829
0.198748
0.198686
0.198611
0.198555
0.198508
0.198428
0.198303
0.198134
0.197922
0.197665
0.197365
-0.061596
-0.0609947
-0.0603656
-0.059708
-0.0590216
-0.0583101
-0.0576058
-0.0569059
-0.0561833
-0.0554413
-0.0546617
-0.053844
-0.0529961
-0.0521107
-0.0511843
-0.0502184
-0.0492132
-0.0482793
-0.047465
-0.0466887
-0.0461499
-0.0456156
-0.045053
-0.0444899
-0.0439104
-0.0433014
-0.0426735
-0.0420302
-0.0413569
-0.0406611
-0.0399266
-0.0391515
-0.0383331
-0.0375163
-0.0367284
-0.0360713
-0.0354763
-0.0349919
-0.0347187
-0.0344186
-0.0340924
-0.0338492
-0.0336795
-0.0334887
-0.0332606
-0.0329911
-0.0326786
-0.0323833
-0.0321349
-0.0321701
-0.0321804
-0.0321448
-0.0321611
-0.0321966
-0.0322238
-0.0322337
-0.0322119
-0.0321508
-0.0322495
-0.0327094
-0.0332205
-0.0336805
-0.0340791
-0.0345275
-0.0350034
-0.0354145
-0.0357647
-0.0360848
-0.036531
-0.0370847
-0.0376256
-0.0381568
-0.0386583
-0.0391265
-0.0396872
-0.0403503
-0.0409889
-0.0416149
-0.0422349
-0.0428342
-0.0434934
-0.0441116
-0.044692
-0.0452868
-0.0459072
-0.0465317
-0.047153
-0.0477455
-0.048312
-0.0489697
-0.0496682
-0.0503711
-0.0510953
-0.0518032
-0.0524934
-0.0531537
-0.0537834
-0.0543826
-0.0549571
-0.0555023
-0.0560526
-0.0565984
-0.0571105
-0.0576193
-0.0581415
-0.0586332
-0.05916
-0.0597607
-0.0603514
-0.0609352
-0.0615086
-0.062056
-0.062579
-0.0630768
-0.063551
-0.064006
-0.0644352
-0.0648387
-0.0652258
-0.0656048
-0.0659766
-0.0663959
-0.0667978
-0.0671796
-0.0675414
-0.0678872
-0.0682559
-0.0686266
-0.0689786
-0.0693103
-0.0696179
-0.0699025
-0.0701926
-0.070465
-0.0707134
-0.0709377
-0.0711397
-0.0713396
-0.0715293
-0.0717055
-0.0719095
-0.0722522
-0.0725576
-0.0729804
-0.0734371
-0.0738521
-0.0742456
-0.0746229
-0.0749637
-0.0752747
-0.0755505
-0.075792
-0.0760004
-0.0761853
-0.0764319
-0.0768098
-0.0771416
-0.0774366
-0.0777105
-0.077948
-0.0781515
-0.0784326
-0.0787846
-0.0791823
-0.0795626
-0.0798987
-0.0801917
-0.0805738
-0.0809299
-0.0813039
-0.0816394
-0.0819326
-0.0822128
-0.0824757
-0.0827207
-0.0829463
-0.0831463
-0.0833106
-0.0835186
-0.0837949
-0.0840505
-0.0842869
-0.084501
-0.0846991
-0.0848756
-0.0850135
-0.0851133
-0.0852079
-0.0853299
-0.085478
-0.0855972
-0.0856924
-0.0857719
-0.0858359
-0.0858874
-0.0859251
-0.0859353
-0.0859195
-0.0859104
-0.0858983
-0.0858894
-0.085846
-0.0857687
-0.0856655
-0.0855387
-0.0854015
-0.0852491
-0.0850662
-0.0848535
-0.0846396
-0.0844011
-0.0841398
-0.0839043
-0.0836584
-0.0834186
-0.0831472
-0.0828415
-0.0825035
-0.0821758
-0.0818298
-0.0815242
-0.0812086
-0.0808606
-0.0804904
-0.0801029
-0.0796832
-0.0792544
-0.078814
-0.0783469
-0.0778728
-0.0773952
-0.0768819
-0.0763307
-0.075741
-0.0751191
-0.0744832
-0.0738086
-0.0731064
-0.0724791
-0.0718905
-0.071435
-0.0710136
-0.0705662
-0.07009
-0.0695839
-0.0690486
-0.0684902
-0.0679186
-0.0673175
-0.0666865
-0.0660122
-0.0652914
-0.0645272
-0.0637088
-0.0628272
-0.0618756
-0.0608801
-0.0601999
-0.0598332
-0.0594711
-0.0591087
-0.0587232
-0.0583098
-0.0578691
-0.0573972
-0.0568906
-0.0563503
-0.0557742
-0.0551494
-0.0544752
-0.053727
-0.0528866
-0.0519266
-0.0515008
-0.0512188
-0.0509563
-0.0507133
-0.0504647
-0.0502155
-0.0499498
-0.0496671
-0.0493731
-0.0490639
-0.0487394
-0.0483919
-0.0480294
-0.0476408
-0.0472273
-0.0468628
-0.0465641
-0.0462921
-0.046023
-0.0457567
-0.0454903
-0.04522
-0.0449499
-0.0446906
-0.0444175
-0.0441438
-0.043894
-0.0436375
-0.0433638
-0.0430744
-0.0427964
-0.0425227
-0.0422299
-0.0419189
-0.0415924
-0.0412669
-0.0409488
-0.0406143
-0.0402805
-0.0399437
-0.0395972
-0.0392913
-0.0390225
-0.0387638
-0.0385295
-0.0382961
-0.0380792
-0.0378767
-0.0376498
-0.0374003
-0.0371388
-0.0368726
-0.0365874
-0.0362832
-0.0359589
-0.0356168
-0.0353796
-0.0352025
-0.0351235
-0.0350784
-0.0350345
-0.0350213
-0.0349645
-0.0348668
-0.0347298
-0.0345764
-0.0344
-0.0343364
-0.0343428
-0.0343197
-0.034278
-0.0342232
-0.0341399
-0.0340569
-0.0341148
-0.0341974
-0.0345422
-0.0350558
-0.0355144
-0.0359147
-0.0362561
-0.0365395
-0.0367685
-0.0369346
-0.0370347
-0.0371189
-0.037167
-0.061596
-0.0609947
-0.0603656
-0.059708
-0.0590216
-0.0583101
-0.0576058
-0.0569059
-0.0561833
-0.0554413
-0.0546617
-0.053844
-0.0529961
-0.0521107
-0.0511843
-0.0502184
-0.0492132
-0.0482793
-0.047465
-0.0466887
-0.0461499
-0.0456156
-0.045053
-0.0444899
-0.0439104
-0.0433014
-0.0426735
-0.0420302
-0.0413569
-0.0406611
-0.0399266
-0.0391515
-0.0383331
-0.0375163
-0.0367284
-0.0360713
-0.0354763
-0.0349919
-0.0347187
-0.0344186
-0.0340924
-0.0338492
-0.0336795
-0.0334887
-0.0332606
-0.0329911
-0.0326786
-0.0323833
-0.0321349
-0.0321701
-0.0321804
-0.0321448
-0.0321611
-0.0321966
-0.0322238
-0.0322337
-0.0322119
-0.0321508
-0.0322495
-0.0327094
-0.0332205
-0.0336805
-0.0340791
-0.0345275
-0.0350034
-0.0354145
-0.0357647
-0.0360848
-0.036531
-0.0370847
-0.0376256
-0.0381568
-0.0386583
-0.0391265
-0.0396872
-0.0403503
-0.0409889
-0.0416149
-0.0422349
-0.0428342
-0.0434934
-0.0441116
-0.044692
-0.0452868
-0.0459072
-0.0465317
-0.047153
-0.0477455
-0.048312
-0.0489697
-0.0496682
-0.0503711
-0.0510953
-0.0518032
-0.0524934
-0.0531537
-0.0537834
-0.0543826
-0.0549571
-0.0555023
-0.0560526
-0.0565984
-0.0571105
-0.0576193
-0.0581415
-0.0586332
-0.05916
-0.0597607
-0.0603514
-0.0609352
-0.0615086
-0.062056
-0.062579
-0.0630768
-0.063551
-0.064006
-0.0644352
-0.0648387
-0.0652258
-0.0656048
-0.0659766
-0.0663959
-0.0667978
-0.0671796
-0.0675414
-0.0678872
-0.0682559
-0.0686266
-0.0689786
-0.0693103
-0.0696179
-0.0699025
-0.0701926
-0.070465
-0.0707134
-0.0709377
-0.0711397
-0.0713396
-0.0715293
-0.0717055
-0.0719095
-0.0722522
-0.0725576
-0.0729804
-0.0734371
-0.0738521
-0.0742456
-0.0746229
-0.0749637
-0.0752747
-0.0755505
-0.075792
-0.0760004
-0.0761853
-0.0764319
-0.0768098
-0.0771416
-0.0774366
-0.0777105
-0.077948
-0.0781515
-0.0784326
-0.0787846
-0.0791823
-0.0795626
-0.0798987
-0.0801917
-0.0805738
-0.0809299
-0.0813039
-0.0816394
-0.0819326
-0.0822128
-0.0824757
-0.0827207
-0.0829463
-0.0831463
-0.0833106
-0.0835186
-0.0837949
-0.0840505
-0.0842869
-0.084501
-0.0846991
-0.0848756
-0.0850135
-0.0851133
-0.0852079
-0.0853299
-0.085478
-0.0855972
-0.0856924
-0.0857719
-0.0858359
-0.0858874
-0.0859251
-0.0859353
-0.0859195
-0.0859104
-0.0858983
-0.0858894
-0.085846
-0.0857687
-0.0856655
-0.0855387
-0.0854015
-0.0852491
-0.0850662
-0.0848535
-0.0846396
-0.0844011
-0.0841398
-0.0839043
-0.0836584
-0.0834186
-0.0831472
-0.0828415
-0.0825035
-0.0821758
-0.0818298
-0.0815242
-0.0812086
-0.0808606
-0.0804904
-0.0801029
-0.0796832
-0.0792544
-0.078814
-0.0783469
-0.0778728
-0.0773952
-0.0768819
-0.0763307
-0.075741
-0.0751191
-0.0744832
-0.0738086
-0.0731064
-0.0724791
-0.0718905
-0.071435
-0.0710136
-0.0705662
-0.07009
-0.0695839
-0.0690486
-0.0684902
-0.0679186
-0.0673175
-0.0666865
-0.0660122
-0.0652914
-0.0645272
-0.0637088
-0.0628272
-0.0618756
-0.0608801
-0.0601999
-0.0598332
-0.0594711
-0.0591087
-0.0587232
-0.0583098
-0.0578691
-0.0573972
-0.0568906
-0.0563503
-0.0557742
-0.0551494
-0.0544752
-0.053727
-0.0528866
-0.0519266
-0.0515008
-0.0512188
-0.0509563
-0.0507133
-0.0504647
-0.0502155
-0.0499498
-0.0496671
-0.0493731
-0.0490639
-0.0487394
-0.0483919
-0.0480294
-0.0476408
-0.0472273
-0.0468628
-0.0465641
-0.0462921
-0.046023
-0.0457567
-0.0454903
-0.04522
-0.0449499
-0.0446906
-0.0444175
-0.0441438
-0.043894
-0.0436375
-0.0433638
-0.0430744
-0.0427964
-0.0425227
-0.0422299
-0.0419189
-0.0415924
-0.0412669
-0.0409488
-0.0406143
-0.0402805
-0.0399437
-0.0395972
-0.0392913
-0.0390225
-0.0387638
-0.0385295
-0.0382961
-0.0380792
-0.0378767
-0.0376498
-0.0374003
-0.0371388
-0.0368726
-0.0365874
-0.0362832
-0.0359589
-0.0356168
-0.0353796
-0.0352025
-0.0351235
-0.0350784
-0.0350345
-0.0350213
-0.0349645
-0.0348668
-0.0347298
-0.0345764
-0.0344
-0.0343364
-0.0343428
-0.0343197
-0.034278
-0.0342232
-0.0341399
-0.0340569
-0.0341148
-0.0341974
-0.0345422
-0.0350558
-0.0355144
-0.0359147
-0.0362561
-0.0365395
-0.0367685
-0.0369346
-0.0370347
-0.0371189
-0.037167
0.175723
0.176754
0.177687
0.178521
0.179256
0.179889
0.180418
0.180837
0.181212
0.181646
0.182306
0.183014
0.183923
0.184747
0.185587
0.186372
0.187086
0.187735
0.188335
0.188871
0.189338
0.189732
0.190053
0.190327
0.190543
0.190671
0.190732
0.190924
0.191113
0.191235
0.191316
0.191399
0.191589
0.191736
0.191841
0.191917
0.191973
0.191986
0.192003
0.191995
0.191943
0.191853
0.191718
0.191549
0.191425
0.191296
0.19113
0.19093
0.190708
0.190449
0.190177
0.189889
0.189619
0.189333
0.189024
0.188683
0.188313
0.187913
0.187498
0.187073
0.186665
0.18627
0.18588
0.18547
0.185039
0.184579
0.18409
0.183573
0.183062
0.182547
0.182046
0.181536
0.181033
0.180502
0.179977
0.17943
0.178852
0.178275
0.177818
0.177336
0.176815
0.176259
0.175674
0.175156
0.174708
0.174205
0.1737
0.173174
0.17261
0.172009
0.171445
0.170881
0.170336
0.169759
0.169166
0.168693
0.168211
0.167688
0.167208
0.166738
0.166217
0.165654
0.16505
0.164421
0.163781
0.163116
0.162419
0.161708
0.161025
0.160315
0.159661
0.159022
0.158474
0.157969
0.157448
0.156889
0.156298
0.155675
0.155023
0.154345
0.153639
0.152912
0.152157
0.151376
0.150568
0.149733
0.148873
0.147985
0.147131
0.146405
0.145752
0.145073
0.144411
0.143704
0.143007
0.142291
0.141546
0.140773
0.139994
0.139188
0.138347
0.137465
0.136545
0.13584
0.135242
0.134543
0.13422
0.134164
0.133924
0.133547
0.133361
0.133206
0.133068
0.132832
0.132497
0.132093
0.131701
0.131206
0.131447
0.132042
0.132364
0.132455
0.132344
0.132726
0.133857
0.134683
0.135245
0.135586
0.135748
0.135699
0.135845
0.136073
0.136725
0.137518
0.138342
0.138928
0.139297
0.139458
0.139422
0.139217
0.139016
0.138969
0.13937
0.139714
0.139907
0.139948
0.139833
0.139567
0.139165
0.138607
0.137934
0.13734
0.137496
0.137546
0.13752
0.137387
0.137134
0.136773
0.136461
0.136296
0.136049
0.135712
0.135282
0.134777
0.134219
0.133553
0.133133
0.13269
0.132145
0.131491
0.130746
0.130048
0.12983
0.129539
0.129171
0.128787
0.128575
0.128316
0.128025
0.127706
0.127386
0.127014
0.126589
0.126113
0.125605
0.125044
0.124421
0.123755
0.123089
0.122344
0.121747
0.121215
0.121002
0.121006
0.120991
0.120925
0.120815
0.120684
0.120523
0.120325
0.120089
0.119817
0.119509
0.119165
0.118785
0.118369
0.117915
0.117422
0.117231
0.117803
0.118781
0.119685
0.120591
0.121361
0.122079
0.122714
0.123264
0.123738
0.124157
0.124511
0.124797
0.12502
0.125183
0.125724
0.126456
0.127021
0.127924
0.129064
0.12999
0.130765
0.131576
0.132338
0.133016
0.133599
0.134091
0.134513
0.134892
0.135196
0.135581
0.135987
0.136297
0.136525
0.136676
0.13685
0.137076
0.137235
0.13733
0.137366
0.137372
0.137321
0.137271
0.137188
0.137084
0.13698
0.136859
0.136688
0.136488
0.136239
0.135954
0.135637
0.135336
0.135079
0.134818
0.134534
0.134229
0.133886
0.133504
0.133094
0.132679
0.132251
0.131877
0.131526
0.131186
0.13081
0.130425
0.13001
0.129558
0.129096
0.128724
0.128362
0.127977
0.12756
0.127117
0.126736
0.126396
0.126011
0.125635
0.125241
0.124812
0.124348
0.1239
0.123454
0.123046
0.122607
0.122171
0.121798
0.12144
0.121052
0.120681
0.120315
0.11992
0.119494
0.119036
0.118558
0.118093
0.117612
0.117104
0.116589
0.1161
0.115583
0.115097
0.114612
0.114172
0.11376
0.113327
0.112864
0.112374
0.111861
0.111336
0.110821
0.100924
0.101454
0.101952
0.102416
0.102845
0.103233
0.103576
0.103864
0.104158
0.104606
0.105415
0.106364
0.107544
0.108654
0.109797
0.1109
0.111956
0.112969
0.113956
0.114907
0.115815
0.116681
0.117504
0.118313
0.119116
0.119886
0.120649
0.121598
0.122552
0.12345
0.124324
0.125225
0.126228
0.127177
0.128072
0.128933
0.129772
0.13057
0.131372
0.132157
0.132906
0.133625
0.134308
0.13497
0.135686
0.136423
0.137135
0.137813
0.138469
0.13909
0.139701
0.1403
0.140929
0.141543
0.142138
0.142707
0.143277
0.143812
0.144333
0.144839
0.145365
0.145916
0.146482
0.147022
0.147534
0.148005
0.148435
0.148824
0.1492
0.149576
0.150006
0.150458
0.150912
0.151324
0.151732
0.152106
0.152432
0.152733
0.15312
0.153536
0.153927
0.154264
0.154546
0.154884
0.155307
0.155693
0.156086
0.156456
0.156781
0.157062
0.15737
0.157672
0.157974
0.158219
0.158423
0.158706
0.158993
0.159225
0.159466
0.159732
0.159971
0.160167
0.16032
0.16044
0.16054
0.1606
0.160613
0.160595
0.160582
0.160519
0.160483
0.160427
0.160416
0.160425
0.160413
0.160348
0.160229
0.160058
0.159839
0.159582
0.159264
0.158886
0.158442
0.15793
0.157346
0.156686
0.155943
0.155108
0.154231
0.153433
0.152703
0.151941
0.151171
0.150321
0.149439
0.148483
0.14743
0.146283
0.145054
0.143711
0.142235
0.140605
0.138799
0.137054
0.135379
0.133547
0.131971
0.13071
0.129346
0.127864
0.126572
0.125325
0.124073
0.122668
0.121095
0.119357
0.117512
0.115395
0.113818
0.112729
0.111501
0.110121
0.10856
0.107424
0.107167
0.106925
0.10659
0.106173
0.1057
0.105125
0.104852
0.104793
0.105168
0.105649
0.106312
0.106893
0.107387
0.107798
0.108135
0.108427
0.108861
0.109625
0.110922
0.112193
0.113358
0.114423
0.115395
0.116305
0.117159
0.117972
0.118804
0.119861
0.121673
0.123338
0.124905
0.126361
0.127711
0.128982
0.130345
0.131813
0.133151
0.134373
0.135492
0.13654
0.137551
0.138485
0.139686
0.140869
0.141968
0.142985
0.143953
0.145021
0.146534
0.147917
0.149195
0.150435
0.15178
0.152994
0.154102
0.155109
0.156015
0.156823
0.157537
0.158166
0.158731
0.159219
0.159622
0.159968
0.160302
0.160552
0.160942
0.161382
0.162072
0.162901
0.163637
0.16425
0.164746
0.165131
0.165405
0.165566
0.16561
0.165544
0.165352
0.165027
0.16456
0.163935
0.163126
0.162094
0.161127
0.160847
0.161152
0.161555
0.162058
0.162485
0.162895
0.163238
0.163496
0.163668
0.163762
0.16375
0.163612
0.163328
0.162863
0.162633
0.162665
0.162594
0.162828
0.163438
0.16402
0.16456
0.165222
0.16592
0.166604
0.167248
0.167855
0.168433
0.168996
0.169499
0.170088
0.170763
0.171407
0.172025
0.172606
0.173228
0.173946
0.174655
0.175339
0.176002
0.176665
0.177299
0.177955
0.178601
0.179232
0.179867
0.180511
0.181129
0.181726
0.182295
0.182844
0.183373
0.183921
0.184499
0.185099
0.185687
0.186261
0.186802
0.187306
0.187773
0.188231
0.188691
0.189166
0.18964
0.190131
0.190586
0.191032
0.191448
0.191825
0.192183
0.192618
0.193057
0.193454
0.193805
0.194107
0.194419
0.194783
0.195115
0.195462
0.195791
0.196082
0.196333
0.1966
0.196868
0.197159
0.197401
0.197596
0.197814
0.198052
0.198242
0.198422
0.198603
0.198743
0.198843
0.198904
0.198933
0.198962
0.198965
0.198927
0.198871
0.198829
0.198748
0.198686
0.198611
0.198555
0.198508
0.198428
0.198303
0.198134
0.197922
0.197665
0.197365
0.201781
0.200872
0.199918
0.19892
0.197891
0.196845
0.195774
0.194725
0.193671
0.192597
0.191531
0.190493
0.189397
0.188302
0.187171
0.186026
0.184829
0.183593
0.182297
0.180963
0.179572
0.178119
0.176609
0.175042
0.173545
0.172152
0.170754
0.169285
0.168106
0.16697
0.165975
0.164977
0.163873
0.162664
0.161423
0.160333
0.159181
0.157994
0.156713
0.155623
0.154734
0.153746
0.152615
0.151432
0.150133
0.149117
0.148589
0.148554
0.148546
0.148341
0.147952
0.147382
0.146632
0.145875
0.145194
0.145184
0.145096
0.144877
0.144694
0.144513
0.144317
0.143997
0.143584
0.143098
0.142571
0.141888
0.14156
0.141428
0.141676
0.14188
0.142038
0.142113
0.142075
0.141922
0.141651
0.141467
0.141393
0.141445
0.14143
0.141632
0.141782
0.141852
0.141835
0.141818
0.141713
0.141536
0.141614
0.141724
0.142056
0.142321
0.142512
0.142641
0.142827
0.143116
0.143458
0.143787
0.144064
0.144328
0.144619
0.144862
0.145062
0.145227
0.145329
0.145469
0.14559
0.14569
0.145819
0.145907
0.14613
0.146384
0.146675
0.146961
0.147296
0.14769
0.148125
0.148645
0.149183
0.149708
0.150208
0.150686
0.151114
0.151497
0.151831
0.152115
0.152354
0.152561
0.152761
0.153025
0.153404
0.153887
0.154601
0.155667
0.156601
0.157688
0.158763
0.159913
0.160974
0.16201
0.16296
0.163891
0.164757
0.165552
0.166292
0.166984
0.167799
0.168834
0.16978
0.170625
0.171721
0.172823
0.174051
0.175172
0.176188
0.177111
0.177993
0.178938
0.179832
0.180695
0.181492
0.182281
0.183069
0.183785
0.18443
0.185036
0.185598
0.186163
0.186728
0.187316
0.187845
0.188312
0.188724
0.189077
0.189384
0.189672
0.189963
0.190293
0.190593
0.190848
0.191067
0.191244
0.191397
0.191531
0.191655
0.191757
0.191848
0.191899
0.191934
0.191987
0.192056
0.19211
0.192141
0.192127
0.192063
0.191951
0.191791
0.191631
0.191465
0.191345
0.191188
0.191049
0.190901
0.190723
0.190499
0.190292
0.190057
0.189798
0.18954
0.189257
0.188984
0.188668
0.188306
0.187914
0.18751
0.187105
0.18674
0.186382
0.185996
0.185619
0.185265
0.184905
0.184569
0.184193
0.183772
0.18332
0.18283
0.182303
0.181745
0.181146
0.180534
0.179895
0.179226
0.17853
0.177825
0.177114
0.176391
0.175706
0.175019
0.174334
0.173638
0.172912
0.17214
0.171319
0.170447
0.169521
0.168541
0.167513
0.166448
0.165402
0.164438
0.163482
0.162484
0.161442
0.160349
0.159216
0.158029
0.156791
0.15549
0.154134
0.152693
0.151183
0.149565
0.14781
0.14594
0.14416
0.142509
0.140874
0.139557
0.138256
0.13713
0.135981
0.134801
0.133635
0.13239
0.131049
0.129613
0.128097
0.126427
0.124575
0.123194
0.121685
0.120022
0.118596
0.117286
0.11656
0.115828
0.115122
0.114574
0.114267
0.114103
0.113866
0.11355
0.113137
0.112609
0.11233
0.1121
0.112293
0.112678
0.113123
0.113558
0.113972
0.114423
0.114813
0.115205
0.115616
0.116303
0.116937
0.117539
0.118293
0.11922
0.120216
0.121191
0.122082
0.122896
0.123635
0.12438
0.125567
0.126992
0.128573
0.130052
0.131518
0.132996
0.134628
0.136241
0.13775
0.139187
0.140569
0.141907
0.143159
0.144346
0.145451
0.14648
0.147617
0.148813
0.150003
0.151237
0.152698
0.154238
0.15598
0.157747
0.159574
0.161345
0.162999
0.164535
0.165985
0.167341
0.168608
0.169806
0.170915
0.171974
0.17297
0.173903
0.174768
0.175588
0.176391
0.177349
0.178612
0.179981
0.181341
0.182599
0.183731
0.201781
0.200872
0.199918
0.19892
0.197891
0.196845
0.195774
0.194725
0.193671
0.192597
0.191531
0.190493
0.189397
0.188302
0.187171
0.186026
0.184829
0.183593
0.182297
0.180963
0.179572
0.178119
0.176609
0.175042
0.173545
0.172152
0.170754
0.169285
0.168106
0.16697
0.165975
0.164977
0.163873
0.162664
0.161423
0.160333
0.159181
0.157994
0.156713
0.155623
0.154734
0.153746
0.152615
0.151432
0.150133
0.149117
0.148589
0.148554
0.148546
0.148341
0.147952
0.147382
0.146632
0.145875
0.145194
0.145184
0.145096
0.144877
0.144694
0.144513
0.144317
0.143997
0.143584
0.143098
0.142571
0.141888
0.14156
0.141428
0.141676
0.14188
0.142038
0.142113
0.142075
0.141922
0.141651
0.141467
0.141393
0.141445
0.14143
0.141632
0.141782
0.141852
0.141835
0.141818
0.141713
0.141536
0.141614
0.141724
0.142056
0.142321
0.142512
0.142641
0.142827
0.143116
0.143458
0.143787
0.144064
0.144328
0.144619
0.144862
0.145062
0.145227
0.145329
0.145469
0.14559
0.14569
0.145819
0.145907
0.14613
0.146384
0.146675
0.146961
0.147296
0.14769
0.148125
0.148645
0.149183
0.149708
0.150208
0.150686
0.151114
0.151497
0.151831
0.152115
0.152354
0.152561
0.152761
0.153025
0.153404
0.153887
0.154601
0.155667
0.156601
0.157688
0.158763
0.159913
0.160974
0.16201
0.16296
0.163891
0.164757
0.165552
0.166292
0.166984
0.167799
0.168834
0.16978
0.170625
0.171721
0.172823
0.174051
0.175172
0.176188
0.177111
0.177993
0.178938
0.179832
0.180695
0.181492
0.182281
0.183069
0.183785
0.18443
0.185036
0.185598
0.186163
0.186728
0.187316
0.187845
0.188312
0.188724
0.189077
0.189384
0.189672
0.189963
0.190293
0.190593
0.190848
0.191067
0.191244
0.191397
0.191531
0.191655
0.191757
0.191848
0.191899
0.191934
0.191987
0.192056
0.19211
0.192141
0.192127
0.192063
0.191951
0.191791
0.191631
0.191465
0.191345
0.191188
0.191049
0.190901
0.190723
0.190499
0.190292
0.190057
0.189798
0.18954
0.189257
0.188984
0.188668
0.188306
0.187914
0.18751
0.187105
0.18674
0.186382
0.185996
0.185619
0.185265
0.184905
0.184569
0.184193
0.183772
0.18332
0.18283
0.182303
0.181745
0.181146
0.180534
0.179895
0.179226
0.17853
0.177825
0.177114
0.176391
0.175706
0.175019
0.174334
0.173638
0.172912
0.17214
0.171319
0.170447
0.169521
0.168541
0.167513
0.166448
0.165402
0.164438
0.163482
0.162484
0.161442
0.160349
0.159216
0.158029
0.156791
0.15549
0.154134
0.152693
0.151183
0.149565
0.14781
0.14594
0.14416
0.142509
0.140874
0.139557
0.138256
0.13713
0.135981
0.134801
0.133635
0.13239
0.131049
0.129613
0.128097
0.126427
0.124575
0.123194
0.121685
0.120022
0.118596
0.117286
0.11656
0.115828
0.115122
0.114574
0.114267
0.114103
0.113866
0.11355
0.113137
0.112609
0.11233
0.1121
0.112293
0.112678
0.113123
0.113558
0.113972
0.114423
0.114813
0.115205
0.115616
0.116303
0.116937
0.117539
0.118293
0.11922
0.120216
0.121191
0.122082
0.122896
0.123635
0.12438
0.125567
0.126992
0.128573
0.130052
0.131518
0.132996
0.134628
0.136241
0.13775
0.139187
0.140569
0.141907
0.143159
0.144346
0.145451
0.14648
0.147617
0.148813
0.150003
0.151237
0.152698
0.154238
0.15598
0.157747
0.159574
0.161345
0.162999
0.164535
0.165985
0.167341
0.168608
0.169806
0.170915
0.171974
0.17297
0.173903
0.174768
0.175588
0.176391
0.177349
0.178612
0.179981
0.181341
0.182599
0.183731
0.175723
0.176754
0.177687
0.178521
0.179256
0.179889
0.180418
0.180837
0.181212
0.181646
0.182306
0.183014
0.183923
0.184747
0.185587
0.186372
0.187086
0.187735
0.188335
0.188871
0.189338
0.189732
0.190053
0.190327
0.190543
0.190671
0.190732
0.190924
0.191113
0.191235
0.191316
0.191399
0.191589
0.191736
0.191841
0.191917
0.191973
0.191986
0.192003
0.191995
0.191943
0.191853
0.191718
0.191549
0.191425
0.191296
0.19113
0.19093
0.190708
0.190449
0.190177
0.189889
0.189619
0.189333
0.189024
0.188683
0.188313
0.187913
0.187498
0.187073
0.186665
0.18627
0.18588
0.18547
0.185039
0.184579
0.18409
0.183573
0.183062
0.182547
0.182046
0.181536
0.181033
0.180502
0.179977
0.17943
0.178852
0.178275
0.177818
0.177336
0.176815
0.176259
0.175674
0.175156
0.174708
0.174205
0.1737
0.173174
0.17261
0.172009
0.171445
0.170881
0.170336
0.169759
0.169166
0.168693
0.168211
0.167688
0.167208
0.166738
0.166217
0.165654
0.16505
0.164421
0.163781
0.163116
0.162419
0.161708
0.161025
0.160315
0.159661
0.159022
0.158474
0.157969
0.157448
0.156889
0.156298
0.155675
0.155023
0.154345
0.153639
0.152912
0.152157
0.151376
0.150568
0.149733
0.148873
0.147985
0.147131
0.146405
0.145752
0.145073
0.144411
0.143704
0.143007
0.142291
0.141546
0.140773
0.139994
0.139188
0.138347
0.137465
0.136545
0.13584
0.135242
0.134543
0.13422
0.134164
0.133924
0.133547
0.133361
0.133206
0.133068
0.132832
0.132497
0.132093
0.131701
0.131206
0.131447
0.132042
0.132364
0.132455
0.132344
0.132726
0.133857
0.134683
0.135245
0.135586
0.135748
0.135699
0.135845
0.136073
0.136725
0.137518
0.138342
0.138928
0.139297
0.139458
0.139422
0.139217
0.139016
0.138969
0.13937
0.139714
0.139907
0.139948
0.139833
0.139567
0.139165
0.138607
0.137934
0.13734
0.137496
0.137546
0.13752
0.137387
0.137134
0.136773
0.136461
0.136296
0.136049
0.135712
0.135282
0.134777
0.134219
0.133553
0.133133
0.13269
0.132145
0.131491
0.130746
0.130048
0.12983
0.129539
0.129171
0.128787
0.128575
0.128316
0.128025
0.127706
0.127386
0.127014
0.126589
0.126113
0.125605
0.125044
0.124421
0.123755
0.123089
0.122344
0.121747
0.121215
0.121002
0.121006
0.120991
0.120925
0.120815
0.120684
0.120523
0.120325
0.120089
0.119817
0.119509
0.119165
0.118785
0.118369
0.117915
0.117422
0.117231
0.117803
0.118781
0.119685
0.120591
0.121361
0.122079
0.122714
0.123264
0.123738
0.124157
0.124511
0.124797
0.12502
0.125183
0.125724
0.126456
0.127021
0.127924
0.129064
0.12999
0.130765
0.131576
0.132338
0.133016
0.133599
0.134091
0.134513
0.134892
0.135196
0.135581
0.135987
0.136297
0.136525
0.136676
0.13685
0.137076
0.137235
0.13733
0.137366
0.137372
0.137321
0.137271
0.137188
0.137084
0.13698
0.136859
0.136688
0.136488
0.136239
0.135954
0.135637
0.135336
0.135079
0.134818
0.134534
0.134229
0.133886
0.133504
0.133094
0.132679
0.132251
0.131877
0.131526
0.131186
0.13081
0.130425
0.13001
0.129558
0.129096
0.128724
0.128362
0.127977
0.12756
0.127117
0.126736
0.126396
0.126011
0.125635
0.125241
0.124812
0.124348
0.1239
0.123454
0.123046
0.122607
0.122171
0.121798
0.12144
0.121052
0.120681
0.120315
0.11992
0.119494
0.119036
0.118558
0.118093
0.117612
0.117104
0.116589
0.1161
0.115583
0.115097
0.114612
0.114172
0.11376
0.113327
0.112864
0.112374
0.111861
0.111336
0.110821
0.100924
0.101454
0.101952
0.102416
0.102845
0.103233
0.103576
0.103864
0.104158
0.104606
0.105415
0.106364
0.107544
0.108654
0.109797
0.1109
0.111956
0.112969
0.113956
0.114907
0.115815
0.116681
0.117504
0.118313
0.119116
0.119886
0.120649
0.121598
0.122552
0.12345
0.124324
0.125225
0.126228
0.127177
0.128072
0.128933
0.129772
0.13057
0.131372
0.132157
0.132906
0.133625
0.134308
0.13497
0.135686
0.136423
0.137135
0.137813
0.138469
0.13909
0.139701
0.1403
0.140929
0.141543
0.142138
0.142707
0.143277
0.143812
0.144333
0.144839
0.145365
0.145916
0.146482
0.147022
0.147534
0.148005
0.148435
0.148824
0.1492
0.149576
0.150006
0.150458
0.150912
0.151324
0.151732
0.152106
0.152432
0.152733
0.15312
0.153536
0.153927
0.154264
0.154546
0.154884
0.155307
0.155693
0.156086
0.156456
0.156781
0.157062
0.15737
0.157672
0.157974
0.158219
0.158423
0.158706
0.158993
0.159225
0.159466
0.159732
0.159971
0.160167
0.16032
0.16044
0.16054
0.1606
0.160613
0.160595
0.160582
0.160519
0.160483
0.160427
0.160416
0.160425
0.160413
0.160348
0.160229
0.160058
0.159839
0.159582
0.159264
0.158886
0.158442
0.15793
0.157346
0.156686
0.155943
0.155108
0.154231
0.153433
0.152703
0.151941
0.151171
0.150321
0.149439
0.148483
0.14743
0.146283
0.145054
0.143711
0.142235
0.140605
0.138799
0.137054
0.135379
0.133547
0.131971
0.13071
0.129346
0.127864
0.126572
0.125325
0.124073
0.122668
0.121095
0.119357
0.117512
0.115395
0.113818
0.112729
0.111501
0.110121
0.10856
0.107424
0.107167
0.106925
0.10659
0.106173
0.1057
0.105125
0.104852
0.104793
0.105168
0.105649
0.106312
0.106893
0.107387
0.107798
0.108135
0.108427
0.108861
0.109625
0.110922
0.112193
0.113358
0.114423
0.115395
0.116305
0.117159
0.117972
0.118804
0.119861
0.121673
0.123338
0.124905
0.126361
0.127711
0.128982
0.130345
0.131813
0.133151
0.134373
0.135492
0.13654
0.137551
0.138485
0.139686
0.140869
0.141968
0.142985
0.143953
0.145021
0.146534
0.147917
0.149195
0.150435
0.15178
0.152994
0.154102
0.155109
0.156015
0.156823
0.157537
0.158166
0.158731
0.159219
0.159622
0.159968
0.160302
0.160552
0.160942
0.161382
0.162072
0.162901
0.163637
0.16425
0.164746
0.165131
0.165405
0.165566
0.16561
0.165544
0.165352
0.165027
0.16456
0.163935
0.163126
0.162094
0.161127
0.160847
0.161152
0.161555
0.162058
0.162485
0.162895
0.163238
0.163496
0.163668
0.163762
0.16375
0.163612
0.163328
0.162863
0.162633
0.162665
0.162594
0.162828
0.163438
0.16402
0.16456
0.165222
0.16592
0.166604
0.167248
0.167855
0.168433
0.168996
0.169499
0.170088
0.170763
0.171407
0.172025
0.172606
0.173228
0.173946
0.174655
0.175339
0.176002
0.176665
0.177299
0.177955
0.178601
0.179232
0.179867
0.180511
0.181129
0.181726
0.182295
0.182844
0.183373
0.183921
0.184499
0.185099
0.185687
0.186261
0.186802
0.187306
0.187773
0.188231
0.188691
0.189166
0.18964
0.190131
0.190586
0.191032
0.191448
0.191825
0.192183
0.192618
0.193057
0.193454
0.193805
0.194107
0.194419
0.194783
0.195115
0.195462
0.195791
0.196082
0.196333
0.1966
0.196868
0.197159
0.197401
0.197596
0.197814
0.198052
0.198242
0.198422
0.198603
0.198743
0.198843
0.198904
0.198933
0.198962
0.198965
0.198927
0.198871
0.198829
0.198748
0.198686
0.198611
0.198555
0.198508
0.198428
0.198303
0.198134
0.197922
0.197665
0.197365
0.691759
0.690319
0.688953
0.687456
0.685838
0.684111
0.682274
0.680333
0.678497
0.677124
0.676203
0.675172
0.674022
0.672837
0.671543
0.670138
0.668632
0.667603
0.667168
0.666655
0.666065
0.665519
0.664783
0.663862
0.662946
0.661873
0.661289
0.66109
0.660711
0.660592
0.660562
0.660315
0.660653
0.661537
0.662003
0.663798
0.665153
0.666078
0.666667
0.666939
0.666996
0.666918
0.666714
0.666338
0.665967
0.665416
0.664668
0.663855
0.663345
0.66274
0.662121
0.661251
0.66041
0.659321
0.657981
0.656386
0.654639
0.652764
0.650899
0.649106
0.647263
0.645291
0.643177
0.640905
0.638395
0.63564
0.632618
0.629645
0.626478
0.623299
0.620774
0.618418
0.615928
0.613239
0.610384
0.607863
0.605461
0.602895
0.600499
0.598474
0.596277
0.593913
0.591351
0.588733
0.586127
0.583335
0.580353
0.577256
0.573918
0.570635
0.568146
0.565526
0.562945
0.560803
0.55856
0.556766
0.554972
0.553016
0.551552
0.550671
0.549588
0.54858
0.547635
0.546576
0.545405
0.544119
0.542951
0.54163
0.540101
0.538948
0.538679
0.539282
0.53967
0.539838
0.539779
0.539479
0.53891
0.538297
0.538063
0.538618
0.539496
0.541126
0.543468
0.54543
0.547062
0.548397
0.549456
0.550253
0.551431
0.553374
0.555401
0.557374
0.559212
0.561036
0.562736
0.564397
0.565915
0.568261
0.571179
0.573946
0.576395
0.579045
0.581592
0.583918
0.586084
0.588118
0.590187
0.592211
0.594181
0.596134
0.597989
0.599711
0.601486
0.603295
0.604954
0.606685
0.608299
0.609773
0.611173
0.612469
0.613713
0.614965
0.61617
0.617282
0.618347
0.619371
0.620326
0.621204
0.622097
0.623002
0.62389
0.624676
0.625467
0.626174
0.626824
0.6274
0.627899
0.628361
0.628745
0.629086
0.629439
0.629831
0.630241
0.630623
0.630901
0.631077
0.631151
0.631235
0.63123
0.631214
0.631245
0.631248
0.631181
0.631028
0.630829
0.630561
0.63022
0.629878
0.629553
0.629197
0.628777
0.628291
0.627696
0.627016
0.626335
0.625559
0.624729
0.623967
0.623108
0.622168
0.621202
0.620169
0.619125
0.618081
0.616989
0.615844
0.614609
0.613284
0.61199
0.610661
0.609346
0.608075
0.606856
0.605575
0.604221
0.602795
0.601354
0.599881
0.598405
0.596938
0.595512
0.594097
0.592591
0.590991
0.589295
0.587505
0.585611
0.58374
0.581968
0.58028
0.578836
0.577437
0.575975
0.574414
0.572754
0.570995
0.56913
0.567159
0.56518
0.563264
0.561369
0.559384
0.557322
0.555464
0.553589
0.551732
0.54979
0.547821
0.545775
0.543614
0.541718
0.540129
0.538385
0.536497
0.535152
0.533578
0.531979
0.530858
0.529644
0.528768
0.527944
0.526772
0.52593
0.525273
0.52439
0.523434
0.522354
0.521014
0.519362
0.517327
0.515377
0.514111
0.514083
0.513966
0.51425
0.514275
0.513979
0.513319
0.512697
0.513302
0.515821
0.518033
0.520279
0.522199
0.523746
0.524876
0.526044
0.527246
0.528902
0.531202
0.534097
0.537364
0.540443
0.543396
0.546078
0.548488
0.550625
0.552761
0.554707
0.556963
0.560434
0.563858
0.567086
0.57015
0.573264
0.57637
0.579402
0.582794
0.586666
0.590664
0.594525
0.598237
0.601774
0.605218
0.608522
0.611678
0.614752
0.617918
0.62092
0.623785
0.626723
0.629877
0.633067
0.636383
0.639691
0.64297
0.646127
0.649145
0.652221
0.655231
0.658126
0.660896
0.663581
0.666157
0.668772
0.671409
0.67416
0.67687
0.679431
0.681857
0.684276
0.686759
0.689088
0.691264
0.693286
0.695156
0.696865
0.698512
0.700202
0.701846
0.691759
0.690319
0.688953
0.687456
0.685838
0.684111
0.682274
0.680333
0.678497
0.677124
0.676203
0.675172
0.674022
0.672837
0.671543
0.670138
0.668632
0.667603
0.667168
0.666655
0.666065
0.665519
0.664783
0.663862
0.662946
0.661873
0.661289
0.66109
0.660711
0.660592
0.660562
0.660315
0.660653
0.661537
0.662003
0.663798
0.665153
0.666078
0.666667
0.666939
0.666996
0.666918
0.666714
0.666338
0.665967
0.665416
0.664668
0.663855
0.663345
0.66274
0.662121
0.661251
0.66041
0.659321
0.657981
0.656386
0.654639
0.652764
0.650899
0.649106
0.647263
0.645291
0.643177
0.640905
0.638395
0.63564
0.632618
0.629645
0.626478
0.623299
0.620774
0.618418
0.615928
0.613239
0.610384
0.607863
0.605461
0.602895
0.600499
0.598474
0.596277
0.593913
0.591351
0.588733
0.586127
0.583335
0.580353
0.577256
0.573918
0.570635
0.568146
0.565526
0.562945
0.560803
0.55856
0.556766
0.554972
0.553016
0.551552
0.550671
0.549588
0.54858
0.547635
0.546576
0.545405
0.544119
0.542951
0.54163
0.540101
0.538948
0.538679
0.539282
0.53967
0.539838
0.539779
0.539479
0.53891
0.538297
0.538063
0.538618
0.539496
0.541126
0.543468
0.54543
0.547062
0.548397
0.549456
0.550253
0.551431
0.553374
0.555401
0.557374
0.559212
0.561036
0.562736
0.564397
0.565915
0.568261
0.571179
0.573946
0.576395
0.579045
0.581592
0.583918
0.586084
0.588118
0.590187
0.592211
0.594181
0.596134
0.597989
0.599711
0.601486
0.603295
0.604954
0.606685
0.608299
0.609773
0.611173
0.612469
0.613713
0.614965
0.61617
0.617282
0.618347
0.619371
0.620326
0.621204
0.622097
0.623002
0.62389
0.624676
0.625467
0.626174
0.626824
0.6274
0.627899
0.628361
0.628745
0.629086
0.629439
0.629831
0.630241
0.630623
0.630901
0.631077
0.631151
0.631235
0.63123
0.631214
0.631245
0.631248
0.631181
0.631028
0.630829
0.630561
0.63022
0.629878
0.629553
0.629197
0.628777
0.628291
0.627696
0.627016
0.626335
0.625559
0.624729
0.623967
0.623108
0.622168
0.621202
0.620169
0.619125
0.618081
0.616989
0.615844
0.614609
0.613284
0.61199
0.610661
0.609346
0.608075
0.606856
0.605575
0.604221
0.602795
0.601354
0.599881
0.598405
0.596938
0.595512
0.594097
0.592591
0.590991
0.589295
0.587505
0.585611
0.58374
0.581968
0.58028
0.578836
0.577437
0.575975
0.574414
0.572754
0.570995
0.56913
0.567159
0.56518
0.563264
0.561369
0.559384
0.557322
0.555464
0.553589
0.551732
0.54979
0.547821
0.545775
0.543614
0.541718
0.540129
0.538385
0.536497
0.535152
0.533578
0.531979
0.530858
0.529644
0.528768
0.527944
0.526772
0.52593
0.525273
0.52439
0.523434
0.522354
0.521014
0.519362
0.517327
0.515377
0.514111
0.514083
0.513966
0.51425
0.514275
0.513979
0.513319
0.512697
0.513302
0.515821
0.518033
0.520279
0.522199
0.523746
0.524876
0.526044
0.527246
0.528902
0.531202
0.534097
0.537364
0.540443
0.543396
0.546078
0.548488
0.550625
0.552761
0.554707
0.556963
0.560434
0.563858
0.567086
0.57015
0.573264
0.57637
0.579402
0.582794
0.586666
0.590664
0.594525
0.598237
0.601774
0.605218
0.608522
0.611678
0.614752
0.617918
0.62092
0.623785
0.626723
0.629877
0.633067
0.636383
0.639691
0.64297
0.646127
0.649145
0.652221
0.655231
0.658126
0.660896
0.663581
0.666157
0.668772
0.671409
0.67416
0.67687
0.679431
0.681857
0.684276
0.686759
0.689088
0.691264
0.693286
0.695156
0.696865
0.698512
0.700202
0.701846
0.175723
0.176754
0.177687
0.178521
0.179256
0.179889
0.180418
0.180837
0.181212
0.181646
0.182306
0.183014
0.183923
0.184747
0.185587
0.186372
0.187086
0.187735
0.188335
0.188871
0.189338
0.189732
0.190053
0.190327
0.190543
0.190671
0.190732
0.190924
0.191113
0.191235
0.191316
0.191399
0.191589
0.191736
0.191841
0.191917
0.191973
0.191986
0.192003
0.191995
0.191943
0.191853
0.191718
0.191549
0.191425
0.191296
0.19113
0.19093
0.190708
0.190449
0.190177
0.189889
0.189619
0.189333
0.189024
0.188683
0.188313
0.187913
0.187498
0.187073
0.186665
0.18627
0.18588
0.18547
0.185039
0.184579
0.18409
0.183573
0.183062
0.182547
0.182046
0.181536
0.181033
0.180502
0.179977
0.17943
0.178852
0.178275
0.177818
0.177336
0.176815
0.176259
0.175674
0.175156
0.174708
0.174205
0.1737
0.173174
0.17261
0.172009
0.171445
0.170881
0.170336
0.169759
0.169166
0.168693
0.168211
0.167688
0.167208
0.166738
0.166217
0.165654
0.16505
0.164421
0.163781
0.163116
0.162419
0.161708
0.161025
0.160315
0.159661
0.159022
0.158474
0.157969
0.157448
0.156889
0.156298
0.155675
0.155023
0.154345
0.153639
0.152912
0.152157
0.151376
0.150568
0.149733
0.148873
0.147985
0.147131
0.146405
0.145752
0.145073
0.144411
0.143704
0.143007
0.142291
0.141546
0.140773
0.139994
0.139188
0.138347
0.137465
0.136545
0.13584
0.135242
0.134543
0.13422
0.134164
0.133924
0.133547
0.133361
0.133206
0.133068
0.132832
0.132497
0.132093
0.131701
0.131206
0.131447
0.132042
0.132364
0.132455
0.132344
0.132726
0.133857
0.134683
0.135245
0.135586
0.135748
0.135699
0.135845
0.136073
0.136725
0.137518
0.138342
0.138928
0.139297
0.139458
0.139422
0.139217
0.139016
0.138969
0.13937
0.139714
0.139907
0.139948
0.139833
0.139567
0.139165
0.138607
0.137934
0.13734
0.137496
0.137546
0.13752
0.137387
0.137134
0.136773
0.136461
0.136296
0.136049
0.135712
0.135282
0.134777
0.134219
0.133553
0.133133
0.13269
0.132145
0.131491
0.130746
0.130048
0.12983
0.129539
0.129171
0.128787
0.128575
0.128316
0.128025
0.127706
0.127386
0.127014
0.126589
0.126113
0.125605
0.125044
0.124421
0.123755
0.123089
0.122344
0.121747
0.121215
0.121002
0.121006
0.120991
0.120925
0.120815
0.120684
0.120523
0.120325
0.120089
0.119817
0.119509
0.119165
0.118785
0.118369
0.117915
0.117422
0.117231
0.117803
0.118781
0.119685
0.120591
0.121361
0.122079
0.122714
0.123264
0.123738
0.124157
0.124511
0.124797
0.12502
0.125183
0.125724
0.126456
0.127021
0.127924
0.129064
0.12999
0.130765
0.131576
0.132338
0.133016
0.133599
0.134091
0.134513
0.134892
0.135196
0.135581
0.135987
0.136297
0.136525
0.136676
0.13685
0.137076
0.137235
0.13733
0.137366
0.137372
0.137321
0.137271
0.137188
0.137084
0.13698
0.136859
0.136688
0.136488
0.136239
0.135954
0.135637
0.135336
0.135079
0.134818
0.134534
0.134229
0.133886
0.133504
0.133094
0.132679
0.132251
0.131877
0.131526
0.131186
0.13081
0.130425
0.13001
0.129558
0.129096
0.128724
0.128362
0.127977
0.12756
0.127117
0.126736
0.126396
0.126011
0.125635
0.125241
0.124812
0.124348
0.1239
0.123454
0.123046
0.122607
0.122171
0.121798
0.12144
0.121052
0.120681
0.120315
0.11992
0.119494
0.119036
0.118558
0.118093
0.117612
0.117104
0.116589
0.1161
0.115583
0.115097
0.114612
0.114172
0.11376
0.113327
0.112864
0.112374
0.111861
0.111336
0.110821
0.100924
0.101454
0.101952
0.102416
0.102845
0.103233
0.103576
0.103864
0.104158
0.104606
0.105415
0.106364
0.107544
0.108654
0.109797
0.1109
0.111956
0.112969
0.113956
0.114907
0.115815
0.116681
0.117504
0.118313
0.119116
0.119886
0.120649
0.121598
0.122552
0.12345
0.124324
0.125225
0.126228
0.127177
0.128072
0.128933
0.129772
0.13057
0.131372
0.132157
0.132906
0.133625
0.134308
0.13497
0.135686
0.136423
0.137135
0.137813
0.138469
0.13909
0.139701
0.1403
0.140929
0.141543
0.142138
0.142707
0.143277
0.143812
0.144333
0.144839
0.145365
0.145916
0.146482
0.147022
0.147534
0.148005
0.148435
0.148824
0.1492
0.149576
0.150006
0.150458
0.150912
0.151324
0.151732
0.152106
0.152432
0.152733
0.15312
0.153536
0.153927
0.154264
0.154546
0.154884
0.155307
0.155693
0.156086
0.156456
0.156781
0.157062
0.15737
0.157672
0.157974
0.158219
0.158423
0.158706
0.158993
0.159225
0.159466
0.159732
0.159971
0.160167
0.16032
0.16044
0.16054
0.1606
0.160613
0.160595
0.160582
0.160519
0.160483
0.160427
0.160416
0.160425
0.160413
0.160348
0.160229
0.160058
0.159839
0.159582
0.159264
0.158886
0.158442
0.15793
0.157346
0.156686
0.155943
0.155108
0.154231
0.153433
0.152703
0.151941
0.151171
0.150321
0.149439
0.148483
0.14743
0.146283
0.145054
0.143711
0.142235
0.140605
0.138799
0.137054
0.135379
0.133547
0.131971
0.13071
0.129346
0.127864
0.126572
0.125325
0.124073
0.122668
0.121095
0.119357
0.117512
0.115395
0.113818
0.112729
0.111501
0.110121
0.10856
0.107424
0.107167
0.106925
0.10659
0.106173
0.1057
0.105125
0.104852
0.104793
0.105168
0.105649
0.106312
0.106893
0.107387
0.107798
0.108135
0.108427
0.108861
0.109625
0.110922
0.112193
0.113358
0.114423
0.115395
0.116305
0.117159
0.117972
0.118804
0.119861
0.121673
0.123338
0.124905
0.126361
0.127711
0.128982
0.130345
0.131813
0.133151
0.134373
0.135492
0.13654
0.137551
0.138485
0.139686
0.140869
0.141968
0.142985
0.143953
0.145021
0.146534
0.147917
0.149195
0.150435
0.15178
0.152994
0.154102
0.155109
0.156015
0.156823
0.157537
0.158166
0.158731
0.159219
0.159622
0.159968
0.160302
0.160552
0.160942
0.161382
0.162072
0.162901
0.163637
0.16425
0.164746
0.165131
0.165405
0.165566
0.16561
0.165544
0.165352
0.165027
0.16456
0.163935
0.163126
0.162094
0.161127
0.160847
0.161152
0.161555
0.162058
0.162485
0.162895
0.163238
0.163496
0.163668
0.163762
0.16375
0.163612
0.163328
0.162863
0.162633
0.162665
0.162594
0.162828
0.163438
0.16402
0.16456
0.165222
0.16592
0.166604
0.167248
0.167855
0.168433
0.168996
0.169499
0.170088
0.170763
0.171407
0.172025
0.172606
0.173228
0.173946
0.174655
0.175339
0.176002
0.176665
0.177299
0.177955
0.178601
0.179232
0.179867
0.180511
0.181129
0.181726
0.182295
0.182844
0.183373
0.183921
0.184499
0.185099
0.185687
0.186261
0.186802
0.187306
0.187773
0.188231
0.188691
0.189166
0.18964
0.190131
0.190586
0.191032
0.191448
0.191825
0.192183
0.192618
0.193057
0.193454
0.193805
0.194107
0.194419
0.194783
0.195115
0.195462
0.195791
0.196082
0.196333
0.1966
0.196868
0.197159
0.197401
0.197596
0.197814
0.198052
0.198242
0.198422
0.198603
0.198743
0.198843
0.198904
0.198933
0.198962
0.198965
0.198927
0.198871
0.198829
0.198748
0.198686
0.198611
0.198555
0.198508
0.198428
0.198303
0.198134
0.197922
0.197665
0.197365
