1.91514
1.91512
1.91511
1.9151
1.91509
1.91508
1.91508
1.91507
1.91507
1.91507
1.91507
1.91508
1.91508
1.91509
1.9151
1.91511
1.91512
1.91514
1.91516
1.91517
1.91519
1.91522
1.91524
1.91527
1.91529
1.91532
1.91535
1.91538
1.91542
1.91545
1.91549
1.91553
1.91557
1.91561
1.91566
1.9157
1.91575
1.9158
1.91585
1.9159
1.91595
1.91601
1.91606
1.91612
1.91618
1.91624
1.9163
1.91637
1.91643
1.9165
1.91657
1.91663
1.9167
1.91677
1.91685
1.91692
1.917
1.91707
1.91715
1.91723
1.91731
1.91739
1.91747
1.91755
1.91763
1.91772
1.9178
1.91789
1.91798
1.91806
1.91815
1.91824
1.91833
1.91842
1.91851
1.91861
1.9187
1.91879
1.91889
1.91898
1.91908
1.91917
1.91927
1.91936
1.91946
1.91956
1.91965
1.91975
1.91985
1.91995
1.92005
1.92014
1.92024
1.92034
1.92044
1.92054
1.92064
1.92073
1.92083
1.92093
1.92103
1.92112
1.92122
1.92132
1.92141
1.92151
1.92161
1.9217
1.92179
1.92189
1.92198
1.92207
1.92216
1.92226
1.92235
1.92244
1.92252
1.92261
1.9227
1.92278
1.92287
1.92295
1.92303
1.92312
1.9232
1.92327
1.92335
1.92343
1.9235
1.92358
1.92365
1.92372
1.92379
1.92386
1.92392
1.92399
1.92405
1.92411
1.92417
1.92423
1.92429
1.92434
1.9244
1.92445
1.9245
1.92455
1.92459
1.92464
1.92468
1.92472
1.92476
1.92479
1.92483
1.92486
1.92489
1.92492
1.92494
1.92496
1.92499
1.92501
1.92502
1.92504
1.92505
1.92506
1.92507
1.92508
1.92508
1.92508
1.92508
1.92508
1.92508
1.92507
1.92506
1.92505
1.92503
1.92502
1.925
1.92498
1.92496
1.92493
1.92491
1.92488
1.92485
1.92482
1.92478
1.92474
1.9247
1.92466
1.92462
1.92457
1.92453
1.92448
1.92443
1.92437
1.92432
1.92426
1.9242
1.92414
1.92408
1.92401
1.92395
1.92388
1.92381
1.92374
1.92367
1.92359
1.92351
1.92344
1.92336
1.92328
1.9232
1.92311
1.92303
1.92294
1.92286
1.92277
1.92268
1.92259
1.9225
1.9224
1.92231
1.92222
1.92212
1.92203
1.92193
1.92183
1.92173
1.92163
1.92153
1.92143
1.92133
1.92123
1.92113
1.92103
1.92092
1.92082
1.92072
1.92062
1.92051
1.92041
1.92031
1.9202
1.9201
1.92
1.91989
1.91979
1.91969
1.91958
1.91948
1.91938
1.91928
1.91918
1.91908
1.91897
1.91888
1.91878
1.91868
1.91858
1.91848
1.91839
1.91829
1.9182
1.9181
1.91801
1.91792
1.91783
1.91774
1.91765
1.91756
1.91747
1.91739
1.9173
1.91722
1.91714
1.91706
1.91698
1.9169
1.91682
1.91675
1.91667
1.9166
1.91653
1.91646
1.91639
1.91633
1.91626
1.9162
1.91614
1.91608
1.91602
1.91596
1.91591
1.91585
1.9158
1.91575
1.9157
1.91565
1.91561
1.91557
1.91552
1.91548
1.91545
1.91541
1.91538
1.91534
1.91531
1.91528
1.91526
1.91523
1.91521
1.91519
1.91517
1.91515
1.91513
1.91512
1.91511
1.9151
1.91509
1.91508
1.91508
1.91507
1.91507
1.91507
1.91507
1.91508
1.91509
1.91509
1.9151
1.91511
1.91513
1.91514
1.91516
1.91518
1.9152
1.91522
1.91525
1.91527
1.9153
1.91533
1.91536
1.91539
1.91543
1.91546
1.9155
1.91554
1.91558
1.91562
1.91567
1.91571
1.91576
1.91581
1.91586
1.91591
1.91597
1.91602
1.91608
1.91613
1.91619
1.91625
1.91632
1.91514
1.91512
1.91511
1.9151
1.91509
1.91508
1.91508
1.91507
1.91507
1.91507
1.91507
1.91508
1.91508
1.91509
1.9151
1.91511
1.91512
1.91514
1.91516
1.91517
1.91519
1.91522
1.91524
1.91527
1.91529
1.91532
1.91535
1.91538
1.91542
1.91545
1.91549
1.91553
1.91557
1.91561
1.91566
1.9157
1.91575
1.9158
1.91585
1.9159
1.91595
1.91601
1.91606
1.91612
1.91618
1.91624
1.9163
1.91637
1.91643
1.9165
1.91657
1.91663
1.9167
1.91677
1.91685
1.91692
1.917
1.91707
1.91715
1.91723
1.91731
1.91739
1.91747
1.91755
1.91763
1.91772
1.9178
1.91789
1.91798
1.91806
1.91815
1.91824
1.91833
1.91842
1.91851
1.91861
1.9187
1.91879
1.91889
1.91898
1.91908
1.91917
1.91927
1.91936
1.91946
1.91956
1.91965
1.91975
1.91985
1.91995
1.92005
1.92014
1.92024
1.92034
1.92044
1.92054
1.92064
1.92073
1.92083
1.92093
1.92103
1.92112
1.92122
1.92132
1.92141
1.92151
1.92161
1.9217
1.92179
1.92189
1.92198
1.92207
1.92216
1.92226
1.92235
1.92244
1.92252
1.92261
1.9227
1.92278
1.92287
1.92295
1.92303
1.92312
1.9232
1.92327
1.92335
1.92343
1.9235
1.92358
1.92365
1.92372
1.92379
1.92386
1.92392
1.92399
1.92405
1.92411
1.92417
1.92423
1.92429
1.92434
1.9244
1.92445
1.9245
1.92455
1.92459
1.92464
1.92468
1.92472
1.92476
1.92479
1.92483
1.92486
1.92489
1.92492
1.92494
1.92496
1.92499
1.92501
1.92502
1.92504
1.92505
1.92506
1.92507
1.92508
1.92508
1.92508
1.92508
1.92508
1.92508
1.92507
1.92506
1.92505
1.92503
1.92502
1.925
1.92498
1.92496
1.92493
1.92491
1.92488
1.92485
1.92482
1.92478
1.92474
1.9247
1.92466
1.92462
1.92457
1.92453
1.92448
1.92443
1.92437
1.92432
1.92426
1.9242
1.92414
1.92408
1.92401
1.92395
1.92388
1.92381
1.92374
1.92367
1.92359
1.92351
1.92344
1.92336
1.92328
1.9232
1.92311
1.92303
1.92294
1.92286
1.92277
1.92268
1.92259
1.9225
1.9224
1.92231
1.92222
1.92212
1.92203
1.92193
1.92183
1.92173
1.92163
1.92153
1.92143
1.92133
1.92123
1.92113
1.92103
1.92092
1.92082
1.92072
1.92062
1.92051
1.92041
1.92031
1.9202
1.9201
1.92
1.91989
1.91979
1.91969
1.91958
1.91948
1.91938
1.91928
1.91918
1.91908
1.91897
1.91888
1.91878
1.91868
1.91858
1.91848
1.91839
1.91829
1.9182
1.9181
1.91801
1.91792
1.91783
1.91774
1.91765
1.91756
1.91747
1.91739
1.9173
1.91722
1.91714
1.91706
1.91698
1.9169
1.91682
1.91675
1.91667
1.9166
1.91653
1.91646
1.91639
1.91633
1.91626
1.9162
1.91614
1.91608
1.91602
1.91596
1.91591
1.91585
1.9158
1.91575
1.9157
1.91565
1.91561
1.91557
1.91552
1.91548
1.91545
1.91541
1.91538
1.91534
1.91531
1.91528
1.91526
1.91523
1.91521
1.91519
1.91517
1.91515
1.91513
1.91512
1.91511
1.9151
1.91509
1.91508
1.91508
1.91507
1.91507
1.91507
1.91507
1.91508
1.91509
1.91509
1.9151
1.91511
1.91513
1.91514
1.91516
1.91518
1.9152
1.91522
1.91525
1.91527
1.9153
1.91533
1.91536
1.91539
1.91543
1.91546
1.9155
1.91554
1.91558
1.91562
1.91567
1.91571
1.91576
1.91581
1.91586
1.91591
1.91597
1.91602
1.91608
1.91613
1.91619
1.91625
1.91632
0.231848
0.232436
0.232968
0.233444
0.233862
0.234224
0.234655
0.235142
0.235623
0.236074
0.236484
0.236853
0.237173
0.237446
0.237666
0.237861
0.238043
0.23819
0.238383
0.238511
0.238607
0.238685
0.238707
0.23867
0.23859
0.238553
0.238504
0.238366
0.238163
0.238252
0.238237
0.238126
0.237924
0.237684
0.237432
0.237824
0.238102
0.238119
0.237948
0.237634
0.238838
0.239936
0.240669
0.241113
0.241313
0.2445
0.246618
0.24816
0.24919
0.249854
0.250227
0.25204
0.254092
0.255587
0.257044
0.259344
0.26093
0.262019
0.26274
0.263208
0.263532
0.263637
0.263774
0.2639
0.26391
0.263838
0.263566
0.26313
0.262531
0.261785
0.260895
0.259853
0.258659
0.257391
0.256165
0.254809
0.253269
0.251529
0.249567
0.24735
0.24483
0.241939
0.238577
0.23456
0.231132
0.228242
0.22504
0.221392
0.21719
0.212282
0.206441
0.199318
0.190334
0.179807
0.173047
0.16527
0.163094
0.160361
0.157057
0.153152
0.148144
0.141548
0.13244
0.124911
0.123656
0.120812
0.11629
0.120234
0.124181
0.127043
0.128993
0.130119
0.130497
0.136507
0.144608
0.150329
0.154529
0.157629
0.164765
0.172843
0.179416
0.184852
0.189388
0.197338
0.204376
0.21009
0.214821
0.218838
0.222301
0.226207
0.230481
0.234162
0.237372
0.241256
0.244529
0.247362
0.24986
0.252099
0.254183
0.256061
0.257891
0.259823
0.261609
0.263405
0.265008
0.266454
0.26776
0.268957
0.270045
0.271043
0.271971
0.272909
0.273983
0.275008
0.27593
0.276758
0.277499
0.278158
0.278734
0.279228
0.279638
0.279955
0.280249
0.28063
0.281008
0.281349
0.281636
0.281865
0.282033
0.282128
0.282148
0.282085
0.282009
0.281843
0.281712
0.281512
0.281236
0.280922
0.280517
0.280003
0.279369
0.278635
0.277911
0.277036
0.275986
0.275054
0.274074
0.272917
0.271543
0.269904
0.267979
0.266011
0.264352
0.262371
0.259994
0.257097
0.254843
0.253143
0.25099
0.248188
0.244343
0.241815
0.240366
0.238854
0.237042
0.234829
0.232086
0.229785
0.22875
0.22735
0.225373
0.224683
0.224159
0.223555
0.222863
0.222095
0.221343
0.220489
0.219593
0.218958
0.21823
0.217643
0.216992
0.216282
0.215516
0.214705
0.213849
0.212948
0.212007
0.211053
0.210257
0.209479
0.208592
0.207611
0.206546
0.205398
0.204171
0.20286
0.201462
0.19997
0.198803
0.198662
0.198358
0.197685
0.196701
0.195451
0.193951
0.192201
0.190194
0.187889
0.189726
0.191453
0.195783
0.200701
0.203633
0.205252
0.205598
0.204654
0.202315
0.19827
0.204034
0.206403
0.205614
0.207475
0.212709
0.215604
0.216371
0.214869
0.210783
0.205432
0.207464
0.207769
0.206464
0.203377
0.201202
0.203018
0.203943
0.203799
0.202142
0.201187
0.202863
0.204298
0.205391
0.206099
0.206354
0.20646
0.207799
0.208848
0.209507
0.210596
0.211947
0.213185
0.214309
0.215322
0.216295
0.217157
0.217883
0.218908
0.219809
0.220858
0.221862
0.222797
0.223673
0.224488
0.225254
0.225972
0.22665
0.227334
0.22816
0.229069
0.229895
0.230651
0.231343
0.231975
0.232552
0.233072
0.233536
0.233941
0.234308
0.234755
0.235246
0.235719
0.236162
0.236563
0.236924
0.237233
0.237496
0.237706
0.237905
0.238073
0.238237
0.238415
0.23853
0.238628
0.238694
0.238704
0.238657
0.238567
0.238551
0.238482
0.238327
0.238187
0.238258
0.238222
0.238091
0.237872
0.23764
0.237369
0.23791
0.238124
0.238098
0.237892
0.237645
0.239102
0.240116
0.240784
0.241173
0.242036
0.245009
0.246994
0.241145
0.241402
0.241594
0.241721
0.24178
0.24177
0.241815
0.24192
0.242028
0.242112
0.242162
0.242171
0.24213
0.242039
0.241887
0.241694
0.241481
0.241223
0.241005
0.240722
0.240395
0.240034
0.239592
0.239054
0.238415
0.237748
0.237042
0.236197
0.2352
0.23443
0.233521
0.232437
0.23113
0.229573
0.227671
0.226115
0.224558
0.222674
0.220377
0.21754
0.215926
0.21432
0.212216
0.209373
0.20531
0.20414
0.202925
0.20162
0.199992
0.197951
0.195345
0.193898
0.19308
0.191864
0.190411
0.190298
0.190134
0.1899
0.189595
0.189249
0.188916
0.188478
0.188152
0.187962
0.187781
0.187678
0.187524
0.187332
0.187098
0.18683
0.186531
0.186201
0.185851
0.185569
0.185431
0.185228
0.184934
0.184561
0.184113
0.183593
0.182999
0.182329
0.181577
0.180734
0.18093
0.181517
0.181706
0.18155
0.18111
0.180415
0.179476
0.178289
0.176831
0.176372
0.179865
0.182196
0.188856
0.193185
0.195848
0.197284
0.197419
0.19625
0.193601
0.194205
0.198832
0.199881
0.198015
0.203159
0.207105
0.208854
0.208463
0.205713
0.200001
0.197348
0.198155
0.197347
0.194926
0.190644
0.189542
0.190366
0.190255
0.188966
0.185921
0.185798
0.186629
0.187235
0.187486
0.187347
0.186736
0.186501
0.187026
0.187246
0.18704
0.187766
0.188388
0.188907
0.189327
0.18966
0.189959
0.190139
0.190319
0.190695
0.191015
0.191475
0.191878
0.192232
0.192536
0.19281
0.193045
0.193256
0.193454
0.19371
0.194142
0.194571
0.194942
0.195265
0.195544
0.195783
0.195986
0.196151
0.196278
0.196365
0.196479
0.19671
0.196961
0.197204
0.197426
0.197624
0.197799
0.197945
0.198061
0.198147
0.198268
0.198346
0.198502
0.198627
0.198722
0.198831
0.198908
0.198948
0.198956
0.198975
0.199075
0.199102
0.199068
0.19926
0.199463
0.199588
0.199643
0.199649
0.199683
0.200097
0.200775
0.201171
0.201379
0.201443
0.202557
0.204121
0.205311
0.206211
0.206871
0.209624
0.2124
0.2145
0.216051
0.217203
0.218057
0.219734
0.222365
0.224405
0.225995
0.228749
0.230921
0.232551
0.233785
0.234733
0.235541
0.23614
0.236641
0.237283
0.237721
0.238168
0.238418
0.238497
0.238421
0.238205
0.237848
0.23735
0.236702
0.235914
0.235158
0.234362
0.23339
0.232228
0.230857
0.229245
0.227357
0.225128
0.222474
0.219261
0.215774
0.21316
0.210545
0.207533
0.204007
0.199842
0.194835
0.188706
0.181005
0.170941
0.16305
0.155659
0.150909
0.148598
0.145663
0.142214
0.137848
0.132123
0.124371
0.113343
0.111904
0.109677
0.105907
0.105723
0.109899
0.11291
0.114988
0.116215
0.116799
0.119024
0.127918
0.133953
0.138242
0.14132
0.146311
0.154451
0.160941
0.166208
0.170517
0.176625
0.183711
0.189217
0.193626
0.197241
0.200254
0.203197
0.207058
0.210277
0.212994
0.216068
0.218876
0.221208
0.223181
0.224871
0.2264
0.227742
0.228917
0.23032
0.231525
0.232789
0.233889
0.234832
0.235649
0.236352
0.236962
0.237488
0.237944
0.23838
0.238934
0.239552
0.240077
0.240523
0.240897
0.241204
0.241447
0.241626
0.241739
0.241783
0.241774
0.241834
0.241945
0.242046
0.242125
0.242166
0.242167
0.242116
0.242013
0.241848
0.241655
0.241427
0.241183
0.240951
0.240654
0.240326
0.239949
0.239488
0.23893
0.238267
0.237611
0.236877
0.236
0.235046
0.234254
0.233312
0.232186
0.230824
0.229218
0.227199
0.225813
0.224192
0.222231
0.219836
0.216955
0.215626
0.213929
0.211697
0.208651
0.204992
0.20389
0.202675
0.529468
0.530353
0.530746
0.531481
0.531686
0.531432
0.530768
0.52977
0.528462
0.526821
0.527851
0.548706
0.565805
0.579177
0.590127
0.599299
0.606553
0.61203
0.615901
0.618568
0.620987
0.640878
0.664666
0.683105
0.697113
0.707137
0.713753
0.71667
0.71694
0.718946
0.718915
0.720663
0.718648
0.71404
0.707035
0.703241
0.695254
0.681665
0.67506
0.673894
0.671377
0.667511
0.662549
0.655445
0.645641
0.63208
0.627469
0.619971
0.619903
0.620733
0.621301
0.621521
0.621098
0.620989
0.620395
0.619014
0.6167
0.616181
0.617552
0.618977
0.620239
0.621246
0.622
0.62258
0.623203
0.623789
0.624097
0.62417
0.624967
0.625954
0.626769
0.62745
0.628003
0.628405
0.628657
0.628762
0.628888
0.628916
0.628977
0.629224
0.629341
0.629453
0.629448
0.629328
0.629096
0.628772
0.62838
0.627878
0.627378
0.627055
0.626703
0.626241
0.625718
0.625237
0.624737
0.624131
0.623418
0.622619
0.621768
0.621114
0.620798
0.620405
0.619911
0.619268
0.618978
0.618557
0.618057
0.617674
0.617143
0.618127
0.618809
0.621516
0.624109
0.626116
0.627561
0.62914
0.630378
0.631325
0.632694
0.639716
0.645009
0.648987
0.654125
0.660027
0.664839
0.668743
0.672043
0.674728
0.678771
0.683439
0.686988
0.689749
0.691853
0.693398
0.694988
0.696168
0.697094
0.697751
0.698332
0.69852
0.698357
0.6979
0.697258
0.696424
0.695315
0.69395
0.692531
0.69108
0.689388
0.687483
0.685386
0.683029
0.680397
0.677472
0.674296
0.670819
0.667052
0.663466
0.659512
0.655504
0.651119
0.646202
0.640674
0.634445
0.627408
0.619322
0.610711
0.602894
0.596457
0.58888
0.580066
0.570747
0.559708
0.546044
0.52884
0.509702
0.498517
0.488779
0.482965
0.478755
0.479699
0.477335
0.472151
0.462655
0.44675
0.443273
0.441858
0.451812
0.462935
0.475753
0.487187
0.50243
0.515808
0.526314
0.535008
0.54545
0.554433
0.571507
0.586541
0.59941
0.611072
0.622738
0.633253
0.642896
0.65161
0.659618
0.667493
0.675962
0.683326
0.689897
0.695877
0.701198
0.706443
0.711292
0.71586
0.720089
0.724305
0.728074
0.731436
0.734429
0.73715
0.739636
0.741826
0.743749
0.745641
0.747572
0.749296
0.7508
0.752115
0.75322
0.754119
0.754818
0.755365
0.755787
0.755997
0.756421
0.756685
0.756826
0.756836
0.75669
0.75639
0.755937
0.755381
0.754679
0.753858
0.753151
0.752446
0.751624
0.750665
0.749617
0.748491
0.747221
0.745792
0.744193
0.742535
0.740803
0.739064
0.737241
0.735427
0.733442
0.731324
0.729037
0.72649
0.723945
0.721283
0.718432
0.715388
0.712088
0.708484
0.704737
0.700681
0.696067
0.690784
0.68682
0.682439
0.677681
0.67239
0.666459
0.659588
0.651615
0.643201
0.635126
0.626876
0.623226
0.619235
0.615046
0.610359
0.605189
0.599741
0.593417
0.586052
0.578513
0.573936
0.571666
0.56934
0.566866
0.564203
0.561347
0.558534
0.556158
0.553681
0.55098
0.548556
0.546932
0.545385
0.543679
0.541887
0.539972
0.53792
0.535734
0.533467
0.531325
0.529059
0.529719
0.530444
0.530948
0.531565
0.531669
0.531325
0.530582
0.52952
0.528146
0.526441
0.531741
0.552621
0.568859
0.581572
0.592199
0.600977
0.60784
0.612969
0.616517
0.618994
0.625582
0.646401
0.668803
0.686376
0.699506
0.708823
0.714677
0.716781
0.717551
0.719065
0.719588
0.720562
0.718025
0.712512
0.70654
0.701953
0.69295
0.677816
0.674937
0.673463
0.670735
0.666485
0.661281
0.653627
0.643155
0.631001
0.62622
0.529468
0.530353
0.530746
0.531481
0.531686
0.531432
0.530768
0.52977
0.528462
0.526821
0.527851
0.548706
0.565805
0.579177
0.590127
0.599299
0.606553
0.61203
0.615901
0.618568
0.620987
0.640878
0.664666
0.683105
0.697113
0.707137
0.713753
0.71667
0.71694
0.718946
0.718915
0.720663
0.718648
0.71404
0.707035
0.703241
0.695254
0.681665
0.67506
0.673894
0.671377
0.667511
0.662549
0.655445
0.645641
0.63208
0.627469
0.619971
0.619903
0.620733
0.621301
0.621521
0.621098
0.620989
0.620395
0.619014
0.6167
0.616181
0.617552
0.618977
0.620239
0.621246
0.622
0.62258
0.623203
0.623789
0.624097
0.62417
0.624967
0.625954
0.626769
0.62745
0.628003
0.628405
0.628657
0.628762
0.628888
0.628916
0.628977
0.629224
0.629341
0.629453
0.629448
0.629328
0.629096
0.628772
0.62838
0.627878
0.627378
0.627055
0.626703
0.626241
0.625718
0.625237
0.624737
0.624131
0.623418
0.622619
0.621768
0.621114
0.620798
0.620405
0.619911
0.619268
0.618978
0.618557
0.618057
0.617674
0.617143
0.618127
0.618809
0.621516
0.624109
0.626116
0.627561
0.62914
0.630378
0.631325
0.632694
0.639716
0.645009
0.648987
0.654125
0.660027
0.664839
0.668743
0.672043
0.674728
0.678771
0.683439
0.686988
0.689749
0.691853
0.693398
0.694988
0.696168
0.697094
0.697751
0.698332
0.69852
0.698357
0.6979
0.697258
0.696424
0.695315
0.69395
0.692531
0.69108
0.689388
0.687483
0.685386
0.683029
0.680397
0.677472
0.674296
0.670819
0.667052
0.663466
0.659512
0.655504
0.651119
0.646202
0.640674
0.634445
0.627408
0.619322
0.610711
0.602894
0.596457
0.58888
0.580066
0.570747
0.559708
0.546044
0.52884
0.509702
0.498517
0.488779
0.482965
0.478755
0.479699
0.477335
0.472151
0.462655
0.44675
0.443273
0.441858
0.451812
0.462935
0.475753
0.487187
0.50243
0.515808
0.526314
0.535008
0.54545
0.554433
0.571507
0.586541
0.59941
0.611072
0.622738
0.633253
0.642896
0.65161
0.659618
0.667493
0.675962
0.683326
0.689897
0.695877
0.701198
0.706443
0.711292
0.71586
0.720089
0.724305
0.728074
0.731436
0.734429
0.73715
0.739636
0.741826
0.743749
0.745641
0.747572
0.749296
0.7508
0.752115
0.75322
0.754119
0.754818
0.755365
0.755787
0.755997
0.756421
0.756685
0.756826
0.756836
0.75669
0.75639
0.755937
0.755381
0.754679
0.753858
0.753151
0.752446
0.751624
0.750665
0.749617
0.748491
0.747221
0.745792
0.744193
0.742535
0.740803
0.739064
0.737241
0.735427
0.733442
0.731324
0.729037
0.72649
0.723945
0.721283
0.718432
0.715388
0.712088
0.708484
0.704737
0.700681
0.696067
0.690784
0.68682
0.682439
0.677681
0.67239
0.666459
0.659588
0.651615
0.643201
0.635126
0.626876
0.623226
0.619235
0.615046
0.610359
0.605189
0.599741
0.593417
0.586052
0.578513
0.573936
0.571666
0.56934
0.566866
0.564203
0.561347
0.558534
0.556158
0.553681
0.55098
0.548556
0.546932
0.545385
0.543679
0.541887
0.539972
0.53792
0.535734
0.533467
0.531325
0.529059
0.529719
0.530444
0.530948
0.531565
0.531669
0.531325
0.530582
0.52952
0.528146
0.526441
0.531741
0.552621
0.568859
0.581572
0.592199
0.600977
0.60784
0.612969
0.616517
0.618994
0.625582
0.646401
0.668803
0.686376
0.699506
0.708823
0.714677
0.716781
0.717551
0.719065
0.719588
0.720562
0.718025
0.712512
0.70654
0.701953
0.69295
0.677816
0.674937
0.673463
0.670735
0.666485
0.661281
0.653627
0.643155
0.631001
0.62622
0.231848
0.232436
0.232968
0.233444
0.233862
0.234224
0.234655
0.235142
0.235623
0.236074
0.236484
0.236853
0.237173
0.237446
0.237666
0.237861
0.238043
0.23819
0.238383
0.238511
0.238607
0.238685
0.238707
0.23867
0.23859
0.238553
0.238504
0.238366
0.238163
0.238252
0.238237
0.238126
0.237924
0.237684
0.237432
0.237824
0.238102
0.238119
0.237948
0.237634
0.238838
0.239936
0.240669
0.241113
0.241313
0.2445
0.246618
0.24816
0.24919
0.249854
0.250227
0.25204
0.254092
0.255587
0.257044
0.259344
0.26093
0.262019
0.26274
0.263208
0.263532
0.263637
0.263774
0.2639
0.26391
0.263838
0.263566
0.26313
0.262531
0.261785
0.260895
0.259853
0.258659
0.257391
0.256165
0.254809
0.253269
0.251529
0.249567
0.24735
0.24483
0.241939
0.238577
0.23456
0.231132
0.228242
0.22504
0.221392
0.21719
0.212282
0.206441
0.199318
0.190334
0.179807
0.173047
0.16527
0.163094
0.160361
0.157057
0.153152
0.148144
0.141548
0.13244
0.124911
0.123656
0.120812
0.11629
0.120234
0.124181
0.127043
0.128993
0.130119
0.130497
0.136507
0.144608
0.150329
0.154529
0.157629
0.164765
0.172843
0.179416
0.184852
0.189388
0.197338
0.204376
0.21009
0.214821
0.218838
0.222301
0.226207
0.230481
0.234162
0.237372
0.241256
0.244529
0.247362
0.24986
0.252099
0.254183
0.256061
0.257891
0.259823
0.261609
0.263405
0.265008
0.266454
0.26776
0.268957
0.270045
0.271043
0.271971
0.272909
0.273983
0.275008
0.27593
0.276758
0.277499
0.278158
0.278734
0.279228
0.279638
0.279955
0.280249
0.28063
0.281008
0.281349
0.281636
0.281865
0.282033
0.282128
0.282148
0.282085
0.282009
0.281843
0.281712
0.281512
0.281236
0.280922
0.280517
0.280003
0.279369
0.278635
0.277911
0.277036
0.275986
0.275054
0.274074
0.272917
0.271543
0.269904
0.267979
0.266011
0.264352
0.262371
0.259994
0.257097
0.254843
0.253143
0.25099
0.248188
0.244343
0.241815
0.240366
0.238854
0.237042
0.234829
0.232086
0.229785
0.22875
0.22735
0.225373
0.224683
0.224159
0.223555
0.222863
0.222095
0.221343
0.220489
0.219593
0.218958
0.21823
0.217643
0.216992
0.216282
0.215516
0.214705
0.213849
0.212948
0.212007
0.211053
0.210257
0.209479
0.208592
0.207611
0.206546
0.205398
0.204171
0.20286
0.201462
0.19997
0.198803
0.198662
0.198358
0.197685
0.196701
0.195451
0.193951
0.192201
0.190194
0.187889
0.189726
0.191453
0.195783
0.200701
0.203633
0.205252
0.205598
0.204654
0.202315
0.19827
0.204034
0.206403
0.205614
0.207475
0.212709
0.215604
0.216371
0.214869
0.210783
0.205432
0.207464
0.207769
0.206464
0.203377
0.201202
0.203018
0.203943
0.203799
0.202142
0.201187
0.202863
0.204298
0.205391
0.206099
0.206354
0.20646
0.207799
0.208848
0.209507
0.210596
0.211947
0.213185
0.214309
0.215322
0.216295
0.217157
0.217883
0.218908
0.219809
0.220858
0.221862
0.222797
0.223673
0.224488
0.225254
0.225972
0.22665
0.227334
0.22816
0.229069
0.229895
0.230651
0.231343
0.231975
0.232552
0.233072
0.233536
0.233941
0.234308
0.234755
0.235246
0.235719
0.236162
0.236563
0.236924
0.237233
0.237496
0.237706
0.237905
0.238073
0.238237
0.238415
0.23853
0.238628
0.238694
0.238704
0.238657
0.238567
0.238551
0.238482
0.238327
0.238187
0.238258
0.238222
0.238091
0.237872
0.23764
0.237369
0.23791
0.238124
0.238098
0.237892
0.237645
0.239102
0.240116
0.240784
0.241173
0.242036
0.245009
0.246994
0.241145
0.241402
0.241594
0.241721
0.24178
0.24177
0.241815
0.24192
0.242028
0.242112
0.242162
0.242171
0.24213
0.242039
0.241887
0.241694
0.241481
0.241223
0.241005
0.240722
0.240395
0.240034
0.239592
0.239054
0.238415
0.237748
0.237042
0.236197
0.2352
0.23443
0.233521
0.232437
0.23113
0.229573
0.227671
0.226115
0.224558
0.222674
0.220377
0.21754
0.215926
0.21432
0.212216
0.209373
0.20531
0.20414
0.202925
0.20162
0.199992
0.197951
0.195345
0.193898
0.19308
0.191864
0.190411
0.190298
0.190134
0.1899
0.189595
0.189249
0.188916
0.188478
0.188152
0.187962
0.187781
0.187678
0.187524
0.187332
0.187098
0.18683
0.186531
0.186201
0.185851
0.185569
0.185431
0.185228
0.184934
0.184561
0.184113
0.183593
0.182999
0.182329
0.181577
0.180734
0.18093
0.181517
0.181706
0.18155
0.18111
0.180415
0.179476
0.178289
0.176831
0.176372
0.179865
0.182196
0.188856
0.193185
0.195848
0.197284
0.197419
0.19625
0.193601
0.194205
0.198832
0.199881
0.198015
0.203159
0.207105
0.208854
0.208463
0.205713
0.200001
0.197348
0.198155
0.197347
0.194926
0.190644
0.189542
0.190366
0.190255
0.188966
0.185921
0.185798
0.186629
0.187235
0.187486
0.187347
0.186736
0.186501
0.187026
0.187246
0.18704
0.187766
0.188388
0.188907
0.189327
0.18966
0.189959
0.190139
0.190319
0.190695
0.191015
0.191475
0.191878
0.192232
0.192536
0.19281
0.193045
0.193256
0.193454
0.19371
0.194142
0.194571
0.194942
0.195265
0.195544
0.195783
0.195986
0.196151
0.196278
0.196365
0.196479
0.19671
0.196961
0.197204
0.197426
0.197624
0.197799
0.197945
0.198061
0.198147
0.198268
0.198346
0.198502
0.198627
0.198722
0.198831
0.198908
0.198948
0.198956
0.198975
0.199075
0.199102
0.199068
0.19926
0.199463
0.199588
0.199643
0.199649
0.199683
0.200097
0.200775
0.201171
0.201379
0.201443
0.202557
0.204121
0.205311
0.206211
0.206871
0.209624
0.2124
0.2145
0.216051
0.217203
0.218057
0.219734
0.222365
0.224405
0.225995
0.228749
0.230921
0.232551
0.233785
0.234733
0.235541
0.23614
0.236641
0.237283
0.237721
0.238168
0.238418
0.238497
0.238421
0.238205
0.237848
0.23735
0.236702
0.235914
0.235158
0.234362
0.23339
0.232228
0.230857
0.229245
0.227357
0.225128
0.222474
0.219261
0.215774
0.21316
0.210545
0.207533
0.204007
0.199842
0.194835
0.188706
0.181005
0.170941
0.16305
0.155659
0.150909
0.148598
0.145663
0.142214
0.137848
0.132123
0.124371
0.113343
0.111904
0.109677
0.105907
0.105723
0.109899
0.11291
0.114988
0.116215
0.116799
0.119024
0.127918
0.133953
0.138242
0.14132
0.146311
0.154451
0.160941
0.166208
0.170517
0.176625
0.183711
0.189217
0.193626
0.197241
0.200254
0.203197
0.207058
0.210277
0.212994
0.216068
0.218876
0.221208
0.223181
0.224871
0.2264
0.227742
0.228917
0.23032
0.231525
0.232789
0.233889
0.234832
0.235649
0.236352
0.236962
0.237488
0.237944
0.23838
0.238934
0.239552
0.240077
0.240523
0.240897
0.241204
0.241447
0.241626
0.241739
0.241783
0.241774
0.241834
0.241945
0.242046
0.242125
0.242166
0.242167
0.242116
0.242013
0.241848
0.241655
0.241427
0.241183
0.240951
0.240654
0.240326
0.239949
0.239488
0.23893
0.238267
0.237611
0.236877
0.236
0.235046
0.234254
0.233312
0.232186
0.230824
0.229218
0.227199
0.225813
0.224192
0.222231
0.219836
0.216955
0.215626
0.213929
0.211697
0.208651
0.204992
0.20389
0.202675
0.182214
0.181247
0.180215
0.179116
0.177943
0.176804
0.17677
0.176985
0.17684
0.176388
0.175667
0.17472
0.17354
0.17212
0.170459
0.170843
0.174057
0.177338
0.184003
0.188507
0.191505
0.193297
0.193812
0.193014
0.190654
0.193683
0.198608
0.200183
0.199621
0.206854
0.211659
0.214341
0.214891
0.213048
0.207711
0.208272
0.209754
0.209621
0.207785
0.203878
0.205423
0.206931
0.207475
0.206731
0.203939
0.205613
0.206939
0.207983
0.208643
0.208869
0.208563
0.209158
0.21001
0.210512
0.210803
0.211781
0.212639
0.213373
0.213986
0.214511
0.214974
0.215284
0.215685
0.216156
0.216615
0.217135
0.217596
0.217988
0.21831
0.218586
0.218809
0.218992
0.219152
0.219386
0.219762
0.220096
0.22036
0.22056
0.220702
0.220789
0.220824
0.220807
0.220737
0.220609
0.220529
0.22053
0.22053
0.220521
0.220461
0.220383
0.220258
0.220087
0.219881
0.219641
0.219413
0.219135
0.218934
0.218676
0.218385
0.2181
0.217767
0.217388
0.216969
0.216581
0.216231
0.215803
0.215306
0.215085
0.214815
0.214465
0.214036
0.213563
0.21311
0.213181
0.213351
0.213261
0.212985
0.212556
0.213445
0.214515
0.215225
0.215652
0.215837
0.218653
0.221
0.222754
0.22396
0.224766
0.225274
0.226921
0.229165
0.230851
0.232184
0.23478
0.236652
0.237998
0.238955
0.239627
0.240168
0.240483
0.24076
0.241105
0.241293
0.241444
0.241413
0.241219
0.240869
0.240383
0.239767
0.239013
0.238116
0.237119
0.236179
0.235166
0.233991
0.232643
0.231102
0.229339
0.227313
0.224966
0.222193
0.218837
0.215456
0.213099
0.210509
0.20754
0.204086
0.200028
0.195151
0.189144
0.181461
0.171068
0.164748
0.15711
0.154276
0.152095
0.149338
0.146176
0.142053
0.13652
0.128749
0.119339
0.118608
0.116321
0.112386
0.114352
0.118591
0.121743
0.123981
0.12537
0.126093
0.130414
0.139299
0.145656
0.150353
0.153833
0.16028
0.168751
0.175657
0.181361
0.186094
0.193477
0.200959
0.207007
0.21196
0.216102
0.219616
0.223268
0.227539
0.231163
0.234265
0.237877
0.24104
0.243719
0.246019
0.24801
0.249837
0.25143
0.252887
0.254503
0.255905
0.257355
0.258599
0.259679
0.260603
0.261394
0.262084
0.262661
0.263156
0.263624
0.264242
0.264837
0.265325
0.265718
0.266024
0.266246
0.266389
0.266451
0.266433
0.266326
0.266168
0.266084
0.26603
0.265945
0.265814
0.265638
0.265408
0.265111
0.264749
0.264319
0.263863
0.263344
0.262834
0.262298
0.261686
0.261059
0.26036
0.259568
0.258669
0.257661
0.256695
0.255606
0.254366
0.253147
0.252
0.250712
0.249235
0.247518
0.245569
0.243331
0.241617
0.23962
0.237271
0.234457
0.231689
0.230033
0.227992
0.225393
0.221874
0.21852
0.216974
0.215388
0.213574
0.211399
0.208753
0.205782
0.20473
0.203362
0.201482
0.200234
0.199609
0.198922
0.198161
0.197322
0.19651
0.195637
0.194636
0.193976
0.193234
0.192617
0.19198
0.191312
0.190597
0.189839
0.189067
0.188252
0.187421
0.186582
0.185878
0.185269
0.184566
0.183785
0.182934
0.182019
0.181038
0.179992
0.178878
0.17769
0.176724
0.176845
0.176985
0.17677
0.176258
0.17549
0.174494
0.173265
0.171797
0.170077
0.1717
0.174484
0.178949
0.185104
0.189223
0.191986
0.193508
0.193758
0.192665
0.189915
0.195037
0.199191
0.200136
0.201352
0.208037
0.212387
0.214637
0.214711
0.212303
0.205889
0.208721
0.209859
0.209385
0.207161
0.203618
0.205809
0.20713
0.207444
0.206354
0.204326
0.205911
0.207188
0.182214
0.181247
0.180215
0.179116
0.177943
0.176804
0.17677
0.176985
0.17684
0.176388
0.175667
0.17472
0.17354
0.17212
0.170459
0.170843
0.174057
0.177338
0.184003
0.188507
0.191505
0.193297
0.193812
0.193014
0.190654
0.193683
0.198608
0.200183
0.199621
0.206854
0.211659
0.214341
0.214891
0.213048
0.207711
0.208272
0.209754
0.209621
0.207785
0.203878
0.205423
0.206931
0.207475
0.206731
0.203939
0.205613
0.206939
0.207983
0.208643
0.208869
0.208563
0.209158
0.21001
0.210512
0.210803
0.211781
0.212639
0.213373
0.213986
0.214511
0.214974
0.215284
0.215685
0.216156
0.216615
0.217135
0.217596
0.217988
0.21831
0.218586
0.218809
0.218992
0.219152
0.219386
0.219762
0.220096
0.22036
0.22056
0.220702
0.220789
0.220824
0.220807
0.220737
0.220609
0.220529
0.22053
0.22053
0.220521
0.220461
0.220383
0.220258
0.220087
0.219881
0.219641
0.219413
0.219135
0.218934
0.218676
0.218385
0.2181
0.217767
0.217388
0.216969
0.216581
0.216231
0.215803
0.215306
0.215085
0.214815
0.214465
0.214036
0.213563
0.21311
0.213181
0.213351
0.213261
0.212985
0.212556
0.213445
0.214515
0.215225
0.215652
0.215837
0.218653
0.221
0.222754
0.22396
0.224766
0.225274
0.226921
0.229165
0.230851
0.232184
0.23478
0.236652
0.237998
0.238955
0.239627
0.240168
0.240483
0.24076
0.241105
0.241293
0.241444
0.241413
0.241219
0.240869
0.240383
0.239767
0.239013
0.238116
0.237119
0.236179
0.235166
0.233991
0.232643
0.231102
0.229339
0.227313
0.224966
0.222193
0.218837
0.215456
0.213099
0.210509
0.20754
0.204086
0.200028
0.195151
0.189144
0.181461
0.171068
0.164748
0.15711
0.154276
0.152095
0.149338
0.146176
0.142053
0.13652
0.128749
0.119339
0.118608
0.116321
0.112386
0.114352
0.118591
0.121743
0.123981
0.12537
0.126093
0.130414
0.139299
0.145656
0.150353
0.153833
0.16028
0.168751
0.175657
0.181361
0.186094
0.193477
0.200959
0.207007
0.21196
0.216102
0.219616
0.223268
0.227539
0.231163
0.234265
0.237877
0.24104
0.243719
0.246019
0.24801
0.249837
0.25143
0.252887
0.254503
0.255905
0.257355
0.258599
0.259679
0.260603
0.261394
0.262084
0.262661
0.263156
0.263624
0.264242
0.264837
0.265325
0.265718
0.266024
0.266246
0.266389
0.266451
0.266433
0.266326
0.266168
0.266084
0.26603
0.265945
0.265814
0.265638
0.265408
0.265111
0.264749
0.264319
0.263863
0.263344
0.262834
0.262298
0.261686
0.261059
0.26036
0.259568
0.258669
0.257661
0.256695
0.255606
0.254366
0.253147
0.252
0.250712
0.249235
0.247518
0.245569
0.243331
0.241617
0.23962
0.237271
0.234457
0.231689
0.230033
0.227992
0.225393
0.221874
0.21852
0.216974
0.215388
0.213574
0.211399
0.208753
0.205782
0.20473
0.203362
0.201482
0.200234
0.199609
0.198922
0.198161
0.197322
0.19651
0.195637
0.194636
0.193976
0.193234
0.192617
0.19198
0.191312
0.190597
0.189839
0.189067
0.188252
0.187421
0.186582
0.185878
0.185269
0.184566
0.183785
0.182934
0.182019
0.181038
0.179992
0.178878
0.17769
0.176724
0.176845
0.176985
0.17677
0.176258
0.17549
0.174494
0.173265
0.171797
0.170077
0.1717
0.174484
0.178949
0.185104
0.189223
0.191986
0.193508
0.193758
0.192665
0.189915
0.195037
0.199191
0.200136
0.201352
0.208037
0.212387
0.214637
0.214711
0.212303
0.205889
0.208721
0.209859
0.209385
0.207161
0.203618
0.205809
0.20713
0.207444
0.206354
0.204326
0.205911
0.207188
0.231848
0.232436
0.232968
0.233444
0.233862
0.234224
0.234655
0.235142
0.235623
0.236074
0.236484
0.236853
0.237173
0.237446
0.237666
0.237861
0.238043
0.23819
0.238383
0.238511
0.238607
0.238685
0.238707
0.23867
0.23859
0.238553
0.238504
0.238366
0.238163
0.238252
0.238237
0.238126
0.237924
0.237684
0.237432
0.237824
0.238102
0.238119
0.237948
0.237634
0.238838
0.239936
0.240669
0.241113
0.241313
0.2445
0.246618
0.24816
0.24919
0.249854
0.250227
0.25204
0.254092
0.255587
0.257044
0.259344
0.26093
0.262019
0.26274
0.263208
0.263532
0.263637
0.263774
0.2639
0.26391
0.263838
0.263566
0.26313
0.262531
0.261785
0.260895
0.259853
0.258659
0.257391
0.256165
0.254809
0.253269
0.251529
0.249567
0.24735
0.24483
0.241939
0.238577
0.23456
0.231132
0.228242
0.22504
0.221392
0.21719
0.212282
0.206441
0.199318
0.190334
0.179807
0.173047
0.16527
0.163094
0.160361
0.157057
0.153152
0.148144
0.141548
0.13244
0.124911
0.123656
0.120812
0.11629
0.120234
0.124181
0.127043
0.128993
0.130119
0.130497
0.136507
0.144608
0.150329
0.154529
0.157629
0.164765
0.172843
0.179416
0.184852
0.189388
0.197338
0.204376
0.21009
0.214821
0.218838
0.222301
0.226207
0.230481
0.234162
0.237372
0.241256
0.244529
0.247362
0.24986
0.252099
0.254183
0.256061
0.257891
0.259823
0.261609
0.263405
0.265008
0.266454
0.26776
0.268957
0.270045
0.271043
0.271971
0.272909
0.273983
0.275008
0.27593
0.276758
0.277499
0.278158
0.278734
0.279228
0.279638
0.279955
0.280249
0.28063
0.281008
0.281349
0.281636
0.281865
0.282033
0.282128
0.282148
0.282085
0.282009
0.281843
0.281712
0.281512
0.281236
0.280922
0.280517
0.280003
0.279369
0.278635
0.277911
0.277036
0.275986
0.275054
0.274074
0.272917
0.271543
0.269904
0.267979
0.266011
0.264352
0.262371
0.259994
0.257097
0.254843
0.253143
0.25099
0.248188
0.244343
0.241815
0.240366
0.238854
0.237042
0.234829
0.232086
0.229785
0.22875
0.22735
0.225373
0.224683
0.224159
0.223555
0.222863
0.222095
0.221343
0.220489
0.219593
0.218958
0.21823
0.217643
0.216992
0.216282
0.215516
0.214705
0.213849
0.212948
0.212007
0.211053
0.210257
0.209479
0.208592
0.207611
0.206546
0.205398
0.204171
0.20286
0.201462
0.19997
0.198803
0.198662
0.198358
0.197685
0.196701
0.195451
0.193951
0.192201
0.190194
0.187889
0.189726
0.191453
0.195783
0.200701
0.203633
0.205252
0.205598
0.204654
0.202315
0.19827
0.204034
0.206403
0.205614
0.207475
0.212709
0.215604
0.216371
0.214869
0.210783
0.205432
0.207464
0.207769
0.206464
0.203377
0.201202
0.203018
0.203943
0.203799
0.202142
0.201187
0.202863
0.204298
0.205391
0.206099
0.206354
0.20646
0.207799
0.208848
0.209507
0.210596
0.211947
0.213185
0.214309
0.215322
0.216295
0.217157
0.217883
0.218908
0.219809
0.220858
0.221862
0.222797
0.223673
0.224488
0.225254
0.225972
0.22665
0.227334
0.22816
0.229069
0.229895
0.230651
0.231343
0.231975
0.232552
0.233072
0.233536
0.233941
0.234308
0.234755
0.235246
0.235719
0.236162
0.236563
0.236924
0.237233
0.237496
0.237706
0.237905
0.238073
0.238237
0.238415
0.23853
0.238628
0.238694
0.238704
0.238657
0.238567
0.238551
0.238482
0.238327
0.238187
0.238258
0.238222
0.238091
0.237872
0.23764
0.237369
0.23791
0.238124
0.238098
0.237892
0.237645
0.239102
0.240116
0.240784
0.241173
0.242036
0.245009
0.246994
0.241145
0.241402
0.241594
0.241721
0.24178
0.24177
0.241815
0.24192
0.242028
0.242112
0.242162
0.242171
0.24213
0.242039
0.241887
0.241694
0.241481
0.241223
0.241005
0.240722
0.240395
0.240034
0.239592
0.239054
0.238415
0.237748
0.237042
0.236197
0.2352
0.23443
0.233521
0.232437
0.23113
0.229573
0.227671
0.226115
0.224558
0.222674
0.220377
0.21754
0.215926
0.21432
0.212216
0.209373
0.20531
0.20414
0.202925
0.20162
0.199992
0.197951
0.195345
0.193898
0.19308
0.191864
0.190411
0.190298
0.190134
0.1899
0.189595
0.189249
0.188916
0.188478
0.188152
0.187962
0.187781
0.187678
0.187524
0.187332
0.187098
0.18683
0.186531
0.186201
0.185851
0.185569
0.185431
0.185228
0.184934
0.184561
0.184113
0.183593
0.182999
0.182329
0.181577
0.180734
0.18093
0.181517
0.181706
0.18155
0.18111
0.180415
0.179476
0.178289
0.176831
0.176372
0.179865
0.182196
0.188856
0.193185
0.195848
0.197284
0.197419
0.19625
0.193601
0.194205
0.198832
0.199881
0.198015
0.203159
0.207105
0.208854
0.208463
0.205713
0.200001
0.197348
0.198155
0.197347
0.194926
0.190644
0.189542
0.190366
0.190255
0.188966
0.185921
0.185798
0.186629
0.187235
0.187486
0.187347
0.186736
0.186501
0.187026
0.187246
0.18704
0.187766
0.188388
0.188907
0.189327
0.18966
0.189959
0.190139
0.190319
0.190695
0.191015
0.191475
0.191878
0.192232
0.192536
0.19281
0.193045
0.193256
0.193454
0.19371
0.194142
0.194571
0.194942
0.195265
0.195544
0.195783
0.195986
0.196151
0.196278
0.196365
0.196479
0.19671
0.196961
0.197204
0.197426
0.197624
0.197799
0.197945
0.198061
0.198147
0.198268
0.198346
0.198502
0.198627
0.198722
0.198831
0.198908
0.198948
0.198956
0.198975
0.199075
0.199102
0.199068
0.19926
0.199463
0.199588
0.199643
0.199649
0.199683
0.200097
0.200775
0.201171
0.201379
0.201443
0.202557
0.204121
0.205311
0.206211
0.206871
0.209624
0.2124
0.2145
0.216051
0.217203
0.218057
0.219734
0.222365
0.224405
0.225995
0.228749
0.230921
0.232551
0.233785
0.234733
0.235541
0.23614
0.236641
0.237283
0.237721
0.238168
0.238418
0.238497
0.238421
0.238205
0.237848
0.23735
0.236702
0.235914
0.235158
0.234362
0.23339
0.232228
0.230857
0.229245
0.227357
0.225128
0.222474
0.219261
0.215774
0.21316
0.210545
0.207533
0.204007
0.199842
0.194835
0.188706
0.181005
0.170941
0.16305
0.155659
0.150909
0.148598
0.145663
0.142214
0.137848
0.132123
0.124371
0.113343
0.111904
0.109677
0.105907
0.105723
0.109899
0.11291
0.114988
0.116215
0.116799
0.119024
0.127918
0.133953
0.138242
0.14132
0.146311
0.154451
0.160941
0.166208
0.170517
0.176625
0.183711
0.189217
0.193626
0.197241
0.200254
0.203197
0.207058
0.210277
0.212994
0.216068
0.218876
0.221208
0.223181
0.224871
0.2264
0.227742
0.228917
0.23032
0.231525
0.232789
0.233889
0.234832
0.235649
0.236352
0.236962
0.237488
0.237944
0.23838
0.238934
0.239552
0.240077
0.240523
0.240897
0.241204
0.241447
0.241626
0.241739
0.241783
0.241774
0.241834
0.241945
0.242046
0.242125
0.242166
0.242167
0.242116
0.242013
0.241848
0.241655
0.241427
0.241183
0.240951
0.240654
0.240326
0.239949
0.239488
0.23893
0.238267
0.237611
0.236877
0.236
0.235046
0.234254
0.233312
0.232186
0.230824
0.229218
0.227199
0.225813
0.224192
0.222231
0.219836
0.216955
0.215626
0.213929
0.211697
0.208651
0.204992
0.20389
0.202675
-0.124148
-0.123068
-0.121997
-0.12082
-0.119672
-0.118431
-0.117082
-0.115616
-0.114028
-0.112304
-0.110405
-0.108664
-0.107289
-0.106086
-0.104512
-0.102674
-0.100752
-0.098526
-0.0958633
-0.0926664
-0.0906578
-0.089051
-0.0873469
-0.0872429
-0.089024
-0.0911845
-0.092197
-0.0924676
-0.0916721
-0.0903041
-0.0922808
-0.0907829
-0.0921535
-0.0926541
-0.0949982
-0.0977711
-0.102515
-0.106212
-0.109149
-0.111922
-0.114022
-0.114945
-0.117798
-0.120347
-0.122452
-0.124586
-0.126834
-0.129168
-0.131246
-0.13315
-0.134708
-0.136282
-0.137982
-0.139501
-0.140917
-0.142191
-0.143316
-0.144484
-0.145594
-0.146652
-0.147611
-0.148572
-0.149446
-0.150237
-0.15096
-0.15163
-0.152242
-0.15278
-0.153264
-0.153768
-0.15428
-0.154733
-0.155138
-0.155499
-0.155813
-0.15608
-0.156303
-0.156507
-0.156676
-0.156825
-0.157015
-0.157154
-0.157262
-0.157333
-0.157365
-0.157359
-0.157319
-0.15726
-0.157169
-0.15708
-0.157012
-0.156945
-0.156836
-0.156689
-0.156521
-0.156336
-0.156117
-0.155866
-0.155588
-0.155294
-0.154991
-0.154703
-0.154419
-0.154137
-0.153817
-0.153486
-0.153127
-0.152736
-0.152407
-0.152027
-0.151624
-0.151203
-0.15078
-0.150347
-0.150018
-0.149645
-0.149256
-0.149036
-0.149069
-0.148936
-0.148731
-0.148469
-0.148151
-0.147779
-0.147386
-0.147548
-0.147861
-0.149195
-0.150911
-0.152121
-0.153007
-0.153603
-0.154046
-0.154359
-0.154495
-0.154523
-0.155146
-0.156637
-0.158088
-0.15914
-0.159851
-0.16028
-0.16048
-0.160569
-0.1606
-0.160418
-0.160042
-0.15969
-0.159349
-0.158835
-0.158122
-0.157221
-0.156105
-0.154754
-0.153141
-0.151268
-0.149069
-0.146438
-0.144609
-0.142499
-0.140268
-0.137829
-0.134981
-0.131632
-0.127656
-0.122879
-0.117008
-0.109593
-0.104494
-0.102839
-0.100916
-0.0986731
-0.096324
-0.0936143
-0.0903318
-0.0862694
-0.0811217
-0.0744456
-0.0687007
-0.0669261
-0.0667144
-0.06661
-0.0663742
-0.0660441
-0.0655974
-0.0649593
-0.0652261
-0.0652521
-0.0653008
-0.0658062
-0.0662518
-0.0668068
-0.0691235
-0.0716775
-0.0738266
-0.0764401
-0.0831528
-0.0883234
-0.0925556
-0.0961818
-0.0994356
-0.102207
-0.104655
-0.10843
-0.11349
-0.118997
-0.125458
-0.130773
-0.135392
-0.139349
-0.142885
-0.146196
-0.149108
-0.151726
-0.154437
-0.157636
-0.160792
-0.163545
-0.165968
-0.168106
-0.170001
-0.171735
-0.173388
-0.174858
-0.176157
-0.177459
-0.178814
-0.180038
-0.181119
-0.182083
-0.182932
-0.183674
-0.184315
-0.18488
-0.185396
-0.185815
-0.186266
-0.18665
-0.186961
-0.187216
-0.187395
-0.187502
-0.187539
-0.187516
-0.187427
-0.18727
-0.1871
-0.186919
-0.18667
-0.186346
-0.185976
-0.18557
-0.1851
-0.184547
-0.183903
-0.183168
-0.182346
-0.181531
-0.180728
-0.179852
-0.178865
-0.177802
-0.176704
-0.175442
-0.174049
-0.172429
-0.170648
-0.169022
-0.167341
-0.16625
-0.165033
-0.16365
-0.162114
-0.160429
-0.158402
-0.155789
-0.15367
-0.152356
-0.150867
-0.149095
-0.148354
-0.147606
-0.146791
-0.145867
-0.144789
-0.143381
-0.142864
-0.142343
-0.14178
-0.141194
-0.140548
-0.139929
-0.139378
-0.138847
-0.138302
-0.137756
-0.137214
-0.136636
-0.136024
-0.135399
-0.134771
-0.134109
-0.133403
-0.132684
-0.131996
-0.13128
-0.130515
-0.12972
-0.128882
-0.127991
-0.127045
-0.126045
-0.125014
-0.123913
-0.122854
-0.121761
-0.120588
-0.119422
-0.118158
-0.116785
-0.115293
-0.113679
-0.111924
-0.109984
-0.108327
-0.107071
-0.105789
-0.104139
-0.102294
-0.100318
-0.0980072
-0.0952422
-0.0919218
-0.0904823
-0.088644
-0.087136
-0.0872035
-0.0895745
-0.0914886
-0.0923252
-0.0923936
-0.0913598
-0.0909924
-0.0922688
-0.0907702
-0.0923842
-0.0926595
-0.0955489
-0.0988588
-0.103372
-0.106883
-0.109647
-0.112483
-0.114261
-0.115585
-0.118325
-0.120829
-0.122827
-0.125081
-0.127294
-0.124148
-0.123068
-0.121997
-0.12082
-0.119672
-0.118431
-0.117082
-0.115616
-0.114028
-0.112304
-0.110405
-0.108664
-0.107289
-0.106086
-0.104512
-0.102674
-0.100752
-0.098526
-0.0958633
-0.0926664
-0.0906578
-0.089051
-0.0873469
-0.0872429
-0.089024
-0.0911845
-0.092197
-0.0924676
-0.0916721
-0.0903041
-0.0922808
-0.0907829
-0.0921535
-0.0926541
-0.0949982
-0.0977711
-0.102515
-0.106212
-0.109149
-0.111922
-0.114022
-0.114945
-0.117798
-0.120347
-0.122452
-0.124586
-0.126834
-0.129168
-0.131246
-0.13315
-0.134708
-0.136282
-0.137982
-0.139501
-0.140917
-0.142191
-0.143316
-0.144484
-0.145594
-0.146652
-0.147611
-0.148572
-0.149446
-0.150237
-0.15096
-0.15163
-0.152242
-0.15278
-0.153264
-0.153768
-0.15428
-0.154733
-0.155138
-0.155499
-0.155813
-0.15608
-0.156303
-0.156507
-0.156676
-0.156825
-0.157015
-0.157154
-0.157262
-0.157333
-0.157365
-0.157359
-0.157319
-0.15726
-0.157169
-0.15708
-0.157012
-0.156945
-0.156836
-0.156689
-0.156521
-0.156336
-0.156117
-0.155866
-0.155588
-0.155294
-0.154991
-0.154703
-0.154419
-0.154137
-0.153817
-0.153486
-0.153127
-0.152736
-0.152407
-0.152027
-0.151624
-0.151203
-0.15078
-0.150347
-0.150018
-0.149645
-0.149256
-0.149036
-0.149069
-0.148936
-0.148731
-0.148469
-0.148151
-0.147779
-0.147386
-0.147548
-0.147861
-0.149195
-0.150911
-0.152121
-0.153007
-0.153603
-0.154046
-0.154359
-0.154495
-0.154523
-0.155146
-0.156637
-0.158088
-0.15914
-0.159851
-0.16028
-0.16048
-0.160569
-0.1606
-0.160418
-0.160042
-0.15969
-0.159349
-0.158835
-0.158122
-0.157221
-0.156105
-0.154754
-0.153141
-0.151268
-0.149069
-0.146438
-0.144609
-0.142499
-0.140268
-0.137829
-0.134981
-0.131632
-0.127656
-0.122879
-0.117008
-0.109593
-0.104494
-0.102839
-0.100916
-0.0986731
-0.096324
-0.0936143
-0.0903318
-0.0862694
-0.0811217
-0.0744456
-0.0687007
-0.0669261
-0.0667144
-0.06661
-0.0663742
-0.0660441
-0.0655974
-0.0649593
-0.0652261
-0.0652521
-0.0653008
-0.0658062
-0.0662518
-0.0668068
-0.0691235
-0.0716775
-0.0738266
-0.0764401
-0.0831528
-0.0883234
-0.0925556
-0.0961818
-0.0994356
-0.102207
-0.104655
-0.10843
-0.11349
-0.118997
-0.125458
-0.130773
-0.135392
-0.139349
-0.142885
-0.146196
-0.149108
-0.151726
-0.154437
-0.157636
-0.160792
-0.163545
-0.165968
-0.168106
-0.170001
-0.171735
-0.173388
-0.174858
-0.176157
-0.177459
-0.178814
-0.180038
-0.181119
-0.182083
-0.182932
-0.183674
-0.184315
-0.18488
-0.185396
-0.185815
-0.186266
-0.18665
-0.186961
-0.187216
-0.187395
-0.187502
-0.187539
-0.187516
-0.187427
-0.18727
-0.1871
-0.186919
-0.18667
-0.186346
-0.185976
-0.18557
-0.1851
-0.184547
-0.183903
-0.183168
-0.182346
-0.181531
-0.180728
-0.179852
-0.178865
-0.177802
-0.176704
-0.175442
-0.174049
-0.172429
-0.170648
-0.169022
-0.167341
-0.16625
-0.165033
-0.16365
-0.162114
-0.160429
-0.158402
-0.155789
-0.15367
-0.152356
-0.150867
-0.149095
-0.148354
-0.147606
-0.146791
-0.145867
-0.144789
-0.143381
-0.142864
-0.142343
-0.14178
-0.141194
-0.140548
-0.139929
-0.139378
-0.138847
-0.138302
-0.137756
-0.137214
-0.136636
-0.136024
-0.135399
-0.134771
-0.134109
-0.133403
-0.132684
-0.131996
-0.13128
-0.130515
-0.12972
-0.128882
-0.127991
-0.127045
-0.126045
-0.125014
-0.123913
-0.122854
-0.121761
-0.120588
-0.119422
-0.118158
-0.116785
-0.115293
-0.113679
-0.111924
-0.109984
-0.108327
-0.107071
-0.105789
-0.104139
-0.102294
-0.100318
-0.0980072
-0.0952422
-0.0919218
-0.0904823
-0.088644
-0.087136
-0.0872035
-0.0895745
-0.0914886
-0.0923252
-0.0923936
-0.0913598
-0.0909924
-0.0922688
-0.0907702
-0.0923842
-0.0926595
-0.0955489
-0.0988588
-0.103372
-0.106883
-0.109647
-0.112483
-0.114261
-0.115585
-0.118325
-0.120829
-0.122827
-0.125081
-0.127294
0.231848
0.232436
0.232968
0.233444
0.233862
0.234224
0.234655
0.235142
0.235623
0.236074
0.236484
0.236853
0.237173
0.237446
0.237666
0.237861
0.238043
0.23819
0.238383
0.238511
0.238607
0.238685
0.238707
0.23867
0.23859
0.238553
0.238504
0.238366
0.238163
0.238252
0.238237
0.238126
0.237924
0.237684
0.237432
0.237824
0.238102
0.238119
0.237948
0.237634
0.238838
0.239936
0.240669
0.241113
0.241313
0.2445
0.246618
0.24816
0.24919
0.249854
0.250227
0.25204
0.254092
0.255587
0.257044
0.259344
0.26093
0.262019
0.26274
0.263208
0.263532
0.263637
0.263774
0.2639
0.26391
0.263838
0.263566
0.26313
0.262531
0.261785
0.260895
0.259853
0.258659
0.257391
0.256165
0.254809
0.253269
0.251529
0.249567
0.24735
0.24483
0.241939
0.238577
0.23456
0.231132
0.228242
0.22504
0.221392
0.21719
0.212282
0.206441
0.199318
0.190334
0.179807
0.173047
0.16527
0.163094
0.160361
0.157057
0.153152
0.148144
0.141548
0.13244
0.124911
0.123656
0.120812
0.11629
0.120234
0.124181
0.127043
0.128993
0.130119
0.130497
0.136507
0.144608
0.150329
0.154529
0.157629
0.164765
0.172843
0.179416
0.184852
0.189388
0.197338
0.204376
0.21009
0.214821
0.218838
0.222301
0.226207
0.230481
0.234162
0.237372
0.241256
0.244529
0.247362
0.24986
0.252099
0.254183
0.256061
0.257891
0.259823
0.261609
0.263405
0.265008
0.266454
0.26776
0.268957
0.270045
0.271043
0.271971
0.272909
0.273983
0.275008
0.27593
0.276758
0.277499
0.278158
0.278734
0.279228
0.279638
0.279955
0.280249
0.28063
0.281008
0.281349
0.281636
0.281865
0.282033
0.282128
0.282148
0.282085
0.282009
0.281843
0.281712
0.281512
0.281236
0.280922
0.280517
0.280003
0.279369
0.278635
0.277911
0.277036
0.275986
0.275054
0.274074
0.272917
0.271543
0.269904
0.267979
0.266011
0.264352
0.262371
0.259994
0.257097
0.254843
0.253143
0.25099
0.248188
0.244343
0.241815
0.240366
0.238854
0.237042
0.234829
0.232086
0.229785
0.22875
0.22735
0.225373
0.224683
0.224159
0.223555
0.222863
0.222095
0.221343
0.220489
0.219593
0.218958
0.21823
0.217643
0.216992
0.216282
0.215516
0.214705
0.213849
0.212948
0.212007
0.211053
0.210257
0.209479
0.208592
0.207611
0.206546
0.205398
0.204171
0.20286
0.201462
0.19997
0.198803
0.198662
0.198358
0.197685
0.196701
0.195451
0.193951
0.192201
0.190194
0.187889
0.189726
0.191453
0.195783
0.200701
0.203633
0.205252
0.205598
0.204654
0.202315
0.19827
0.204034
0.206403
0.205614
0.207475
0.212709
0.215604
0.216371
0.214869
0.210783
0.205432
0.207464
0.207769
0.206464
0.203377
0.201202
0.203018
0.203943
0.203799
0.202142
0.201187
0.202863
0.204298
0.205391
0.206099
0.206354
0.20646
0.207799
0.208848
0.209507
0.210596
0.211947
0.213185
0.214309
0.215322
0.216295
0.217157
0.217883
0.218908
0.219809
0.220858
0.221862
0.222797
0.223673
0.224488
0.225254
0.225972
0.22665
0.227334
0.22816
0.229069
0.229895
0.230651
0.231343
0.231975
0.232552
0.233072
0.233536
0.233941
0.234308
0.234755
0.235246
0.235719
0.236162
0.236563
0.236924
0.237233
0.237496
0.237706
0.237905
0.238073
0.238237
0.238415
0.23853
0.238628
0.238694
0.238704
0.238657
0.238567
0.238551
0.238482
0.238327
0.238187
0.238258
0.238222
0.238091
0.237872
0.23764
0.237369
0.23791
0.238124
0.238098
0.237892
0.237645
0.239102
0.240116
0.240784
0.241173
0.242036
0.245009
0.246994
0.241145
0.241402
0.241594
0.241721
0.24178
0.24177
0.241815
0.24192
0.242028
0.242112
0.242162
0.242171
0.24213
0.242039
0.241887
0.241694
0.241481
0.241223
0.241005
0.240722
0.240395
0.240034
0.239592
0.239054
0.238415
0.237748
0.237042
0.236197
0.2352
0.23443
0.233521
0.232437
0.23113
0.229573
0.227671
0.226115
0.224558
0.222674
0.220377
0.21754
0.215926
0.21432
0.212216
0.209373
0.20531
0.20414
0.202925
0.20162
0.199992
0.197951
0.195345
0.193898
0.19308
0.191864
0.190411
0.190298
0.190134
0.1899
0.189595
0.189249
0.188916
0.188478
0.188152
0.187962
0.187781
0.187678
0.187524
0.187332
0.187098
0.18683
0.186531
0.186201
0.185851
0.185569
0.185431
0.185228
0.184934
0.184561
0.184113
0.183593
0.182999
0.182329
0.181577
0.180734
0.18093
0.181517
0.181706
0.18155
0.18111
0.180415
0.179476
0.178289
0.176831
0.176372
0.179865
0.182196
0.188856
0.193185
0.195848
0.197284
0.197419
0.19625
0.193601
0.194205
0.198832
0.199881
0.198015
0.203159
0.207105
0.208854
0.208463
0.205713
0.200001
0.197348
0.198155
0.197347
0.194926
0.190644
0.189542
0.190366
0.190255
0.188966
0.185921
0.185798
0.186629
0.187235
0.187486
0.187347
0.186736
0.186501
0.187026
0.187246
0.18704
0.187766
0.188388
0.188907
0.189327
0.18966
0.189959
0.190139
0.190319
0.190695
0.191015
0.191475
0.191878
0.192232
0.192536
0.19281
0.193045
0.193256
0.193454
0.19371
0.194142
0.194571
0.194942
0.195265
0.195544
0.195783
0.195986
0.196151
0.196278
0.196365
0.196479
0.19671
0.196961
0.197204
0.197426
0.197624
0.197799
0.197945
0.198061
0.198147
0.198268
0.198346
0.198502
0.198627
0.198722
0.198831
0.198908
0.198948
0.198956
0.198975
0.199075
0.199102
0.199068
0.19926
0.199463
0.199588
0.199643
0.199649
0.199683
0.200097
0.200775
0.201171
0.201379
0.201443
0.202557
0.204121
0.205311
0.206211
0.206871
0.209624
0.2124
0.2145
0.216051
0.217203
0.218057
0.219734
0.222365
0.224405
0.225995
0.228749
0.230921
0.232551
0.233785
0.234733
0.235541
0.23614
0.236641
0.237283
0.237721
0.238168
0.238418
0.238497
0.238421
0.238205
0.237848
0.23735
0.236702
0.235914
0.235158
0.234362
0.23339
0.232228
0.230857
0.229245
0.227357
0.225128
0.222474
0.219261
0.215774
0.21316
0.210545
0.207533
0.204007
0.199842
0.194835
0.188706
0.181005
0.170941
0.16305
0.155659
0.150909
0.148598
0.145663
0.142214
0.137848
0.132123
0.124371
0.113343
0.111904
0.109677
0.105907
0.105723
0.109899
0.11291
0.114988
0.116215
0.116799
0.119024
0.127918
0.133953
0.138242
0.14132
0.146311
0.154451
0.160941
0.166208
0.170517
0.176625
0.183711
0.189217
0.193626
0.197241
0.200254
0.203197
0.207058
0.210277
0.212994
0.216068
0.218876
0.221208
0.223181
0.224871
0.2264
0.227742
0.228917
0.23032
0.231525
0.232789
0.233889
0.234832
0.235649
0.236352
0.236962
0.237488
0.237944
0.23838
0.238934
0.239552
0.240077
0.240523
0.240897
0.241204
0.241447
0.241626
0.241739
0.241783
0.241774
0.241834
0.241945
0.242046
0.242125
0.242166
0.242167
0.242116
0.242013
0.241848
0.241655
0.241427
0.241183
0.240951
0.240654
0.240326
0.239949
0.239488
0.23893
0.238267
0.237611
0.236877
0.236
0.235046
0.234254
0.233312
0.232186
0.230824
0.229218
0.227199
0.225813
0.224192
0.222231
0.219836
0.216955
0.215626
0.213929
0.211697
0.208651
0.204992
0.20389
0.202675
-0.154893
-0.15245
-0.149714
-0.146873
-0.143601
-0.139823
-0.13542
-0.130265
-0.124155
-0.116787
-0.108646
-0.106384
-0.10418
-0.101633
-0.0988236
-0.0957454
-0.0921277
-0.0877885
-0.0825049
-0.0760176
-0.068001
-0.0650081
-0.0648123
-0.0647121
-0.0645475
-0.0642426
-0.0638545
-0.0632848
-0.062894
-0.0631869
-0.0627786
-0.0633595
-0.0637168
-0.0643403
-0.0655104
-0.0682896
-0.0705452
-0.0724693
-0.0776348
-0.082951
-0.0869712
-0.0902599
-0.0932167
-0.0957524
-0.0979689
-0.0999211
-0.104952
-0.109258
-0.115498
-0.120714
-0.12504
-0.128745
-0.131923
-0.134961
-0.137698
-0.140146
-0.142393
-0.145218
-0.148345
-0.151083
-0.153498
-0.15564
-0.15756
-0.159315
-0.160993
-0.162576
-0.164014
-0.16535
-0.166841
-0.168274
-0.169574
-0.170768
-0.17187
-0.172879
-0.173806
-0.174655
-0.175477
-0.176233
-0.176967
-0.177713
-0.178381
-0.179012
-0.179576
-0.180078
-0.180516
-0.180895
-0.181222
-0.181483
-0.181705
-0.181936
-0.182123
-0.182236
-0.182284
-0.1823
-0.182264
-0.182146
-0.181937
-0.181633
-0.181223
-0.180779
-0.180374
-0.179902
-0.179327
-0.178613
-0.177898
-0.177029
-0.175988
-0.174787
-0.173276
-0.171997
-0.170547
-0.169625
-0.168762
-0.167744
-0.166495
-0.165157
-0.163511
-0.161418
-0.158888
-0.158041
-0.157043
-0.155814
-0.154978
-0.154673
-0.154303
-0.153816
-0.153213
-0.152371
-0.15184
-0.151797
-0.1517
-0.151568
-0.151384
-0.151137
-0.151013
-0.150884
-0.150752
-0.150575
-0.150431
-0.150238
-0.149996
-0.149714
-0.149415
-0.149087
-0.148701
-0.148263
-0.14783
-0.147384
-0.146871
-0.146299
-0.145676
-0.144982
-0.144214
-0.143368
-0.14246
-0.141476
-0.140426
-0.139414
-0.138265
-0.137088
-0.135812
-0.134402
-0.132846
-0.131133
-0.129257
-0.127183
-0.125096
-0.123237
-0.12176
-0.119846
-0.117534
-0.11514
-0.112421
-0.109235
-0.1055
-0.101953
-0.0999642
-0.0972986
-0.0958606
-0.0958727
-0.0972768
-0.0973893
-0.0965964
-0.0947762
-0.0917561
-0.0919984
-0.0898249
-0.0888554
-0.0885801
-0.089229
-0.0907997
-0.0943469
-0.0972903
-0.0993981
-0.101056
-0.10253
-0.102526
-0.104509
-0.106503
-0.108212
-0.109772
-0.111697
-0.113632
-0.115464
-0.117123
-0.118537
-0.119829
-0.121447
-0.122921
-0.124296
-0.125589
-0.126752
-0.127963
-0.129157
-0.13033
-0.131426
-0.132558
-0.133629
-0.134642
-0.1356
-0.136524
-0.137418
-0.138257
-0.13905
-0.139872
-0.140723
-0.141541
-0.142323
-0.143078
-0.143798
-0.144484
-0.145139
-0.145776
-0.146401
-0.14699
-0.147657
-0.148281
-0.148878
-0.149448
-0.149987
-0.150496
-0.150975
-0.151441
-0.151884
-0.152313
-0.152781
-0.153258
-0.153701
-0.154106
-0.15449
-0.154861
-0.155202
-0.155511
-0.155787
-0.156055
-0.156303
-0.156564
-0.156824
-0.1571
-0.157337
-0.15755
-0.15774
-0.157891
-0.15808
-0.158237
-0.158352
-0.158453
-0.158535
-0.158614
-0.158751
-0.158877
-0.158964
-0.159061
-0.159575
-0.159877
-0.160073
-0.160198
-0.160274
-0.160275
-0.160261
-0.160541
-0.161224
-0.16234
-0.164365
-0.165742
-0.16676
-0.16747
-0.167975
-0.168396
-0.168635
-0.168753
-0.16914
-0.17046
-0.171979
-0.173016
-0.173682
-0.174046
-0.174155
-0.174108
-0.174023
-0.173738
-0.173232
-0.172678
-0.172158
-0.171472
-0.170557
-0.169431
-0.168068
-0.166447
-0.164542
-0.162333
-0.15982
-0.156856
-0.154412
-0.151899
-0.149155
-0.146231
-0.14286
-0.138956
-0.134408
-0.129073
-0.122729
-0.115061
-0.107927
-0.105951
-0.103681
-0.101054
-0.098217
-0.0950391
-0.0912849
-0.0867693
-0.0812505
-0.0744709
-0.0673985
-0.0649738
-0.0647614
-0.0646901
-0.0644945
-0.0641749
-0.0637513
-0.0631389
-0.0630257
-0.0631453
-0.0629166
-0.063454
-0.0638485
-0.0644569
-0.066144
-0.0688001
-0.0709728
-0.0728304
-0.0788836
-0.083868
-0.0877157
-0.0908709
-0.0937795
-0.0962292
-0.0983999
-0.100963
-0.105915
-0.154893
-0.15245
-0.149714
-0.146873
-0.143601
-0.139823
-0.13542
-0.130265
-0.124155
-0.116787
-0.108646
-0.106384
-0.10418
-0.101633
-0.0988236
-0.0957454
-0.0921277
-0.0877885
-0.0825049
-0.0760176
-0.068001
-0.0650081
-0.0648123
-0.0647121
-0.0645475
-0.0642426
-0.0638545
-0.0632848
-0.062894
-0.0631869
-0.0627786
-0.0633595
-0.0637168
-0.0643403
-0.0655104
-0.0682896
-0.0705452
-0.0724693
-0.0776348
-0.082951
-0.0869712
-0.0902599
-0.0932167
-0.0957524
-0.0979689
-0.0999211
-0.104952
-0.109258
-0.115498
-0.120714
-0.12504
-0.128745
-0.131923
-0.134961
-0.137698
-0.140146
-0.142393
-0.145218
-0.148345
-0.151083
-0.153498
-0.15564
-0.15756
-0.159315
-0.160993
-0.162576
-0.164014
-0.16535
-0.166841
-0.168274
-0.169574
-0.170768
-0.17187
-0.172879
-0.173806
-0.174655
-0.175477
-0.176233
-0.176967
-0.177713
-0.178381
-0.179012
-0.179576
-0.180078
-0.180516
-0.180895
-0.181222
-0.181483
-0.181705
-0.181936
-0.182123
-0.182236
-0.182284
-0.1823
-0.182264
-0.182146
-0.181937
-0.181633
-0.181223
-0.180779
-0.180374
-0.179902
-0.179327
-0.178613
-0.177898
-0.177029
-0.175988
-0.174787
-0.173276
-0.171997
-0.170547
-0.169625
-0.168762
-0.167744
-0.166495
-0.165157
-0.163511
-0.161418
-0.158888
-0.158041
-0.157043
-0.155814
-0.154978
-0.154673
-0.154303
-0.153816
-0.153213
-0.152371
-0.15184
-0.151797
-0.1517
-0.151568
-0.151384
-0.151137
-0.151013
-0.150884
-0.150752
-0.150575
-0.150431
-0.150238
-0.149996
-0.149714
-0.149415
-0.149087
-0.148701
-0.148263
-0.14783
-0.147384
-0.146871
-0.146299
-0.145676
-0.144982
-0.144214
-0.143368
-0.14246
-0.141476
-0.140426
-0.139414
-0.138265
-0.137088
-0.135812
-0.134402
-0.132846
-0.131133
-0.129257
-0.127183
-0.125096
-0.123237
-0.12176
-0.119846
-0.117534
-0.11514
-0.112421
-0.109235
-0.1055
-0.101953
-0.0999642
-0.0972986
-0.0958606
-0.0958727
-0.0972768
-0.0973893
-0.0965964
-0.0947762
-0.0917561
-0.0919984
-0.0898249
-0.0888554
-0.0885801
-0.089229
-0.0907997
-0.0943469
-0.0972903
-0.0993981
-0.101056
-0.10253
-0.102526
-0.104509
-0.106503
-0.108212
-0.109772
-0.111697
-0.113632
-0.115464
-0.117123
-0.118537
-0.119829
-0.121447
-0.122921
-0.124296
-0.125589
-0.126752
-0.127963
-0.129157
-0.13033
-0.131426
-0.132558
-0.133629
-0.134642
-0.1356
-0.136524
-0.137418
-0.138257
-0.13905
-0.139872
-0.140723
-0.141541
-0.142323
-0.143078
-0.143798
-0.144484
-0.145139
-0.145776
-0.146401
-0.14699
-0.147657
-0.148281
-0.148878
-0.149448
-0.149987
-0.150496
-0.150975
-0.151441
-0.151884
-0.152313
-0.152781
-0.153258
-0.153701
-0.154106
-0.15449
-0.154861
-0.155202
-0.155511
-0.155787
-0.156055
-0.156303
-0.156564
-0.156824
-0.1571
-0.157337
-0.15755
-0.15774
-0.157891
-0.15808
-0.158237
-0.158352
-0.158453
-0.158535
-0.158614
-0.158751
-0.158877
-0.158964
-0.159061
-0.159575
-0.159877
-0.160073
-0.160198
-0.160274
-0.160275
-0.160261
-0.160541
-0.161224
-0.16234
-0.164365
-0.165742
-0.16676
-0.16747
-0.167975
-0.168396
-0.168635
-0.168753
-0.16914
-0.17046
-0.171979
-0.173016
-0.173682
-0.174046
-0.174155
-0.174108
-0.174023
-0.173738
-0.173232
-0.172678
-0.172158
-0.171472
-0.170557
-0.169431
-0.168068
-0.166447
-0.164542
-0.162333
-0.15982
-0.156856
-0.154412
-0.151899
-0.149155
-0.146231
-0.14286
-0.138956
-0.134408
-0.129073
-0.122729
-0.115061
-0.107927
-0.105951
-0.103681
-0.101054
-0.098217
-0.0950391
-0.0912849
-0.0867693
-0.0812505
-0.0744709
-0.0673985
-0.0649738
-0.0647614
-0.0646901
-0.0644945
-0.0641749
-0.0637513
-0.0631389
-0.0630257
-0.0631453
-0.0629166
-0.063454
-0.0638485
-0.0644569
-0.066144
-0.0688001
-0.0709728
-0.0728304
-0.0788836
-0.083868
-0.0877157
-0.0908709
-0.0937795
-0.0962292
-0.0983999
-0.100963
-0.105915
0.231848
0.232436
0.232968
0.233444
0.233862
0.234224
0.234655
0.235142
0.235623
0.236074
0.236484
0.236853
0.237173
0.237446
0.237666
0.237861
0.238043
0.23819
0.238383
0.238511
0.238607
0.238685
0.238707
0.23867
0.23859
0.238553
0.238504
0.238366
0.238163
0.238252
0.238237
0.238126
0.237924
0.237684
0.237432
0.237824
0.238102
0.238119
0.237948
0.237634
0.238838
0.239936
0.240669
0.241113
0.241313
0.2445
0.246618
0.24816
0.24919
0.249854
0.250227
0.25204
0.254092
0.255587
0.257044
0.259344
0.26093
0.262019
0.26274
0.263208
0.263532
0.263637
0.263774
0.2639
0.26391
0.263838
0.263566
0.26313
0.262531
0.261785
0.260895
0.259853
0.258659
0.257391
0.256165
0.254809
0.253269
0.251529
0.249567
0.24735
0.24483
0.241939
0.238577
0.23456
0.231132
0.228242
0.22504
0.221392
0.21719
0.212282
0.206441
0.199318
0.190334
0.179807
0.173047
0.16527
0.163094
0.160361
0.157057
0.153152
0.148144
0.141548
0.13244
0.124911
0.123656
0.120812
0.11629
0.120234
0.124181
0.127043
0.128993
0.130119
0.130497
0.136507
0.144608
0.150329
0.154529
0.157629
0.164765
0.172843
0.179416
0.184852
0.189388
0.197338
0.204376
0.21009
0.214821
0.218838
0.222301
0.226207
0.230481
0.234162
0.237372
0.241256
0.244529
0.247362
0.24986
0.252099
0.254183
0.256061
0.257891
0.259823
0.261609
0.263405
0.265008
0.266454
0.26776
0.268957
0.270045
0.271043
0.271971
0.272909
0.273983
0.275008
0.27593
0.276758
0.277499
0.278158
0.278734
0.279228
0.279638
0.279955
0.280249
0.28063
0.281008
0.281349
0.281636
0.281865
0.282033
0.282128
0.282148
0.282085
0.282009
0.281843
0.281712
0.281512
0.281236
0.280922
0.280517
0.280003
0.279369
0.278635
0.277911
0.277036
0.275986
0.275054
0.274074
0.272917
0.271543
0.269904
0.267979
0.266011
0.264352
0.262371
0.259994
0.257097
0.254843
0.253143
0.25099
0.248188
0.244343
0.241815
0.240366
0.238854
0.237042
0.234829
0.232086
0.229785
0.22875
0.22735
0.225373
0.224683
0.224159
0.223555
0.222863
0.222095
0.221343
0.220489
0.219593
0.218958
0.21823
0.217643
0.216992
0.216282
0.215516
0.214705
0.213849
0.212948
0.212007
0.211053
0.210257
0.209479
0.208592
0.207611
0.206546
0.205398
0.204171
0.20286
0.201462
0.19997
0.198803
0.198662
0.198358
0.197685
0.196701
0.195451
0.193951
0.192201
0.190194
0.187889
0.189726
0.191453
0.195783
0.200701
0.203633
0.205252
0.205598
0.204654
0.202315
0.19827
0.204034
0.206403
0.205614
0.207475
0.212709
0.215604
0.216371
0.214869
0.210783
0.205432
0.207464
0.207769
0.206464
0.203377
0.201202
0.203018
0.203943
0.203799
0.202142
0.201187
0.202863
0.204298
0.205391
0.206099
0.206354
0.20646
0.207799
0.208848
0.209507
0.210596
0.211947
0.213185
0.214309
0.215322
0.216295
0.217157
0.217883
0.218908
0.219809
0.220858
0.221862
0.222797
0.223673
0.224488
0.225254
0.225972
0.22665
0.227334
0.22816
0.229069
0.229895
0.230651
0.231343
0.231975
0.232552
0.233072
0.233536
0.233941
0.234308
0.234755
0.235246
0.235719
0.236162
0.236563
0.236924
0.237233
0.237496
0.237706
0.237905
0.238073
0.238237
0.238415
0.23853
0.238628
0.238694
0.238704
0.238657
0.238567
0.238551
0.238482
0.238327
0.238187
0.238258
0.238222
0.238091
0.237872
0.23764
0.237369
0.23791
0.238124
0.238098
0.237892
0.237645
0.239102
0.240116
0.240784
0.241173
0.242036
0.245009
0.246994
0.241145
0.241402
0.241594
0.241721
0.24178
0.24177
0.241815
0.24192
0.242028
0.242112
0.242162
0.242171
0.24213
0.242039
0.241887
0.241694
0.241481
0.241223
0.241005
0.240722
0.240395
0.240034
0.239592
0.239054
0.238415
0.237748
0.237042
0.236197
0.2352
0.23443
0.233521
0.232437
0.23113
0.229573
0.227671
0.226115
0.224558
0.222674
0.220377
0.21754
0.215926
0.21432
0.212216
0.209373
0.20531
0.20414
0.202925
0.20162
0.199992
0.197951
0.195345
0.193898
0.19308
0.191864
0.190411
0.190298
0.190134
0.1899
0.189595
0.189249
0.188916
0.188478
0.188152
0.187962
0.187781
0.187678
0.187524
0.187332
0.187098
0.18683
0.186531
0.186201
0.185851
0.185569
0.185431
0.185228
0.184934
0.184561
0.184113
0.183593
0.182999
0.182329
0.181577
0.180734
0.18093
0.181517
0.181706
0.18155
0.18111
0.180415
0.179476
0.178289
0.176831
0.176372
0.179865
0.182196
0.188856
0.193185
0.195848
0.197284
0.197419
0.19625
0.193601
0.194205
0.198832
0.199881
0.198015
0.203159
0.207105
0.208854
0.208463
0.205713
0.200001
0.197348
0.198155
0.197347
0.194926
0.190644
0.189542
0.190366
0.190255
0.188966
0.185921
0.185798
0.186629
0.187235
0.187486
0.187347
0.186736
0.186501
0.187026
0.187246
0.18704
0.187766
0.188388
0.188907
0.189327
0.18966
0.189959
0.190139
0.190319
0.190695
0.191015
0.191475
0.191878
0.192232
0.192536
0.19281
0.193045
0.193256
0.193454
0.19371
0.194142
0.194571
0.194942
0.195265
0.195544
0.195783
0.195986
0.196151
0.196278
0.196365
0.196479
0.19671
0.196961
0.197204
0.197426
0.197624
0.197799
0.197945
0.198061
0.198147
0.198268
0.198346
0.198502
0.198627
0.198722
0.198831
0.198908
0.198948
0.198956
0.198975
0.199075
0.199102
0.199068
0.19926
0.199463
0.199588
0.199643
0.199649
0.199683
0.200097
0.200775
0.201171
0.201379
0.201443
0.202557
0.204121
0.205311
0.206211
0.206871
0.209624
0.2124
0.2145
0.216051
0.217203
0.218057
0.219734
0.222365
0.224405
0.225995
0.228749
0.230921
0.232551
0.233785
0.234733
0.235541
0.23614
0.236641
0.237283
0.237721
0.238168
0.238418
0.238497
0.238421
0.238205
0.237848
0.23735
0.236702
0.235914
0.235158
0.234362
0.23339
0.232228
0.230857
0.229245
0.227357
0.225128
0.222474
0.219261
0.215774
0.21316
0.210545
0.207533
0.204007
0.199842
0.194835
0.188706
0.181005
0.170941
0.16305
0.155659
0.150909
0.148598
0.145663
0.142214
0.137848
0.132123
0.124371
0.113343
0.111904
0.109677
0.105907
0.105723
0.109899
0.11291
0.114988
0.116215
0.116799
0.119024
0.127918
0.133953
0.138242
0.14132
0.146311
0.154451
0.160941
0.166208
0.170517
0.176625
0.183711
0.189217
0.193626
0.197241
0.200254
0.203197
0.207058
0.210277
0.212994
0.216068
0.218876
0.221208
0.223181
0.224871
0.2264
0.227742
0.228917
0.23032
0.231525
0.232789
0.233889
0.234832
0.235649
0.236352
0.236962
0.237488
0.237944
0.23838
0.238934
0.239552
0.240077
0.240523
0.240897
0.241204
0.241447
0.241626
0.241739
0.241783
0.241774
0.241834
0.241945
0.242046
0.242125
0.242166
0.242167
0.242116
0.242013
0.241848
0.241655
0.241427
0.241183
0.240951
0.240654
0.240326
0.239949
0.239488
0.23893
0.238267
0.237611
0.236877
0.236
0.235046
0.234254
0.233312
0.232186
0.230824
0.229218
0.227199
0.225813
0.224192
0.222231
0.219836
0.216955
0.215626
0.213929
0.211697
0.208651
0.204992
0.20389
0.202675
0.248223
0.246027
0.243491
0.240543
0.237071
0.233028
0.229687
0.226675
0.22328
0.219376
0.21483
0.20949
0.203099
0.19529
0.185495
0.175352
0.168098
0.160884
0.158406
0.155276
0.151545
0.147065
0.141345
0.133875
0.123753
0.117896
0.116065
0.112687
0.108506
0.113259
0.116631
0.118963
0.120411
0.121129
0.121014
0.128749
0.135465
0.140062
0.143334
0.145648
0.153801
0.160826
0.166475
0.171102
0.174973
0.183022
0.188919
0.193633
0.197504
0.20077
0.203577
0.207344
0.21097
0.214062
0.217031
0.220311
0.223052
0.225415
0.227493
0.229379
0.231137
0.232719
0.234392
0.236063
0.237682
0.239251
0.240673
0.241962
0.243133
0.24422
0.245222
0.246159
0.247052
0.248006
0.24909
0.250116
0.251058
0.251924
0.252721
0.253452
0.254116
0.254713
0.255238
0.255686
0.256162
0.256714
0.257262
0.257797
0.258273
0.25872
0.259103
0.259421
0.259681
0.259875
0.260056
0.260157
0.260313
0.260388
0.260398
0.260376
0.260259
0.260034
0.259693
0.259287
0.258858
0.258277
0.257519
0.256938
0.256244
0.255361
0.25424
0.252847
0.251141
0.249596
0.248194
0.246453
0.244293
0.241589
0.239842
0.238338
0.236333
0.233629
0.229828
0.228223
0.227126
0.22596
0.224462
0.222547
0.220099
0.218476
0.217788
0.216714
0.215144
0.215152
0.215104
0.21497
0.214747
0.214453
0.214186
0.2138
0.213449
0.213288
0.213081
0.212969
0.2128
0.212574
0.212286
0.211949
0.21157
0.21114
0.210667
0.210214
0.209908
0.209553
0.209086
0.20852
0.207862
0.207115
0.206278
0.205349
0.204319
0.203183
0.202565
0.202877
0.202741
0.202221
0.201381
0.200274
0.1989
0.197256
0.195334
0.193093
0.196084
0.197138
0.20245
0.206313
0.208285
0.209065
0.208514
0.206662
0.203383
0.200622
0.205137
0.205625
0.203124
0.205583
0.209007
0.210149
0.20915
0.205827
0.199872
0.195086
0.195745
0.194746
0.192181
0.187863
0.185737
0.186566
0.186485
0.1853
0.182562
0.181813
0.1829
0.18379
0.184345
0.184531
0.184287
0.184198
0.185124
0.185769
0.186034
0.187027
0.188116
0.189109
0.190007
0.190809
0.191611
0.1923
0.19293
0.193835
0.194641
0.19563
0.196564
0.197456
0.198297
0.199095
0.199871
0.200608
0.201328
0.202082
0.20304
0.204017
0.20493
0.205789
0.206601
0.20737
0.208096
0.208783
0.209427
0.210027
0.210621
0.211319
0.212061
0.212787
0.213486
0.21416
0.214805
0.215408
0.215975
0.216508
0.217051
0.217557
0.2181
0.218633
0.219112
0.219604
0.220059
0.220464
0.22082
0.22115
0.221585
0.221932
0.222205
0.222597
0.223089
0.223489
0.223802
0.224032
0.224286
0.224685
0.225612
0.226196
0.226565
0.226774
0.22749
0.229265
0.230604
0.231618
0.232372
0.234421
0.237319
0.239403
0.24093
0.242042
0.242854
0.243782
0.246487
0.248531
0.250086
0.252397
0.254525
0.256053
0.257164
0.257957
0.258609
0.259073
0.259332
0.259826
0.260096
0.260357
0.260428
0.260327
0.260053
0.259615
0.259042
0.258301
0.257409
0.256359
0.255287
0.254211
0.252939
0.25146
0.249753
0.247791
0.24553
0.242915
0.239868
0.236269
0.23227
0.229078
0.226003
0.22251
0.218487
0.213793
0.208257
0.201607
0.193444
0.183122
0.173964
0.166357
0.160416
0.157807
0.154535
0.150699
0.145991
0.139959
0.13203
0.121176
0.117649
0.115483
0.111781
0.109634
0.114058
0.117194
0.119334
0.120606
0.121199
0.120826
0.130397
0.136567
0.140841
0.143887
0.14688
0.155399
0.162099
0.167513
0.171956
0.176924
0.184384
0.189993
0.248223
0.246027
0.243491
0.240543
0.237071
0.233028
0.229687
0.226675
0.22328
0.219376
0.21483
0.20949
0.203099
0.19529
0.185495
0.175352
0.168098
0.160884
0.158406
0.155276
0.151545
0.147065
0.141345
0.133875
0.123753
0.117896
0.116065
0.112687
0.108506
0.113259
0.116631
0.118963
0.120411
0.121129
0.121014
0.128749
0.135465
0.140062
0.143334
0.145648
0.153801
0.160826
0.166475
0.171102
0.174973
0.183022
0.188919
0.193633
0.197504
0.20077
0.203577
0.207344
0.21097
0.214062
0.217031
0.220311
0.223052
0.225415
0.227493
0.229379
0.231137
0.232719
0.234392
0.236063
0.237682
0.239251
0.240673
0.241962
0.243133
0.24422
0.245222
0.246159
0.247052
0.248006
0.24909
0.250116
0.251058
0.251924
0.252721
0.253452
0.254116
0.254713
0.255238
0.255686
0.256162
0.256714
0.257262
0.257797
0.258273
0.25872
0.259103
0.259421
0.259681
0.259875
0.260056
0.260157
0.260313
0.260388
0.260398
0.260376
0.260259
0.260034
0.259693
0.259287
0.258858
0.258277
0.257519
0.256938
0.256244
0.255361
0.25424
0.252847
0.251141
0.249596
0.248194
0.246453
0.244293
0.241589
0.239842
0.238338
0.236333
0.233629
0.229828
0.228223
0.227126
0.22596
0.224462
0.222547
0.220099
0.218476
0.217788
0.216714
0.215144
0.215152
0.215104
0.21497
0.214747
0.214453
0.214186
0.2138
0.213449
0.213288
0.213081
0.212969
0.2128
0.212574
0.212286
0.211949
0.21157
0.21114
0.210667
0.210214
0.209908
0.209553
0.209086
0.20852
0.207862
0.207115
0.206278
0.205349
0.204319
0.203183
0.202565
0.202877
0.202741
0.202221
0.201381
0.200274
0.1989
0.197256
0.195334
0.193093
0.196084
0.197138
0.20245
0.206313
0.208285
0.209065
0.208514
0.206662
0.203383
0.200622
0.205137
0.205625
0.203124
0.205583
0.209007
0.210149
0.20915
0.205827
0.199872
0.195086
0.195745
0.194746
0.192181
0.187863
0.185737
0.186566
0.186485
0.1853
0.182562
0.181813
0.1829
0.18379
0.184345
0.184531
0.184287
0.184198
0.185124
0.185769
0.186034
0.187027
0.188116
0.189109
0.190007
0.190809
0.191611
0.1923
0.19293
0.193835
0.194641
0.19563
0.196564
0.197456
0.198297
0.199095
0.199871
0.200608
0.201328
0.202082
0.20304
0.204017
0.20493
0.205789
0.206601
0.20737
0.208096
0.208783
0.209427
0.210027
0.210621
0.211319
0.212061
0.212787
0.213486
0.21416
0.214805
0.215408
0.215975
0.216508
0.217051
0.217557
0.2181
0.218633
0.219112
0.219604
0.220059
0.220464
0.22082
0.22115
0.221585
0.221932
0.222205
0.222597
0.223089
0.223489
0.223802
0.224032
0.224286
0.224685
0.225612
0.226196
0.226565
0.226774
0.22749
0.229265
0.230604
0.231618
0.232372
0.234421
0.237319
0.239403
0.24093
0.242042
0.242854
0.243782
0.246487
0.248531
0.250086
0.252397
0.254525
0.256053
0.257164
0.257957
0.258609
0.259073
0.259332
0.259826
0.260096
0.260357
0.260428
0.260327
0.260053
0.259615
0.259042
0.258301
0.257409
0.256359
0.255287
0.254211
0.252939
0.25146
0.249753
0.247791
0.24553
0.242915
0.239868
0.236269
0.23227
0.229078
0.226003
0.22251
0.218487
0.213793
0.208257
0.201607
0.193444
0.183122
0.173964
0.166357
0.160416
0.157807
0.154535
0.150699
0.145991
0.139959
0.13203
0.121176
0.117649
0.115483
0.111781
0.109634
0.114058
0.117194
0.119334
0.120606
0.121199
0.120826
0.130397
0.136567
0.140841
0.143887
0.14688
0.155399
0.162099
0.167513
0.171956
0.176924
0.184384
0.189993
0.231848
0.232436
0.232968
0.233444
0.233862
0.234224
0.234655
0.235142
0.235623
0.236074
0.236484
0.236853
0.237173
0.237446
0.237666
0.237861
0.238043
0.23819
0.238383
0.238511
0.238607
0.238685
0.238707
0.23867
0.23859
0.238553
0.238504
0.238366
0.238163
0.238252
0.238237
0.238126
0.237924
0.237684
0.237432
0.237824
0.238102
0.238119
0.237948
0.237634
0.238838
0.239936
0.240669
0.241113
0.241313
0.2445
0.246618
0.24816
0.24919
0.249854
0.250227
0.25204
0.254092
0.255587
0.257044
0.259344
0.26093
0.262019
0.26274
0.263208
0.263532
0.263637
0.263774
0.2639
0.26391
0.263838
0.263566
0.26313
0.262531
0.261785
0.260895
0.259853
0.258659
0.257391
0.256165
0.254809
0.253269
0.251529
0.249567
0.24735
0.24483
0.241939
0.238577
0.23456
0.231132
0.228242
0.22504
0.221392
0.21719
0.212282
0.206441
0.199318
0.190334
0.179807
0.173047
0.16527
0.163094
0.160361
0.157057
0.153152
0.148144
0.141548
0.13244
0.124911
0.123656
0.120812
0.11629
0.120234
0.124181
0.127043
0.128993
0.130119
0.130497
0.136507
0.144608
0.150329
0.154529
0.157629
0.164765
0.172843
0.179416
0.184852
0.189388
0.197338
0.204376
0.21009
0.214821
0.218838
0.222301
0.226207
0.230481
0.234162
0.237372
0.241256
0.244529
0.247362
0.24986
0.252099
0.254183
0.256061
0.257891
0.259823
0.261609
0.263405
0.265008
0.266454
0.26776
0.268957
0.270045
0.271043
0.271971
0.272909
0.273983
0.275008
0.27593
0.276758
0.277499
0.278158
0.278734
0.279228
0.279638
0.279955
0.280249
0.28063
0.281008
0.281349
0.281636
0.281865
0.282033
0.282128
0.282148
0.282085
0.282009
0.281843
0.281712
0.281512
0.281236
0.280922
0.280517
0.280003
0.279369
0.278635
0.277911
0.277036
0.275986
0.275054
0.274074
0.272917
0.271543
0.269904
0.267979
0.266011
0.264352
0.262371
0.259994
0.257097
0.254843
0.253143
0.25099
0.248188
0.244343
0.241815
0.240366
0.238854
0.237042
0.234829
0.232086
0.229785
0.22875
0.22735
0.225373
0.224683
0.224159
0.223555
0.222863
0.222095
0.221343
0.220489
0.219593
0.218958
0.21823
0.217643
0.216992
0.216282
0.215516
0.214705
0.213849
0.212948
0.212007
0.211053
0.210257
0.209479
0.208592
0.207611
0.206546
0.205398
0.204171
0.20286
0.201462
0.19997
0.198803
0.198662
0.198358
0.197685
0.196701
0.195451
0.193951
0.192201
0.190194
0.187889
0.189726
0.191453
0.195783
0.200701
0.203633
0.205252
0.205598
0.204654
0.202315
0.19827
0.204034
0.206403
0.205614
0.207475
0.212709
0.215604
0.216371
0.214869
0.210783
0.205432
0.207464
0.207769
0.206464
0.203377
0.201202
0.203018
0.203943
0.203799
0.202142
0.201187
0.202863
0.204298
0.205391
0.206099
0.206354
0.20646
0.207799
0.208848
0.209507
0.210596
0.211947
0.213185
0.214309
0.215322
0.216295
0.217157
0.217883
0.218908
0.219809
0.220858
0.221862
0.222797
0.223673
0.224488
0.225254
0.225972
0.22665
0.227334
0.22816
0.229069
0.229895
0.230651
0.231343
0.231975
0.232552
0.233072
0.233536
0.233941
0.234308
0.234755
0.235246
0.235719
0.236162
0.236563
0.236924
0.237233
0.237496
0.237706
0.237905
0.238073
0.238237
0.238415
0.23853
0.238628
0.238694
0.238704
0.238657
0.238567
0.238551
0.238482
0.238327
0.238187
0.238258
0.238222
0.238091
0.237872
0.23764
0.237369
0.23791
0.238124
0.238098
0.237892
0.237645
0.239102
0.240116
0.240784
0.241173
0.242036
0.245009
0.246994
0.241145
0.241402
0.241594
0.241721
0.24178
0.24177
0.241815
0.24192
0.242028
0.242112
0.242162
0.242171
0.24213
0.242039
0.241887
0.241694
0.241481
0.241223
0.241005
0.240722
0.240395
0.240034
0.239592
0.239054
0.238415
0.237748
0.237042
0.236197
0.2352
0.23443
0.233521
0.232437
0.23113
0.229573
0.227671
0.226115
0.224558
0.222674
0.220377
0.21754
0.215926
0.21432
0.212216
0.209373
0.20531
0.20414
0.202925
0.20162
0.199992
0.197951
0.195345
0.193898
0.19308
0.191864
0.190411
0.190298
0.190134
0.1899
0.189595
0.189249
0.188916
0.188478
0.188152
0.187962
0.187781
0.187678
0.187524
0.187332
0.187098
0.18683
0.186531
0.186201
0.185851
0.185569
0.185431
0.185228
0.184934
0.184561
0.184113
0.183593
0.182999
0.182329
0.181577
0.180734
0.18093
0.181517
0.181706
0.18155
0.18111
0.180415
0.179476
0.178289
0.176831
0.176372
0.179865
0.182196
0.188856
0.193185
0.195848
0.197284
0.197419
0.19625
0.193601
0.194205
0.198832
0.199881
0.198015
0.203159
0.207105
0.208854
0.208463
0.205713
0.200001
0.197348
0.198155
0.197347
0.194926
0.190644
0.189542
0.190366
0.190255
0.188966
0.185921
0.185798
0.186629
0.187235
0.187486
0.187347
0.186736
0.186501
0.187026
0.187246
0.18704
0.187766
0.188388
0.188907
0.189327
0.18966
0.189959
0.190139
0.190319
0.190695
0.191015
0.191475
0.191878
0.192232
0.192536
0.19281
0.193045
0.193256
0.193454
0.19371
0.194142
0.194571
0.194942
0.195265
0.195544
0.195783
0.195986
0.196151
0.196278
0.196365
0.196479
0.19671
0.196961
0.197204
0.197426
0.197624
0.197799
0.197945
0.198061
0.198147
0.198268
0.198346
0.198502
0.198627
0.198722
0.198831
0.198908
0.198948
0.198956
0.198975
0.199075
0.199102
0.199068
0.19926
0.199463
0.199588
0.199643
0.199649
0.199683
0.200097
0.200775
0.201171
0.201379
0.201443
0.202557
0.204121
0.205311
0.206211
0.206871
0.209624
0.2124
0.2145
0.216051
0.217203
0.218057
0.219734
0.222365
0.224405
0.225995
0.228749
0.230921
0.232551
0.233785
0.234733
0.235541
0.23614
0.236641
0.237283
0.237721
0.238168
0.238418
0.238497
0.238421
0.238205
0.237848
0.23735
0.236702
0.235914
0.235158
0.234362
0.23339
0.232228
0.230857
0.229245
0.227357
0.225128
0.222474
0.219261
0.215774
0.21316
0.210545
0.207533
0.204007
0.199842
0.194835
0.188706
0.181005
0.170941
0.16305
0.155659
0.150909
0.148598
0.145663
0.142214
0.137848
0.132123
0.124371
0.113343
0.111904
0.109677
0.105907
0.105723
0.109899
0.11291
0.114988
0.116215
0.116799
0.119024
0.127918
0.133953
0.138242
0.14132
0.146311
0.154451
0.160941
0.166208
0.170517
0.176625
0.183711
0.189217
0.193626
0.197241
0.200254
0.203197
0.207058
0.210277
0.212994
0.216068
0.218876
0.221208
0.223181
0.224871
0.2264
0.227742
0.228917
0.23032
0.231525
0.232789
0.233889
0.234832
0.235649
0.236352
0.236962
0.237488
0.237944
0.23838
0.238934
0.239552
0.240077
0.240523
0.240897
0.241204
0.241447
0.241626
0.241739
0.241783
0.241774
0.241834
0.241945
0.242046
0.242125
0.242166
0.242167
0.242116
0.242013
0.241848
0.241655
0.241427
0.241183
0.240951
0.240654
0.240326
0.239949
0.239488
0.23893
0.238267
0.237611
0.236877
0.236
0.235046
0.234254
0.233312
0.232186
0.230824
0.229218
0.227199
0.225813
0.224192
0.222231
0.219836
0.216955
0.215626
0.213929
0.211697
0.208651
0.204992
0.20389
0.202675
0.719238
0.715072
0.710828
0.706101
0.701279
0.695866
0.689766
0.6829
0.675181
0.666482
0.656555
0.646603
0.637596
0.628977
0.618951
0.607695
0.595435
0.581071
0.563793
0.542769
0.524054
0.510242
0.498707
0.490944
0.486288
0.483358
0.476879
0.467614
0.453657
0.435794
0.434233
0.431177
0.443021
0.449814
0.460945
0.468908
0.482012
0.491782
0.499153
0.506545
0.514902
0.523676
0.539008
0.551393
0.561545
0.571503
0.580847
0.589812
0.597775
0.605247
0.612081
0.619528
0.626933
0.633372
0.639293
0.644706
0.649671
0.654728
0.659493
0.664113
0.668537
0.672955
0.677
0.680724
0.6842
0.687499
0.690625
0.693533
0.696287
0.699127
0.702039
0.704756
0.707318
0.709738
0.712001
0.714108
0.716062
0.717947
0.719714
0.721414
0.723286
0.72502
0.726673
0.728213
0.729623
0.730901
0.732059
0.733133
0.734069
0.73499
0.735994
0.737005
0.737883
0.738633
0.739306
0.739889
0.74032
0.740586
0.740706
0.740742
0.740722
0.740674
0.740537
0.740336
0.739931
0.739385
0.738605
0.737539
0.736543
0.735292
0.733828
0.732072
0.730026
0.727542
0.725011
0.72194
0.71827
0.714464
0.711522
0.70806
0.704146
0.699583
0.694194
0.687774
0.680063
0.672841
0.665072
0.659679
0.657257
0.65448
0.651387
0.647694
0.643605
0.639005
0.633463
0.626855
0.62138
0.619103
0.61827
0.617364
0.616234
0.614875
0.613324
0.611902
0.610808
0.609488
0.607956
0.606905
0.606482
0.605944
0.605208
0.604335
0.603276
0.602026
0.600587
0.599104
0.5976
0.596029
0.597829
0.598647
0.599402
0.599956
0.599937
0.599414
0.598444
0.597097
0.595357
0.593247
0.60382
0.621668
0.634646
0.644063
0.651641
0.657242
0.660941
0.662948
0.663442
0.66296
0.671097
0.68864
0.704623
0.715708
0.72237
0.72539
0.724981
0.720946
0.717763
0.713987
0.710301
0.705315
0.696991
0.68519
0.675823
0.665379
0.650536
0.632525
0.629521
0.625102
0.61954
0.612578
0.604305
0.59359
0.58002
0.568622
0.561674
0.555884
0.556711
0.557104
0.557488
0.557332
0.556965
0.556821
0.556004
0.554507
0.553297
0.554322
0.556609
0.558819
0.560857
0.562697
0.564341
0.565962
0.567792
0.569433
0.570839
0.572521
0.574867
0.577194
0.579401
0.581528
0.583552
0.585465
0.587265
0.589017
0.590821
0.592508
0.594513
0.596492
0.598418
0.600319
0.602126
0.603843
0.605474
0.607053
0.608564
0.609995
0.611582
0.613268
0.614869
0.616372
0.617885
0.619433
0.620917
0.622299
0.623577
0.624799
0.626057
0.627577
0.629247
0.63081
0.632222
0.633672
0.635298
0.636745
0.638261
0.639729
0.641687
0.644424
0.64731
0.651937
0.655755
0.658963
0.66187
0.664723
0.667285
0.669507
0.675299
0.682253
0.687577
0.691698
0.698783
0.70466
0.709571
0.713708
0.717316
0.720321
0.726077
0.730518
0.733952
0.73672
0.738867
0.740791
0.742507
0.743934
0.745118
0.746142
0.746887
0.747244
0.747251
0.747008
0.746574
0.745866
0.744853
0.743624
0.742386
0.740938
0.739195
0.73721
0.734936
0.732329
0.72937
0.726042
0.722419
0.718351
0.714228
0.709886
0.705142
0.700204
0.694647
0.688395
0.681355
0.673447
0.664528
0.654311
0.644604
0.635914
0.627013
0.616674
0.605275
0.592637
0.577716
0.559735
0.53782
0.521359
0.507661
0.496778
0.488739
0.485965
0.4823
0.475235
0.46512
0.450041
0.435589
0.433723
0.432917
0.444949
0.450844
0.462874
0.471955
0.48432
0.493502
0.500319
0.508392
0.516481
0.527264
0.541678
0.553687
0.56342
0.573627
0.582649
0.719238
0.715072
0.710828
0.706101
0.701279
0.695866
0.689766
0.6829
0.675181
0.666482
0.656555
0.646603
0.637596
0.628977
0.618951
0.607695
0.595435
0.581071
0.563793
0.542769
0.524054
0.510242
0.498707
0.490944
0.486288
0.483358
0.476879
0.467614
0.453657
0.435794
0.434233
0.431177
0.443021
0.449814
0.460945
0.468908
0.482012
0.491782
0.499153
0.506545
0.514902
0.523676
0.539008
0.551393
0.561545
0.571503
0.580847
0.589812
0.597775
0.605247
0.612081
0.619528
0.626933
0.633372
0.639293
0.644706
0.649671
0.654728
0.659493
0.664113
0.668537
0.672955
0.677
0.680724
0.6842
0.687499
0.690625
0.693533
0.696287
0.699127
0.702039
0.704756
0.707318
0.709738
0.712001
0.714108
0.716062
0.717947
0.719714
0.721414
0.723286
0.72502
0.726673
0.728213
0.729623
0.730901
0.732059
0.733133
0.734069
0.73499
0.735994
0.737005
0.737883
0.738633
0.739306
0.739889
0.74032
0.740586
0.740706
0.740742
0.740722
0.740674
0.740537
0.740336
0.739931
0.739385
0.738605
0.737539
0.736543
0.735292
0.733828
0.732072
0.730026
0.727542
0.725011
0.72194
0.71827
0.714464
0.711522
0.70806
0.704146
0.699583
0.694194
0.687774
0.680063
0.672841
0.665072
0.659679
0.657257
0.65448
0.651387
0.647694
0.643605
0.639005
0.633463
0.626855
0.62138
0.619103
0.61827
0.617364
0.616234
0.614875
0.613324
0.611902
0.610808
0.609488
0.607956
0.606905
0.606482
0.605944
0.605208
0.604335
0.603276
0.602026
0.600587
0.599104
0.5976
0.596029
0.597829
0.598647
0.599402
0.599956
0.599937
0.599414
0.598444
0.597097
0.595357
0.593247
0.60382
0.621668
0.634646
0.644063
0.651641
0.657242
0.660941
0.662948
0.663442
0.66296
0.671097
0.68864
0.704623
0.715708
0.72237
0.72539
0.724981
0.720946
0.717763
0.713987
0.710301
0.705315
0.696991
0.68519
0.675823
0.665379
0.650536
0.632525
0.629521
0.625102
0.61954
0.612578
0.604305
0.59359
0.58002
0.568622
0.561674
0.555884
0.556711
0.557104
0.557488
0.557332
0.556965
0.556821
0.556004
0.554507
0.553297
0.554322
0.556609
0.558819
0.560857
0.562697
0.564341
0.565962
0.567792
0.569433
0.570839
0.572521
0.574867
0.577194
0.579401
0.581528
0.583552
0.585465
0.587265
0.589017
0.590821
0.592508
0.594513
0.596492
0.598418
0.600319
0.602126
0.603843
0.605474
0.607053
0.608564
0.609995
0.611582
0.613268
0.614869
0.616372
0.617885
0.619433
0.620917
0.622299
0.623577
0.624799
0.626057
0.627577
0.629247
0.63081
0.632222
0.633672
0.635298
0.636745
0.638261
0.639729
0.641687
0.644424
0.64731
0.651937
0.655755
0.658963
0.66187
0.664723
0.667285
0.669507
0.675299
0.682253
0.687577
0.691698
0.698783
0.70466
0.709571
0.713708
0.717316
0.720321
0.726077
0.730518
0.733952
0.73672
0.738867
0.740791
0.742507
0.743934
0.745118
0.746142
0.746887
0.747244
0.747251
0.747008
0.746574
0.745866
0.744853
0.743624
0.742386
0.740938
0.739195
0.73721
0.734936
0.732329
0.72937
0.726042
0.722419
0.718351
0.714228
0.709886
0.705142
0.700204
0.694647
0.688395
0.681355
0.673447
0.664528
0.654311
0.644604
0.635914
0.627013
0.616674
0.605275
0.592637
0.577716
0.559735
0.53782
0.521359
0.507661
0.496778
0.488739
0.485965
0.4823
0.475235
0.46512
0.450041
0.435589
0.433723
0.432917
0.444949
0.450844
0.462874
0.471955
0.48432
0.493502
0.500319
0.508392
0.516481
0.527264
0.541678
0.553687
0.56342
0.573627
0.582649
0.231848
0.232436
0.232968
0.233444
0.233862
0.234224
0.234655
0.235142
0.235623
0.236074
0.236484
0.236853
0.237173
0.237446
0.237666
0.237861
0.238043
0.23819
0.238383
0.238511
0.238607
0.238685
0.238707
0.23867
0.23859
0.238553
0.238504
0.238366
0.238163
0.238252
0.238237
0.238126
0.237924
0.237684
0.237432
0.237824
0.238102
0.238119
0.237948
0.237634
0.238838
0.239936
0.240669
0.241113
0.241313
0.2445
0.246618
0.24816
0.24919
0.249854
0.250227
0.25204
0.254092
0.255587
0.257044
0.259344
0.26093
0.262019
0.26274
0.263208
0.263532
0.263637
0.263774
0.2639
0.26391
0.263838
0.263566
0.26313
0.262531
0.261785
0.260895
0.259853
0.258659
0.257391
0.256165
0.254809
0.253269
0.251529
0.249567
0.24735
0.24483
0.241939
0.238577
0.23456
0.231132
0.228242
0.22504
0.221392
0.21719
0.212282
0.206441
0.199318
0.190334
0.179807
0.173047
0.16527
0.163094
0.160361
0.157057
0.153152
0.148144
0.141548
0.13244
0.124911
0.123656
0.120812
0.11629
0.120234
0.124181
0.127043
0.128993
0.130119
0.130497
0.136507
0.144608
0.150329
0.154529
0.157629
0.164765
0.172843
0.179416
0.184852
0.189388
0.197338
0.204376
0.21009
0.214821
0.218838
0.222301
0.226207
0.230481
0.234162
0.237372
0.241256
0.244529
0.247362
0.24986
0.252099
0.254183
0.256061
0.257891
0.259823
0.261609
0.263405
0.265008
0.266454
0.26776
0.268957
0.270045
0.271043
0.271971
0.272909
0.273983
0.275008
0.27593
0.276758
0.277499
0.278158
0.278734
0.279228
0.279638
0.279955
0.280249
0.28063
0.281008
0.281349
0.281636
0.281865
0.282033
0.282128
0.282148
0.282085
0.282009
0.281843
0.281712
0.281512
0.281236
0.280922
0.280517
0.280003
0.279369
0.278635
0.277911
0.277036
0.275986
0.275054
0.274074
0.272917
0.271543
0.269904
0.267979
0.266011
0.264352
0.262371
0.259994
0.257097
0.254843
0.253143
0.25099
0.248188
0.244343
0.241815
0.240366
0.238854
0.237042
0.234829
0.232086
0.229785
0.22875
0.22735
0.225373
0.224683
0.224159
0.223555
0.222863
0.222095
0.221343
0.220489
0.219593
0.218958
0.21823
0.217643
0.216992
0.216282
0.215516
0.214705
0.213849
0.212948
0.212007
0.211053
0.210257
0.209479
0.208592
0.207611
0.206546
0.205398
0.204171
0.20286
0.201462
0.19997
0.198803
0.198662
0.198358
0.197685
0.196701
0.195451
0.193951
0.192201
0.190194
0.187889
0.189726
0.191453
0.195783
0.200701
0.203633
0.205252
0.205598
0.204654
0.202315
0.19827
0.204034
0.206403
0.205614
0.207475
0.212709
0.215604
0.216371
0.214869
0.210783
0.205432
0.207464
0.207769
0.206464
0.203377
0.201202
0.203018
0.203943
0.203799
0.202142
0.201187
0.202863
0.204298
0.205391
0.206099
0.206354
0.20646
0.207799
0.208848
0.209507
0.210596
0.211947
0.213185
0.214309
0.215322
0.216295
0.217157
0.217883
0.218908
0.219809
0.220858
0.221862
0.222797
0.223673
0.224488
0.225254
0.225972
0.22665
0.227334
0.22816
0.229069
0.229895
0.230651
0.231343
0.231975
0.232552
0.233072
0.233536
0.233941
0.234308
0.234755
0.235246
0.235719
0.236162
0.236563
0.236924
0.237233
0.237496
0.237706
0.237905
0.238073
0.238237
0.238415
0.23853
0.238628
0.238694
0.238704
0.238657
0.238567
0.238551
0.238482
0.238327
0.238187
0.238258
0.238222
0.238091
0.237872
0.23764
0.237369
0.23791
0.238124
0.238098
0.237892
0.237645
0.239102
0.240116
0.240784
0.241173
0.242036
0.245009
0.246994
0.241145
0.241402
0.241594
0.241721
0.24178
0.24177
0.241815
0.24192
0.242028
0.242112
0.242162
0.242171
0.24213
0.242039
0.241887
0.241694
0.241481
0.241223
0.241005
0.240722
0.240395
0.240034
0.239592
0.239054
0.238415
0.237748
0.237042
0.236197
0.2352
0.23443
0.233521
0.232437
0.23113
0.229573
0.227671
0.226115
0.224558
0.222674
0.220377
0.21754
0.215926
0.21432
0.212216
0.209373
0.20531
0.20414
0.202925
0.20162
0.199992
0.197951
0.195345
0.193898
0.19308
0.191864
0.190411
0.190298
0.190134
0.1899
0.189595
0.189249
0.188916
0.188478
0.188152
0.187962
0.187781
0.187678
0.187524
0.187332
0.187098
0.18683
0.186531
0.186201
0.185851
0.185569
0.185431
0.185228
0.184934
0.184561
0.184113
0.183593
0.182999
0.182329
0.181577
0.180734
0.18093
0.181517
0.181706
0.18155
0.18111
0.180415
0.179476
0.178289
0.176831
0.176372
0.179865
0.182196
0.188856
0.193185
0.195848
0.197284
0.197419
0.19625
0.193601
0.194205
0.198832
0.199881
0.198015
0.203159
0.207105
0.208854
0.208463
0.205713
0.200001
0.197348
0.198155
0.197347
0.194926
0.190644
0.189542
0.190366
0.190255
0.188966
0.185921
0.185798
0.186629
0.187235
0.187486
0.187347
0.186736
0.186501
0.187026
0.187246
0.18704
0.187766
0.188388
0.188907
0.189327
0.18966
0.189959
0.190139
0.190319
0.190695
0.191015
0.191475
0.191878
0.192232
0.192536
0.19281
0.193045
0.193256
0.193454
0.19371
0.194142
0.194571
0.194942
0.195265
0.195544
0.195783
0.195986
0.196151
0.196278
0.196365
0.196479
0.19671
0.196961
0.197204
0.197426
0.197624
0.197799
0.197945
0.198061
0.198147
0.198268
0.198346
0.198502
0.198627
0.198722
0.198831
0.198908
0.198948
0.198956
0.198975
0.199075
0.199102
0.199068
0.19926
0.199463
0.199588
0.199643
0.199649
0.199683
0.200097
0.200775
0.201171
0.201379
0.201443
0.202557
0.204121
0.205311
0.206211
0.206871
0.209624
0.2124
0.2145
0.216051
0.217203
0.218057
0.219734
0.222365
0.224405
0.225995
0.228749
0.230921
0.232551
0.233785
0.234733
0.235541
0.23614
0.236641
0.237283
0.237721
0.238168
0.238418
0.238497
0.238421
0.238205
0.237848
0.23735
0.236702
0.235914
0.235158
0.234362
0.23339
0.232228
0.230857
0.229245
0.227357
0.225128
0.222474
0.219261
0.215774
0.21316
0.210545
0.207533
0.204007
0.199842
0.194835
0.188706
0.181005
0.170941
0.16305
0.155659
0.150909
0.148598
0.145663
0.142214
0.137848
0.132123
0.124371
0.113343
0.111904
0.109677
0.105907
0.105723
0.109899
0.11291
0.114988
0.116215
0.116799
0.119024
0.127918
0.133953
0.138242
0.14132
0.146311
0.154451
0.160941
0.166208
0.170517
0.176625
0.183711
0.189217
0.193626
0.197241
0.200254
0.203197
0.207058
0.210277
0.212994
0.216068
0.218876
0.221208
0.223181
0.224871
0.2264
0.227742
0.228917
0.23032
0.231525
0.232789
0.233889
0.234832
0.235649
0.236352
0.236962
0.237488
0.237944
0.23838
0.238934
0.239552
0.240077
0.240523
0.240897
0.241204
0.241447
0.241626
0.241739
0.241783
0.241774
0.241834
0.241945
0.242046
0.242125
0.242166
0.242167
0.242116
0.242013
0.241848
0.241655
0.241427
0.241183
0.240951
0.240654
0.240326
0.239949
0.239488
0.23893
0.238267
0.237611
0.236877
0.236
0.235046
0.234254
0.233312
0.232186
0.230824
0.229218
0.227199
0.225813
0.224192
0.222231
0.219836
0.216955
0.215626
0.213929
0.211697
0.208651
0.204992
0.20389
0.202675
