1.90261
1.9022
1.90179
1.9014
1.90101
1.90064
1.90027
1.89991
1.89956
1.89921
1.89888
1.89856
1.89824
1.89794
1.89764
1.89736
1.89708
1.89682
1.89656
1.89631
1.89608
1.89585
1.89564
1.89543
1.89524
1.89506
1.89488
1.89472
1.89457
1.89443
1.8943
1.89418
1.89408
1.89398
1.89389
1.89382
1.89376
1.89371
1.89367
1.89364
1.89362
1.89361
1.89362
1.89363
1.89366
1.8937
1.89375
1.89381
1.89388
1.89396
1.89406
1.89416
1.89428
1.89441
1.89455
1.8947
1.89486
1.89503
1.89521
1.8954
1.89561
1.89582
1.89605
1.89629
1.89653
1.89679
1.89706
1.89733
1.89762
1.89792
1.89823
1.89854
1.89887
1.89921
1.89955
1.89991
1.90027
1.90064
1.90103
1.90142
1.90182
1.90223
1.90264
1.90307
1.9035
1.90394
1.90439
1.90484
1.90531
1.90578
1.90625
1.90674
1.90723
1.90773
1.90823
1.90874
1.90925
1.90977
1.9103
1.91083
1.91137
1.91191
1.91245
1.913
1.91356
1.91412
1.91468
1.91524
1.91581
1.91638
1.91695
1.91753
1.91811
1.91869
1.91927
1.91985
1.92044
1.92102
1.92161
1.92219
1.92278
1.92336
1.92395
1.92454
1.92512
1.9257
1.92628
1.92686
1.92744
1.92802
1.92859
1.92916
1.92973
1.93029
1.93085
1.93141
1.93196
1.93251
1.93306
1.9336
1.93413
1.93466
1.93518
1.9357
1.93621
1.93672
1.93722
1.93771
1.93819
1.93867
1.93914
1.9396
1.94006
1.9405
1.94094
1.94137
1.94179
1.94221
1.94261
1.943
1.94339
1.94376
1.94412
1.94448
1.94482
1.94516
1.94548
1.94579
1.94609
1.94638
1.94666
1.94693
1.94719
1.94743
1.94767
1.94789
1.9481
1.9483
1.94848
1.94865
1.94882
1.94896
1.9491
1.94923
1.94934
1.94944
1.94952
1.9496
1.94966
1.9497
1.94974
1.94976
1.94977
1.94977
1.94976
1.94973
1.94969
1.94963
1.94957
1.94949
1.9494
1.94929
1.94918
1.94905
1.94891
1.94875
1.94859
1.94841
1.94822
1.94802
1.94781
1.94758
1.94735
1.9471
1.94684
1.94657
1.94629
1.946
1.94569
1.94538
1.94506
1.94472
1.94438
1.94402
1.94366
1.94329
1.9429
1.94251
1.94211
1.9417
1.94128
1.94086
1.94042
1.93998
1.93953
1.93907
1.9386
1.93813
1.93765
1.93716
1.93667
1.93617
1.93566
1.93515
1.93464
1.93411
1.93359
1.93306
1.93252
1.93198
1.93143
1.93088
1.93033
1.92978
1.92922
1.92866
1.92809
1.92752
1.92696
1.92638
1.92581
1.92524
1.92466
1.92409
1.92351
1.92294
1.92236
1.92178
1.9212
1.92063
1.92005
1.91948
1.91891
1.91834
1.91777
1.9172
1.91663
1.91607
1.91551
1.91495
1.9144
1.91385
1.9133
1.91276
1.91222
1.91169
1.91116
1.91063
1.91011
1.90959
1.90908
1.90858
1.90808
1.90758
1.90709
1.90661
1.90614
1.90567
1.90521
1.90475
1.9043
1.90386
1.90343
1.903
1.90259
1.90218
1.90177
1.90138
1.90099
1.90062
1.90025
1.89989
1.89954
1.8992
1.89887
1.89854
1.89823
1.89792
1.89763
1.89734
1.89707
1.8968
1.89655
1.8963
1.89607
1.89584
1.89563
1.89542
1.89523
1.89505
1.89488
1.89471
1.89456
1.89442
1.8943
1.89418
1.89407
1.89398
1.89389
1.89382
1.89376
1.8937
1.89366
1.89364
1.89362
1.89361
1.89362
1.89363
1.89366
1.8937
1.89375
1.89381
1.89388
1.89397
1.89406
1.89417
1.89428
1.89441
1.89455
1.8947
1.90261
1.9022
1.90179
1.9014
1.90101
1.90064
1.90027
1.89991
1.89956
1.89921
1.89888
1.89856
1.89824
1.89794
1.89764
1.89736
1.89708
1.89682
1.89656
1.89631
1.89608
1.89585
1.89564
1.89543
1.89524
1.89506
1.89488
1.89472
1.89457
1.89443
1.8943
1.89418
1.89408
1.89398
1.89389
1.89382
1.89376
1.89371
1.89367
1.89364
1.89362
1.89361
1.89362
1.89363
1.89366
1.8937
1.89375
1.89381
1.89388
1.89396
1.89406
1.89416
1.89428
1.89441
1.89455
1.8947
1.89486
1.89503
1.89521
1.8954
1.89561
1.89582
1.89605
1.89629
1.89653
1.89679
1.89706
1.89733
1.89762
1.89792
1.89823
1.89854
1.89887
1.89921
1.89955
1.89991
1.90027
1.90064
1.90103
1.90142
1.90182
1.90223
1.90264
1.90307
1.9035
1.90394
1.90439
1.90484
1.90531
1.90578
1.90625
1.90674
1.90723
1.90773
1.90823
1.90874
1.90925
1.90977
1.9103
1.91083
1.91137
1.91191
1.91245
1.913
1.91356
1.91412
1.91468
1.91524
1.91581
1.91638
1.91695
1.91753
1.91811
1.91869
1.91927
1.91985
1.92044
1.92102
1.92161
1.92219
1.92278
1.92336
1.92395
1.92454
1.92512
1.9257
1.92628
1.92686
1.92744
1.92802
1.92859
1.92916
1.92973
1.93029
1.93085
1.93141
1.93196
1.93251
1.93306
1.9336
1.93413
1.93466
1.93518
1.9357
1.93621
1.93672
1.93722
1.93771
1.93819
1.93867
1.93914
1.9396
1.94006
1.9405
1.94094
1.94137
1.94179
1.94221
1.94261
1.943
1.94339
1.94376
1.94412
1.94448
1.94482
1.94516
1.94548
1.94579
1.94609
1.94638
1.94666
1.94693
1.94719
1.94743
1.94767
1.94789
1.9481
1.9483
1.94848
1.94865
1.94882
1.94896
1.9491
1.94923
1.94934
1.94944
1.94952
1.9496
1.94966
1.9497
1.94974
1.94976
1.94977
1.94977
1.94976
1.94973
1.94969
1.94963
1.94957
1.94949
1.9494
1.94929
1.94918
1.94905
1.94891
1.94875
1.94859
1.94841
1.94822
1.94802
1.94781
1.94758
1.94735
1.9471
1.94684
1.94657
1.94629
1.946
1.94569
1.94538
1.94506
1.94472
1.94438
1.94402
1.94366
1.94329
1.9429
1.94251
1.94211
1.9417
1.94128
1.94086
1.94042
1.93998
1.93953
1.93907
1.9386
1.93813
1.93765
1.93716
1.93667
1.93617
1.93566
1.93515
1.93464
1.93411
1.93359
1.93306
1.93252
1.93198
1.93143
1.93088
1.93033
1.92978
1.92922
1.92866
1.92809
1.92752
1.92696
1.92638
1.92581
1.92524
1.92466
1.92409
1.92351
1.92294
1.92236
1.92178
1.9212
1.92063
1.92005
1.91948
1.91891
1.91834
1.91777
1.9172
1.91663
1.91607
1.91551
1.91495
1.9144
1.91385
1.9133
1.91276
1.91222
1.91169
1.91116
1.91063
1.91011
1.90959
1.90908
1.90858
1.90808
1.90758
1.90709
1.90661
1.90614
1.90567
1.90521
1.90475
1.9043
1.90386
1.90343
1.903
1.90259
1.90218
1.90177
1.90138
1.90099
1.90062
1.90025
1.89989
1.89954
1.8992
1.89887
1.89854
1.89823
1.89792
1.89763
1.89734
1.89707
1.8968
1.89655
1.8963
1.89607
1.89584
1.89563
1.89542
1.89523
1.89505
1.89488
1.89471
1.89456
1.89442
1.8943
1.89418
1.89407
1.89398
1.89389
1.89382
1.89376
1.8937
1.89366
1.89364
1.89362
1.89361
1.89362
1.89363
1.89366
1.8937
1.89375
1.89381
1.89388
1.89397
1.89406
1.89417
1.89428
1.89441
1.89455
1.8947
0.239433
0.240349
0.241202
0.241989
0.242703
0.24336
0.244106
0.244902
0.245677
0.246412
0.247096
0.247725
0.248299
0.248806
0.249236
0.249683
0.250075
0.250535
0.250974
0.251353
0.251712
0.252015
0.252248
0.252413
0.252541
0.252695
0.252764
0.252751
0.25285
0.252903
0.252882
0.252784
0.252624
0.252408
0.252277
0.252095
0.25181
0.251429
0.250978
0.250826
0.250591
0.250237
0.249758
0.249306
0.249203
0.248935
0.248536
0.247994
0.247316
0.246612
0.246892
0.246875
0.246593
0.24725
0.247818
0.247968
0.247825
0.247472
0.247034
0.246444
0.245982
0.246335
0.246562
0.247288
0.247541
0.247466
0.247151
0.246635
0.245947
0.245104
0.244128
0.243228
0.242682
0.241978
0.241054
0.239944
0.238661
0.23721
0.235588
0.233783
0.231769
0.229601
0.227665
0.225673
0.223445
0.220952
0.218161
0.215021
0.211462
0.207354
0.202482
0.198235
0.193535
0.189949
0.186215
0.181695
0.176332
0.169762
0.161486
0.150627
0.139945
0.136108
0.129864
0.121014
0.123424
0.125427
0.125539
0.123706
0.119593
0.112129
0.119583
0.128062
0.133263
0.136126
0.137576
0.14936
0.159443
0.16748
0.17386
0.180815
0.192072
0.200793
0.20796
0.214003
0.219208
0.223916
0.229782
0.234908
0.239447
0.24421
0.248618
0.252553
0.256125
0.259412
0.262489
0.265362
0.268104
0.270842
0.273428
0.275953
0.278307
0.280525
0.282629
0.284625
0.286524
0.288339
0.290084
0.291813
0.293564
0.295224
0.29679
0.298268
0.299662
0.300976
0.30221
0.303363
0.304432
0.305435
0.306512
0.307616
0.308682
0.309688
0.310627
0.311496
0.312296
0.313018
0.313652
0.314296
0.314869
0.315494
0.316082
0.316594
0.31707
0.317474
0.317794
0.318033
0.318223
0.31842
0.31851
0.318501
0.318585
0.318598
0.31851
0.318319
0.318035
0.317657
0.317336
0.316926
0.316377
0.315681
0.314872
0.314308
0.313597
0.312694
0.311549
0.310325
0.309382
0.3083
0.307022
0.305488
0.303637
0.301725
0.300491
0.298879
0.296717
0.295563
0.294505
0.293258
0.291802
0.290142
0.288305
0.286118
0.28406
0.28251
0.280962
0.280045
0.278994
0.277828
0.276552
0.275159
0.273641
0.271984
0.270185
0.268467
0.267138
0.265747
0.264244
0.262629
0.260906
0.259071
0.257114
0.255023
0.252777
0.250437
0.248386
0.246327
0.24409
0.241664
0.239041
0.236204
0.233131
0.229764
0.226025
0.223144
0.219923
0.217747
0.215411
0.212306
0.208538
0.203944
0.198337
0.191378
0.186012
0.187
0.184187
0.178325
0.182676
0.185683
0.18578
0.182997
0.176969
0.166266
0.170441
0.174809
0.175493
0.172977
0.168722
0.174248
0.178139
0.180091
0.179725
0.179407
0.183772
0.187384
0.190348
0.192699
0.194425
0.19604
0.198713
0.201001
0.20283
0.205177
0.207501
0.209668
0.21169
0.213589
0.215389
0.217058
0.218687
0.220341
0.221928
0.22353
0.225053
0.226503
0.227893
0.229217
0.230481
0.231684
0.232843
0.23401
0.235221
0.236378
0.237472
0.238504
0.239477
0.24039
0.24124
0.242024
0.242735
0.243393
0.244144
0.24494
0.245713
0.246446
0.247127
0.247753
0.248324
0.248828
0.249254
0.249704
0.250092
0.250558
0.250993
0.25137
0.251728
0.252027
0.252257
0.252419
0.25255
0.252701
0.252765
0.252752
0.252854
0.252904
0.252879
0.252777
0.252616
0.252395
0.252271
0.252083
0.251794
0.251408
0.250962
0.250818
0.250577
0.250217
0.249732
0.249308
0.249193
0.24892
0.248513
0.247965
0.24728
0.246627
0.246898
0.246868
0.246573
0.247291
0.247834
0.247967
0.240296
0.240425
0.240501
0.240527
0.240499
0.240438
0.240474
0.240563
0.240643
0.240697
0.240719
0.240706
0.24066
0.240573
0.240437
0.240342
0.240215
0.240173
0.240131
0.240052
0.239975
0.239867
0.239716
0.239526
0.239324
0.239169
0.238952
0.238678
0.238527
0.238349
0.238114
0.237821
0.237478
0.237083
0.23677
0.236421
0.235978
0.235433
0.234801
0.234432
0.233982
0.233385
0.232597
0.231697
0.231161
0.230519
0.229734
0.22874
0.227482
0.22598
0.225345
0.224396
0.222963
0.222252
0.221897
0.22139
0.220716
0.219866
0.218877
0.217602
0.216192
0.215563
0.214781
0.214789
0.214701
0.214529
0.214283
0.213955
0.213534
0.213006
0.212351
0.211739
0.21154
0.211352
0.211077
0.210721
0.210281
0.209755
0.209132
0.208399
0.207536
0.206597
0.205935
0.205278
0.20447
0.203496
0.202344
0.200995
0.199426
0.197583
0.195389
0.194113
0.192418
0.191834
0.190945
0.189304
0.187012
0.18392
0.179842
0.174459
0.171155
0.173262
0.171761
0.167233
0.172551
0.176237
0.177093
0.175128
0.169959
0.160348
0.163608
0.167918
0.168647
0.166231
0.161072
0.165179
0.168403
0.169722
0.168788
0.166746
0.170025
0.172524
0.174394
0.175642
0.176271
0.176372
0.177804
0.178865
0.179482
0.18041
0.181453
0.182341
0.183089
0.183712
0.184241
0.184652
0.184982
0.185386
0.185711
0.186078
0.186379
0.186625
0.186825
0.186978
0.187086
0.187154
0.18719
0.187238
0.187353
0.187443
0.187494
0.187508
0.187488
0.187432
0.18734
0.18721
0.187035
0.18683
0.186733
0.186711
0.186698
0.186674
0.186628
0.18656
0.186467
0.186341
0.186171
0.18605
0.185906
0.185857
0.18582
0.185758
0.185709
0.185638
0.185535
0.1854
0.185263
0.185183
0.185055
0.184885
0.184853
0.184811
0.184732
0.184614
0.184471
0.184307
0.184265
0.184199
0.184071
0.183884
0.183686
0.183792
0.183839
0.183806
0.183686
0.183691
0.183985
0.184165
0.184244
0.184214
0.184083
0.184173
0.185
0.185574
0.185925
0.187415
0.18862
0.189457
0.190038
0.190452
0.190798
0.191007
0.191631
0.192756
0.193965
0.195486
0.196583
0.197384
0.19797
0.198376
0.19863
0.198751
0.198775
0.198936
0.199409
0.199704
0.199804
0.199736
0.199513
0.199139
0.198609
0.19791
0.19702
0.195988
0.195182
0.194325
0.19324
0.191899
0.190269
0.188301
0.185928
0.183018
0.179368
0.176175
0.172642
0.169991
0.167323
0.163894
0.159624
0.154154
0.147006
0.137337
0.127113
0.12389
0.118388
0.110492
0.11266
0.114765
0.115053
0.113444
0.109632
0.102513
0.110189
0.118022
0.122718
0.12512
0.127174
0.138393
0.147352
0.154345
0.159717
0.166594
0.176429
0.1839
0.189795
0.194564
0.198474
0.202248
0.206673
0.210364
0.213472
0.216902
0.219838
0.222304
0.224405
0.226227
0.227836
0.22924
0.230559
0.231823
0.232966
0.234034
0.234947
0.235734
0.23642
0.237012
0.237526
0.237969
0.238369
0.23878
0.239221
0.23959
0.239889
0.240124
0.240304
0.240429
0.240504
0.240527
0.240496
0.240436
0.240478
0.240568
0.240646
0.240699
0.240719
0.240704
0.240657
0.240568
0.240429
0.240337
0.240208
0.240172
0.240127
0.240049
0.239971
0.239861
0.239708
0.239516
0.239318
0.23916
0.23894
0.238667
0.23852
0.238339
0.238102
0.237805
0.237461
0.237062
0.236756
0.236402
0.235954
0.235405
0.234775
0.234414
0.233957
0.233353
0.232554
0.231675
0.231132
0.230485
0.229691
0.228687
0.227415
0.22595
0.225309
0.224341
0.222879
0.222239
0.221876
0.221362
0.604497
0.601248
0.597932
0.594561
0.590968
0.587158
0.583118
0.57887
0.574345
0.569702
0.568748
0.569059
0.568254
0.566639
0.565113
0.562977
0.559983
0.556084
0.551614
0.546768
0.558128
0.58075
0.598757
0.611994
0.620871
0.626332
0.627474
0.626362
0.626629
0.629317
0.643613
0.651241
0.656778
0.660249
0.662077
0.656295
0.641211
0.645868
0.647935
0.649376
0.648547
0.644759
0.636831
0.623947
0.61603
0.610962
0.60917
0.613104
0.616406
0.619276
0.621297
0.623484
0.625312
0.626197
0.625966
0.62718
0.629911
0.63263
0.635073
0.637217
0.639069
0.640738
0.642418
0.643944
0.645191
0.646245
0.647619
0.648905
0.650009
0.650963
0.651757
0.652379
0.652828
0.653139
0.653359
0.653395
0.653612
0.653712
0.653714
0.653622
0.653384
0.653001
0.652479
0.651831
0.651035
0.650162
0.649412
0.648706
0.647859
0.646885
0.645839
0.644694
0.643415
0.641988
0.640475
0.638914
0.637407
0.635926
0.634441
0.632899
0.631245
0.629565
0.62774
0.625866
0.624013
0.622114
0.620325
0.618476
0.6168
0.61501
0.613122
0.611195
0.609279
0.607411
0.605416
0.604096
0.602807
0.601314
0.599975
0.599582
0.59884
0.597799
0.596804
0.595675
0.595661
0.596699
0.596949
0.596651
0.595878
0.594881
0.595358
0.595447
0.595488
0.595875
0.5971
0.597611
0.597552
0.59706
0.596276
0.59517
0.593708
0.592437
0.591712
0.59105
0.590029
0.588725
0.587149
0.585309
0.583216
0.580933
0.578526
0.575852
0.573803
0.571552
0.569214
0.566776
0.564044
0.561009
0.557665
0.554023
0.549989
0.545692
0.542532
0.539743
0.536229
0.532164
0.528379
0.523945
0.518385
0.511435
0.504199
0.497182
0.494892
0.499979
0.503328
0.503808
0.500588
0.494152
0.481743
0.469191
0.465857
0.467076
0.482398
0.492592
0.507418
0.521583
0.535639
0.542293
0.541056
0.555197
0.566944
0.587486
0.606923
0.62247
0.634916
0.645716
0.657211
0.66884
0.679816
0.690609
0.701127
0.711533
0.720637
0.729225
0.737137
0.744267
0.75094
0.757286
0.763317
0.768943
0.774225
0.779015
0.78336
0.787367
0.791131
0.794594
0.797733
0.800661
0.803479
0.806142
0.808525
0.810679
0.812595
0.814271
0.815718
0.816964
0.818036
0.818898
0.81984
0.820589
0.82119
0.821649
0.821913
0.82199
0.821888
0.821632
0.821202
0.820645
0.820181
0.819694
0.819024
0.818192
0.817255
0.816185
0.81495
0.813543
0.812013
0.810395
0.808823
0.807255
0.805631
0.803908
0.802039
0.800088
0.797968
0.795762
0.793514
0.791177
0.788866
0.786438
0.784011
0.781458
0.778774
0.775953
0.773021
0.770153
0.767111
0.764143
0.761052
0.757754
0.754262
0.750684
0.746938
0.742882
0.739034
0.735375
0.731641
0.727784
0.723503
0.718834
0.713644
0.707802
0.701268
0.695072
0.69119
0.687495
0.683691
0.679561
0.675082
0.670261
0.665198
0.659639
0.653285
0.646695
0.643398
0.64008
0.636587
0.632947
0.62913
0.625117
0.620881
0.616536
0.6122
0.607502
0.60435
0.60109
0.597779
0.594397
0.590794
0.586967
0.582917
0.578657
0.574117
0.56949
0.568791
0.569044
0.568192
0.566585
0.565031
0.562852
0.559816
0.55587
0.551404
0.546521
0.558606
0.581687
0.599487
0.612502
0.621221
0.626491
0.627409
0.626438
0.626574
0.630184
0.64408
0.651694
0.656826
0.660484
0.661986
0.655783
0.641497
0.646023
0.647968
0.649397
0.648455
0.644483
0.636356
0.623184
0.615899
0.610568
0.60938
0.613269
0.616559
0.61939
0.621371
0.623589
0.625376
0.626216
0.625919
0.627238
0.604497
0.601248
0.597932
0.594561
0.590968
0.587158
0.583118
0.57887
0.574345
0.569702
0.568748
0.569059
0.568254
0.566639
0.565113
0.562977
0.559983
0.556084
0.551614
0.546768
0.558128
0.58075
0.598757
0.611994
0.620871
0.626332
0.627474
0.626362
0.626629
0.629317
0.643613
0.651241
0.656778
0.660249
0.662077
0.656295
0.641211
0.645868
0.647935
0.649376
0.648547
0.644759
0.636831
0.623947
0.61603
0.610962
0.60917
0.613104
0.616406
0.619276
0.621297
0.623484
0.625312
0.626197
0.625966
0.62718
0.629911
0.63263
0.635073
0.637217
0.639069
0.640738
0.642418
0.643944
0.645191
0.646245
0.647619
0.648905
0.650009
0.650963
0.651757
0.652379
0.652828
0.653139
0.653359
0.653395
0.653612
0.653712
0.653714
0.653622
0.653384
0.653001
0.652479
0.651831
0.651035
0.650162
0.649412
0.648706
0.647859
0.646885
0.645839
0.644694
0.643415
0.641988
0.640475
0.638914
0.637407
0.635926
0.634441
0.632899
0.631245
0.629565
0.62774
0.625866
0.624013
0.622114
0.620325
0.618476
0.6168
0.61501
0.613122
0.611195
0.609279
0.607411
0.605416
0.604096
0.602807
0.601314
0.599975
0.599582
0.59884
0.597799
0.596804
0.595675
0.595661
0.596699
0.596949
0.596651
0.595878
0.594881
0.595358
0.595447
0.595488
0.595875
0.5971
0.597611
0.597552
0.59706
0.596276
0.59517
0.593708
0.592437
0.591712
0.59105
0.590029
0.588725
0.587149
0.585309
0.583216
0.580933
0.578526
0.575852
0.573803
0.571552
0.569214
0.566776
0.564044
0.561009
0.557665
0.554023
0.549989
0.545692
0.542532
0.539743
0.536229
0.532164
0.528379
0.523945
0.518385
0.511435
0.504199
0.497182
0.494892
0.499979
0.503328
0.503808
0.500588
0.494152
0.481743
0.469191
0.465857
0.467076
0.482398
0.492592
0.507418
0.521583
0.535639
0.542293
0.541056
0.555197
0.566944
0.587486
0.606923
0.62247
0.634916
0.645716
0.657211
0.66884
0.679816
0.690609
0.701127
0.711533
0.720637
0.729225
0.737137
0.744267
0.75094
0.757286
0.763317
0.768943
0.774225
0.779015
0.78336
0.787367
0.791131
0.794594
0.797733
0.800661
0.803479
0.806142
0.808525
0.810679
0.812595
0.814271
0.815718
0.816964
0.818036
0.818898
0.81984
0.820589
0.82119
0.821649
0.821913
0.82199
0.821888
0.821632
0.821202
0.820645
0.820181
0.819694
0.819024
0.818192
0.817255
0.816185
0.81495
0.813543
0.812013
0.810395
0.808823
0.807255
0.805631
0.803908
0.802039
0.800088
0.797968
0.795762
0.793514
0.791177
0.788866
0.786438
0.784011
0.781458
0.778774
0.775953
0.773021
0.770153
0.767111
0.764143
0.761052
0.757754
0.754262
0.750684
0.746938
0.742882
0.739034
0.735375
0.731641
0.727784
0.723503
0.718834
0.713644
0.707802
0.701268
0.695072
0.69119
0.687495
0.683691
0.679561
0.675082
0.670261
0.665198
0.659639
0.653285
0.646695
0.643398
0.64008
0.636587
0.632947
0.62913
0.625117
0.620881
0.616536
0.6122
0.607502
0.60435
0.60109
0.597779
0.594397
0.590794
0.586967
0.582917
0.578657
0.574117
0.56949
0.568791
0.569044
0.568192
0.566585
0.565031
0.562852
0.559816
0.55587
0.551404
0.546521
0.558606
0.581687
0.599487
0.612502
0.621221
0.626491
0.627409
0.626438
0.626574
0.630184
0.64408
0.651694
0.656826
0.660484
0.661986
0.655783
0.641497
0.646023
0.647968
0.649397
0.648455
0.644483
0.636356
0.623184
0.615899
0.610568
0.60938
0.613269
0.616559
0.61939
0.621371
0.623589
0.625376
0.626216
0.625919
0.627238
0.239433
0.240349
0.241202
0.241989
0.242703
0.24336
0.244106
0.244902
0.245677
0.246412
0.247096
0.247725
0.248299
0.248806
0.249236
0.249683
0.250075
0.250535
0.250974
0.251353
0.251712
0.252015
0.252248
0.252413
0.252541
0.252695
0.252764
0.252751
0.25285
0.252903
0.252882
0.252784
0.252624
0.252408
0.252277
0.252095
0.25181
0.251429
0.250978
0.250826
0.250591
0.250237
0.249758
0.249306
0.249203
0.248935
0.248536
0.247994
0.247316
0.246612
0.246892
0.246875
0.246593
0.24725
0.247818
0.247968
0.247825
0.247472
0.247034
0.246444
0.245982
0.246335
0.246562
0.247288
0.247541
0.247466
0.247151
0.246635
0.245947
0.245104
0.244128
0.243228
0.242682
0.241978
0.241054
0.239944
0.238661
0.23721
0.235588
0.233783
0.231769
0.229601
0.227665
0.225673
0.223445
0.220952
0.218161
0.215021
0.211462
0.207354
0.202482
0.198235
0.193535
0.189949
0.186215
0.181695
0.176332
0.169762
0.161486
0.150627
0.139945
0.136108
0.129864
0.121014
0.123424
0.125427
0.125539
0.123706
0.119593
0.112129
0.119583
0.128062
0.133263
0.136126
0.137576
0.14936
0.159443
0.16748
0.17386
0.180815
0.192072
0.200793
0.20796
0.214003
0.219208
0.223916
0.229782
0.234908
0.239447
0.24421
0.248618
0.252553
0.256125
0.259412
0.262489
0.265362
0.268104
0.270842
0.273428
0.275953
0.278307
0.280525
0.282629
0.284625
0.286524
0.288339
0.290084
0.291813
0.293564
0.295224
0.29679
0.298268
0.299662
0.300976
0.30221
0.303363
0.304432
0.305435
0.306512
0.307616
0.308682
0.309688
0.310627
0.311496
0.312296
0.313018
0.313652
0.314296
0.314869
0.315494
0.316082
0.316594
0.31707
0.317474
0.317794
0.318033
0.318223
0.31842
0.31851
0.318501
0.318585
0.318598
0.31851
0.318319
0.318035
0.317657
0.317336
0.316926
0.316377
0.315681
0.314872
0.314308
0.313597
0.312694
0.311549
0.310325
0.309382
0.3083
0.307022
0.305488
0.303637
0.301725
0.300491
0.298879
0.296717
0.295563
0.294505
0.293258
0.291802
0.290142
0.288305
0.286118
0.28406
0.28251
0.280962
0.280045
0.278994
0.277828
0.276552
0.275159
0.273641
0.271984
0.270185
0.268467
0.267138
0.265747
0.264244
0.262629
0.260906
0.259071
0.257114
0.255023
0.252777
0.250437
0.248386
0.246327
0.24409
0.241664
0.239041
0.236204
0.233131
0.229764
0.226025
0.223144
0.219923
0.217747
0.215411
0.212306
0.208538
0.203944
0.198337
0.191378
0.186012
0.187
0.184187
0.178325
0.182676
0.185683
0.18578
0.182997
0.176969
0.166266
0.170441
0.174809
0.175493
0.172977
0.168722
0.174248
0.178139
0.180091
0.179725
0.179407
0.183772
0.187384
0.190348
0.192699
0.194425
0.19604
0.198713
0.201001
0.20283
0.205177
0.207501
0.209668
0.21169
0.213589
0.215389
0.217058
0.218687
0.220341
0.221928
0.22353
0.225053
0.226503
0.227893
0.229217
0.230481
0.231684
0.232843
0.23401
0.235221
0.236378
0.237472
0.238504
0.239477
0.24039
0.24124
0.242024
0.242735
0.243393
0.244144
0.24494
0.245713
0.246446
0.247127
0.247753
0.248324
0.248828
0.249254
0.249704
0.250092
0.250558
0.250993
0.25137
0.251728
0.252027
0.252257
0.252419
0.25255
0.252701
0.252765
0.252752
0.252854
0.252904
0.252879
0.252777
0.252616
0.252395
0.252271
0.252083
0.251794
0.251408
0.250962
0.250818
0.250577
0.250217
0.249732
0.249308
0.249193
0.24892
0.248513
0.247965
0.24728
0.246627
0.246898
0.246868
0.246573
0.247291
0.247834
0.247967
0.240296
0.240425
0.240501
0.240527
0.240499
0.240438
0.240474
0.240563
0.240643
0.240697
0.240719
0.240706
0.24066
0.240573
0.240437
0.240342
0.240215
0.240173
0.240131
0.240052
0.239975
0.239867
0.239716
0.239526
0.239324
0.239169
0.238952
0.238678
0.238527
0.238349
0.238114
0.237821
0.237478
0.237083
0.23677
0.236421
0.235978
0.235433
0.234801
0.234432
0.233982
0.233385
0.232597
0.231697
0.231161
0.230519
0.229734
0.22874
0.227482
0.22598
0.225345
0.224396
0.222963
0.222252
0.221897
0.22139
0.220716
0.219866
0.218877
0.217602
0.216192
0.215563
0.214781
0.214789
0.214701
0.214529
0.214283
0.213955
0.213534
0.213006
0.212351
0.211739
0.21154
0.211352
0.211077
0.210721
0.210281
0.209755
0.209132
0.208399
0.207536
0.206597
0.205935
0.205278
0.20447
0.203496
0.202344
0.200995
0.199426
0.197583
0.195389
0.194113
0.192418
0.191834
0.190945
0.189304
0.187012
0.18392
0.179842
0.174459
0.171155
0.173262
0.171761
0.167233
0.172551
0.176237
0.177093
0.175128
0.169959
0.160348
0.163608
0.167918
0.168647
0.166231
0.161072
0.165179
0.168403
0.169722
0.168788
0.166746
0.170025
0.172524
0.174394
0.175642
0.176271
0.176372
0.177804
0.178865
0.179482
0.18041
0.181453
0.182341
0.183089
0.183712
0.184241
0.184652
0.184982
0.185386
0.185711
0.186078
0.186379
0.186625
0.186825
0.186978
0.187086
0.187154
0.18719
0.187238
0.187353
0.187443
0.187494
0.187508
0.187488
0.187432
0.18734
0.18721
0.187035
0.18683
0.186733
0.186711
0.186698
0.186674
0.186628
0.18656
0.186467
0.186341
0.186171
0.18605
0.185906
0.185857
0.18582
0.185758
0.185709
0.185638
0.185535
0.1854
0.185263
0.185183
0.185055
0.184885
0.184853
0.184811
0.184732
0.184614
0.184471
0.184307
0.184265
0.184199
0.184071
0.183884
0.183686
0.183792
0.183839
0.183806
0.183686
0.183691
0.183985
0.184165
0.184244
0.184214
0.184083
0.184173
0.185
0.185574
0.185925
0.187415
0.18862
0.189457
0.190038
0.190452
0.190798
0.191007
0.191631
0.192756
0.193965
0.195486
0.196583
0.197384
0.19797
0.198376
0.19863
0.198751
0.198775
0.198936
0.199409
0.199704
0.199804
0.199736
0.199513
0.199139
0.198609
0.19791
0.19702
0.195988
0.195182
0.194325
0.19324
0.191899
0.190269
0.188301
0.185928
0.183018
0.179368
0.176175
0.172642
0.169991
0.167323
0.163894
0.159624
0.154154
0.147006
0.137337
0.127113
0.12389
0.118388
0.110492
0.11266
0.114765
0.115053
0.113444
0.109632
0.102513
0.110189
0.118022
0.122718
0.12512
0.127174
0.138393
0.147352
0.154345
0.159717
0.166594
0.176429
0.1839
0.189795
0.194564
0.198474
0.202248
0.206673
0.210364
0.213472
0.216902
0.219838
0.222304
0.224405
0.226227
0.227836
0.22924
0.230559
0.231823
0.232966
0.234034
0.234947
0.235734
0.23642
0.237012
0.237526
0.237969
0.238369
0.23878
0.239221
0.23959
0.239889
0.240124
0.240304
0.240429
0.240504
0.240527
0.240496
0.240436
0.240478
0.240568
0.240646
0.240699
0.240719
0.240704
0.240657
0.240568
0.240429
0.240337
0.240208
0.240172
0.240127
0.240049
0.239971
0.239861
0.239708
0.239516
0.239318
0.23916
0.23894
0.238667
0.23852
0.238339
0.238102
0.237805
0.237461
0.237062
0.236756
0.236402
0.235954
0.235405
0.234775
0.234414
0.233957
0.233353
0.232554
0.231675
0.231132
0.230485
0.229691
0.228687
0.227415
0.22595
0.225309
0.224341
0.222879
0.222239
0.221876
0.221362
0.213508
0.212023
0.210458
0.2088
0.207027
0.205189
0.203661
0.202185
0.200584
0.198846
0.196967
0.194933
0.19271
0.19026
0.187508
0.185657
0.183572
0.182576
0.181529
0.17979
0.177542
0.174566
0.170695
0.165579
0.161907
0.164964
0.164536
0.16096
0.167294
0.172698
0.175416
0.175454
0.172389
0.164594
0.169398
0.175843
0.178674
0.178216
0.174257
0.181366
0.186556
0.189842
0.19079
0.190545
0.195198
0.19905
0.202203
0.204669
0.206445
0.207763
0.210261
0.21233
0.213887
0.215723
0.217593
0.219264
0.220754
0.222075
0.223287
0.224334
0.225279
0.226245
0.2271
0.227949
0.228712
0.229389
0.229978
0.230493
0.230934
0.231304
0.23161
0.231903
0.23223
0.232501
0.232704
0.23284
0.232913
0.232921
0.232865
0.232741
0.232543
0.232285
0.232107
0.231983
0.231839
0.231658
0.231432
0.231161
0.230832
0.230444
0.229994
0.229559
0.229078
0.228667
0.228246
0.227765
0.2273
0.22678
0.226204
0.225568
0.224912
0.224293
0.223604
0.222845
0.222213
0.221554
0.22084
0.220067
0.219252
0.218398
0.217644
0.216862
0.215999
0.215058
0.21404
0.213409
0.212678
0.211854
0.21093
0.210078
0.209575
0.208952
0.208218
0.207359
0.206387
0.2055
0.205523
0.205284
0.204809
0.205397
0.205881
0.205987
0.205816
0.205433
0.205025
0.20445
0.204137
0.204523
0.204902
0.205739
0.206168
0.206299
0.206197
0.205915
0.20548
0.204908
0.204227
0.203662
0.203455
0.203111
0.202583
0.201897
0.20107
0.200106
0.199005
0.197755
0.196333
0.194788
0.193502
0.192213
0.190738
0.189051
0.18713
0.184931
0.182375
0.179345
0.175612
0.17242
0.168887
0.166422
0.163984
0.160881
0.157137
0.152331
0.145986
0.137142
0.127716
0.125112
0.120257
0.112703
0.115992
0.119142
0.120592
0.120257
0.117761
0.111722
0.120119
0.129634
0.135968
0.139883
0.14192
0.155263
0.165948
0.174599
0.181539
0.189353
0.201079
0.2104
0.218076
0.224497
0.229947
0.234943
0.240804
0.245852
0.250238
0.254835
0.258986
0.262593
0.265776
0.268604
0.271182
0.273493
0.27564
0.277714
0.279607
0.28139
0.282985
0.28441
0.285681
0.286823
0.287844
0.288758
0.28958
0.290372
0.291163
0.291851
0.292429
0.292909
0.293295
0.293591
0.293801
0.293923
0.293955
0.293919
0.293949
0.294006
0.294019
0.293974
0.293866
0.293696
0.293452
0.293137
0.292748
0.292368
0.291922
0.29154
0.291125
0.290635
0.290146
0.289586
0.288955
0.288254
0.287525
0.286813
0.286015
0.285131
0.284362
0.28354
0.282643
0.281664
0.280618
0.279498
0.278452
0.277346
0.27613
0.274796
0.27334
0.272215
0.270955
0.269541
0.267921
0.266206
0.264803
0.2633
0.261647
0.259773
0.257624
0.255352
0.253855
0.252026
0.249659
0.248133
0.24682
0.24535
0.243711
0.241881
0.239956
0.237697
0.23546
0.23383
0.232123
0.231087
0.229969
0.228771
0.227488
0.22613
0.224682
0.223129
0.221456
0.219858
0.218669
0.217472
0.216198
0.214855
0.21344
0.211951
0.210382
0.208719
0.206941
0.205107
0.203591
0.202111
0.200503
0.198761
0.196875
0.194833
0.1926
0.190139
0.187369
0.185572
0.183454
0.182543
0.181462
0.179698
0.17742
0.174406
0.170487
0.165297
0.162144
0.165017
0.164435
0.160702
0.167613
0.172884
0.175479
0.175384
0.172157
0.164041
0.169808
0.176058
0.178728
0.178111
0.174613
0.181652
0.186754
0.189945
0.190759
0.190788
0.195398
0.19922
0.202338
0.204768
0.20651
0.20789
0.210368
0.212416
0.213944
0.215819
0.217678
0.219341
0.213508
0.212023
0.210458
0.2088
0.207027
0.205189
0.203661
0.202185
0.200584
0.198846
0.196967
0.194933
0.19271
0.19026
0.187508
0.185657
0.183572
0.182576
0.181529
0.17979
0.177542
0.174566
0.170695
0.165579
0.161907
0.164964
0.164536
0.16096
0.167294
0.172698
0.175416
0.175454
0.172389
0.164594
0.169398
0.175843
0.178674
0.178216
0.174257
0.181366
0.186556
0.189842
0.19079
0.190545
0.195198
0.19905
0.202203
0.204669
0.206445
0.207763
0.210261
0.21233
0.213887
0.215723
0.217593
0.219264
0.220754
0.222075
0.223287
0.224334
0.225279
0.226245
0.2271
0.227949
0.228712
0.229389
0.229978
0.230493
0.230934
0.231304
0.23161
0.231903
0.23223
0.232501
0.232704
0.23284
0.232913
0.232921
0.232865
0.232741
0.232543
0.232285
0.232107
0.231983
0.231839
0.231658
0.231432
0.231161
0.230832
0.230444
0.229994
0.229559
0.229078
0.228667
0.228246
0.227765
0.2273
0.22678
0.226204
0.225568
0.224912
0.224293
0.223604
0.222845
0.222213
0.221554
0.22084
0.220067
0.219252
0.218398
0.217644
0.216862
0.215999
0.215058
0.21404
0.213409
0.212678
0.211854
0.21093
0.210078
0.209575
0.208952
0.208218
0.207359
0.206387
0.2055
0.205523
0.205284
0.204809
0.205397
0.205881
0.205987
0.205816
0.205433
0.205025
0.20445
0.204137
0.204523
0.204902
0.205739
0.206168
0.206299
0.206197
0.205915
0.20548
0.204908
0.204227
0.203662
0.203455
0.203111
0.202583
0.201897
0.20107
0.200106
0.199005
0.197755
0.196333
0.194788
0.193502
0.192213
0.190738
0.189051
0.18713
0.184931
0.182375
0.179345
0.175612
0.17242
0.168887
0.166422
0.163984
0.160881
0.157137
0.152331
0.145986
0.137142
0.127716
0.125112
0.120257
0.112703
0.115992
0.119142
0.120592
0.120257
0.117761
0.111722
0.120119
0.129634
0.135968
0.139883
0.14192
0.155263
0.165948
0.174599
0.181539
0.189353
0.201079
0.2104
0.218076
0.224497
0.229947
0.234943
0.240804
0.245852
0.250238
0.254835
0.258986
0.262593
0.265776
0.268604
0.271182
0.273493
0.27564
0.277714
0.279607
0.28139
0.282985
0.28441
0.285681
0.286823
0.287844
0.288758
0.28958
0.290372
0.291163
0.291851
0.292429
0.292909
0.293295
0.293591
0.293801
0.293923
0.293955
0.293919
0.293949
0.294006
0.294019
0.293974
0.293866
0.293696
0.293452
0.293137
0.292748
0.292368
0.291922
0.29154
0.291125
0.290635
0.290146
0.289586
0.288955
0.288254
0.287525
0.286813
0.286015
0.285131
0.284362
0.28354
0.282643
0.281664
0.280618
0.279498
0.278452
0.277346
0.27613
0.274796
0.27334
0.272215
0.270955
0.269541
0.267921
0.266206
0.264803
0.2633
0.261647
0.259773
0.257624
0.255352
0.253855
0.252026
0.249659
0.248133
0.24682
0.24535
0.243711
0.241881
0.239956
0.237697
0.23546
0.23383
0.232123
0.231087
0.229969
0.228771
0.227488
0.22613
0.224682
0.223129
0.221456
0.219858
0.218669
0.217472
0.216198
0.214855
0.21344
0.211951
0.210382
0.208719
0.206941
0.205107
0.203591
0.202111
0.200503
0.198761
0.196875
0.194833
0.1926
0.190139
0.187369
0.185572
0.183454
0.182543
0.181462
0.179698
0.17742
0.174406
0.170487
0.165297
0.162144
0.165017
0.164435
0.160702
0.167613
0.172884
0.175479
0.175384
0.172157
0.164041
0.169808
0.176058
0.178728
0.178111
0.174613
0.181652
0.186754
0.189945
0.190759
0.190788
0.195398
0.19922
0.202338
0.204768
0.20651
0.20789
0.210368
0.212416
0.213944
0.215819
0.217678
0.219341
0.239433
0.240349
0.241202
0.241989
0.242703
0.24336
0.244106
0.244902
0.245677
0.246412
0.247096
0.247725
0.248299
0.248806
0.249236
0.249683
0.250075
0.250535
0.250974
0.251353
0.251712
0.252015
0.252248
0.252413
0.252541
0.252695
0.252764
0.252751
0.25285
0.252903
0.252882
0.252784
0.252624
0.252408
0.252277
0.252095
0.25181
0.251429
0.250978
0.250826
0.250591
0.250237
0.249758
0.249306
0.249203
0.248935
0.248536
0.247994
0.247316
0.246612
0.246892
0.246875
0.246593
0.24725
0.247818
0.247968
0.247825
0.247472
0.247034
0.246444
0.245982
0.246335
0.246562
0.247288
0.247541
0.247466
0.247151
0.246635
0.245947
0.245104
0.244128
0.243228
0.242682
0.241978
0.241054
0.239944
0.238661
0.23721
0.235588
0.233783
0.231769
0.229601
0.227665
0.225673
0.223445
0.220952
0.218161
0.215021
0.211462
0.207354
0.202482
0.198235
0.193535
0.189949
0.186215
0.181695
0.176332
0.169762
0.161486
0.150627
0.139945
0.136108
0.129864
0.121014
0.123424
0.125427
0.125539
0.123706
0.119593
0.112129
0.119583
0.128062
0.133263
0.136126
0.137576
0.14936
0.159443
0.16748
0.17386
0.180815
0.192072
0.200793
0.20796
0.214003
0.219208
0.223916
0.229782
0.234908
0.239447
0.24421
0.248618
0.252553
0.256125
0.259412
0.262489
0.265362
0.268104
0.270842
0.273428
0.275953
0.278307
0.280525
0.282629
0.284625
0.286524
0.288339
0.290084
0.291813
0.293564
0.295224
0.29679
0.298268
0.299662
0.300976
0.30221
0.303363
0.304432
0.305435
0.306512
0.307616
0.308682
0.309688
0.310627
0.311496
0.312296
0.313018
0.313652
0.314296
0.314869
0.315494
0.316082
0.316594
0.31707
0.317474
0.317794
0.318033
0.318223
0.31842
0.31851
0.318501
0.318585
0.318598
0.31851
0.318319
0.318035
0.317657
0.317336
0.316926
0.316377
0.315681
0.314872
0.314308
0.313597
0.312694
0.311549
0.310325
0.309382
0.3083
0.307022
0.305488
0.303637
0.301725
0.300491
0.298879
0.296717
0.295563
0.294505
0.293258
0.291802
0.290142
0.288305
0.286118
0.28406
0.28251
0.280962
0.280045
0.278994
0.277828
0.276552
0.275159
0.273641
0.271984
0.270185
0.268467
0.267138
0.265747
0.264244
0.262629
0.260906
0.259071
0.257114
0.255023
0.252777
0.250437
0.248386
0.246327
0.24409
0.241664
0.239041
0.236204
0.233131
0.229764
0.226025
0.223144
0.219923
0.217747
0.215411
0.212306
0.208538
0.203944
0.198337
0.191378
0.186012
0.187
0.184187
0.178325
0.182676
0.185683
0.18578
0.182997
0.176969
0.166266
0.170441
0.174809
0.175493
0.172977
0.168722
0.174248
0.178139
0.180091
0.179725
0.179407
0.183772
0.187384
0.190348
0.192699
0.194425
0.19604
0.198713
0.201001
0.20283
0.205177
0.207501
0.209668
0.21169
0.213589
0.215389
0.217058
0.218687
0.220341
0.221928
0.22353
0.225053
0.226503
0.227893
0.229217
0.230481
0.231684
0.232843
0.23401
0.235221
0.236378
0.237472
0.238504
0.239477
0.24039
0.24124
0.242024
0.242735
0.243393
0.244144
0.24494
0.245713
0.246446
0.247127
0.247753
0.248324
0.248828
0.249254
0.249704
0.250092
0.250558
0.250993
0.25137
0.251728
0.252027
0.252257
0.252419
0.25255
0.252701
0.252765
0.252752
0.252854
0.252904
0.252879
0.252777
0.252616
0.252395
0.252271
0.252083
0.251794
0.251408
0.250962
0.250818
0.250577
0.250217
0.249732
0.249308
0.249193
0.24892
0.248513
0.247965
0.24728
0.246627
0.246898
0.246868
0.246573
0.247291
0.247834
0.247967
0.240296
0.240425
0.240501
0.240527
0.240499
0.240438
0.240474
0.240563
0.240643
0.240697
0.240719
0.240706
0.24066
0.240573
0.240437
0.240342
0.240215
0.240173
0.240131
0.240052
0.239975
0.239867
0.239716
0.239526
0.239324
0.239169
0.238952
0.238678
0.238527
0.238349
0.238114
0.237821
0.237478
0.237083
0.23677
0.236421
0.235978
0.235433
0.234801
0.234432
0.233982
0.233385
0.232597
0.231697
0.231161
0.230519
0.229734
0.22874
0.227482
0.22598
0.225345
0.224396
0.222963
0.222252
0.221897
0.22139
0.220716
0.219866
0.218877
0.217602
0.216192
0.215563
0.214781
0.214789
0.214701
0.214529
0.214283
0.213955
0.213534
0.213006
0.212351
0.211739
0.21154
0.211352
0.211077
0.210721
0.210281
0.209755
0.209132
0.208399
0.207536
0.206597
0.205935
0.205278
0.20447
0.203496
0.202344
0.200995
0.199426
0.197583
0.195389
0.194113
0.192418
0.191834
0.190945
0.189304
0.187012
0.18392
0.179842
0.174459
0.171155
0.173262
0.171761
0.167233
0.172551
0.176237
0.177093
0.175128
0.169959
0.160348
0.163608
0.167918
0.168647
0.166231
0.161072
0.165179
0.168403
0.169722
0.168788
0.166746
0.170025
0.172524
0.174394
0.175642
0.176271
0.176372
0.177804
0.178865
0.179482
0.18041
0.181453
0.182341
0.183089
0.183712
0.184241
0.184652
0.184982
0.185386
0.185711
0.186078
0.186379
0.186625
0.186825
0.186978
0.187086
0.187154
0.18719
0.187238
0.187353
0.187443
0.187494
0.187508
0.187488
0.187432
0.18734
0.18721
0.187035
0.18683
0.186733
0.186711
0.186698
0.186674
0.186628
0.18656
0.186467
0.186341
0.186171
0.18605
0.185906
0.185857
0.18582
0.185758
0.185709
0.185638
0.185535
0.1854
0.185263
0.185183
0.185055
0.184885
0.184853
0.184811
0.184732
0.184614
0.184471
0.184307
0.184265
0.184199
0.184071
0.183884
0.183686
0.183792
0.183839
0.183806
0.183686
0.183691
0.183985
0.184165
0.184244
0.184214
0.184083
0.184173
0.185
0.185574
0.185925
0.187415
0.18862
0.189457
0.190038
0.190452
0.190798
0.191007
0.191631
0.192756
0.193965
0.195486
0.196583
0.197384
0.19797
0.198376
0.19863
0.198751
0.198775
0.198936
0.199409
0.199704
0.199804
0.199736
0.199513
0.199139
0.198609
0.19791
0.19702
0.195988
0.195182
0.194325
0.19324
0.191899
0.190269
0.188301
0.185928
0.183018
0.179368
0.176175
0.172642
0.169991
0.167323
0.163894
0.159624
0.154154
0.147006
0.137337
0.127113
0.12389
0.118388
0.110492
0.11266
0.114765
0.115053
0.113444
0.109632
0.102513
0.110189
0.118022
0.122718
0.12512
0.127174
0.138393
0.147352
0.154345
0.159717
0.166594
0.176429
0.1839
0.189795
0.194564
0.198474
0.202248
0.206673
0.210364
0.213472
0.216902
0.219838
0.222304
0.224405
0.226227
0.227836
0.22924
0.230559
0.231823
0.232966
0.234034
0.234947
0.235734
0.23642
0.237012
0.237526
0.237969
0.238369
0.23878
0.239221
0.23959
0.239889
0.240124
0.240304
0.240429
0.240504
0.240527
0.240496
0.240436
0.240478
0.240568
0.240646
0.240699
0.240719
0.240704
0.240657
0.240568
0.240429
0.240337
0.240208
0.240172
0.240127
0.240049
0.239971
0.239861
0.239708
0.239516
0.239318
0.23916
0.23894
0.238667
0.23852
0.238339
0.238102
0.237805
0.237461
0.237062
0.236756
0.236402
0.235954
0.235405
0.234775
0.234414
0.233957
0.233353
0.232554
0.231675
0.231132
0.230485
0.229691
0.228687
0.227415
0.22595
0.225309
0.224341
0.222879
0.222239
0.221876
0.221362
-0.149217
-0.147641
-0.146213
-0.144677
-0.143124
-0.141487
-0.139728
-0.137835
-0.135794
-0.133581
-0.131147
-0.128514
-0.126194
-0.12381
-0.121154
-0.118346
-0.115462
-0.11225
-0.108555
-0.104229
-0.0995644
-0.0940855
-0.0897724
-0.0874802
-0.0855727
-0.0831191
-0.0801115
-0.0765322
-0.0718882
-0.0690342
-0.065312
-0.0613226
-0.0596813
-0.0588123
-0.0601882
-0.0645187
-0.0688525
-0.0720926
-0.0759948
-0.0825136
-0.0859279
-0.0916246
-0.0965066
-0.100598
-0.104329
-0.107973
-0.112756
-0.117259
-0.121744
-0.125637
-0.129253
-0.132651
-0.135664
-0.138534
-0.141134
-0.143489
-0.145686
-0.147808
-0.14977
-0.151566
-0.153225
-0.154729
-0.156092
-0.157349
-0.158522
-0.159583
-0.160527
-0.161407
-0.162245
-0.163018
-0.163712
-0.164338
-0.164892
-0.165373
-0.165785
-0.166136
-0.166425
-0.166653
-0.166896
-0.16708
-0.167237
-0.167348
-0.167409
-0.167421
-0.167385
-0.167307
-0.167176
-0.167012
-0.166885
-0.166741
-0.16655
-0.166322
-0.166069
-0.165781
-0.165452
-0.16508
-0.164683
-0.164248
-0.163826
-0.163409
-0.163001
-0.162559
-0.162084
-0.161583
-0.16104
-0.160493
-0.159908
-0.15929
-0.158671
-0.158046
-0.157427
-0.156811
-0.156163
-0.155507
-0.15485
-0.154192
-0.153454
-0.152755
-0.152038
-0.15128
-0.150531
-0.149806
-0.149148
-0.14847
-0.147997
-0.147459
-0.146888
-0.146287
-0.14562
-0.144919
-0.144159
-0.143374
-0.142631
-0.142396
-0.142794
-0.142932
-0.142886
-0.14267
-0.142314
-0.141858
-0.141367
-0.140781
-0.140088
-0.139787
-0.140124
-0.140199
-0.140045
-0.139705
-0.139192
-0.138522
-0.137698
-0.136777
-0.135756
-0.134624
-0.133799
-0.13276
-0.131592
-0.130233
-0.128653
-0.126829
-0.12472
-0.122274
-0.119385
-0.116041
-0.113781
-0.111475
-0.108798
-0.105825
-0.102561
-0.0987232
-0.0940599
-0.0882645
-0.0809745
-0.0722896
-0.0677895
-0.0665819
-0.0654598
-0.0640044
-0.0622229
-0.0600536
-0.0571803
-0.0544705
-0.0505547
-0.0473873
-0.0467966
-0.0466123
-0.0473172
-0.0502464
-0.0532803
-0.0558038
-0.0602087
-0.06868
-0.0750473
-0.0808201
-0.0857935
-0.0901338
-0.0939076
-0.0972429
-0.104304
-0.111216
-0.12053
-0.129053
-0.136288
-0.142561
-0.148005
-0.153136
-0.157733
-0.161831
-0.165576
-0.169819
-0.17406
-0.1778
-0.181127
-0.1841
-0.186771
-0.189216
-0.191513
-0.193601
-0.195491
-0.197274
-0.199005
-0.200574
-0.201989
-0.203269
-0.20442
-0.20545
-0.206364
-0.207187
-0.207921
-0.208567
-0.209212
-0.20976
-0.210245
-0.210653
-0.210983
-0.211238
-0.211421
-0.211539
-0.211585
-0.211592
-0.211614
-0.211601
-0.21152
-0.211381
-0.211197
-0.21096
-0.210664
-0.210306
-0.209913
-0.209466
-0.209009
-0.208533
-0.208055
-0.207518
-0.20693
-0.206297
-0.205596
-0.204874
-0.204082
-0.203233
-0.202356
-0.201461
-0.200565
-0.199637
-0.198632
-0.197603
-0.196515
-0.195332
-0.193954
-0.192745
-0.191456
-0.190026
-0.188708
-0.187542
-0.186329
-0.185012
-0.183626
-0.181954
-0.180623
-0.179468
-0.178201
-0.176823
-0.175278
-0.173788
-0.172606
-0.17143
-0.17018
-0.169081
-0.168169
-0.167193
-0.166153
-0.165063
-0.163936
-0.162728
-0.161412
-0.160247
-0.159223
-0.158192
-0.157095
-0.155942
-0.154721
-0.153431
-0.152064
-0.150641
-0.149144
-0.147577
-0.146144
-0.144603
-0.143049
-0.141404
-0.139639
-0.13774
-0.135691
-0.133472
-0.131027
-0.128396
-0.126088
-0.123692
-0.121022
-0.118211
-0.115315
-0.112083
-0.108368
-0.104007
-0.0993263
-0.0938744
-0.0896735
-0.0873624
-0.0854723
-0.0829822
-0.0799585
-0.0763342
-0.0716378
-0.0689469
-0.065032
-0.0612809
-0.0595617
-0.0588892
-0.0602416
-0.0647577
-0.069032
-0.072219
-0.0763706
-0.0827452
-0.0861191
-0.0918689
-0.0967189
-0.100769
-0.104517
-0.108138
-0.112991
-0.117454
-0.121945
-0.125801
-0.129422
-0.132801
-0.135797
-0.138667
-0.141252
-0.143601
-0.149217
-0.147641
-0.146213
-0.144677
-0.143124
-0.141487
-0.139728
-0.137835
-0.135794
-0.133581
-0.131147
-0.128514
-0.126194
-0.12381
-0.121154
-0.118346
-0.115462
-0.11225
-0.108555
-0.104229
-0.0995644
-0.0940855
-0.0897724
-0.0874802
-0.0855727
-0.0831191
-0.0801115
-0.0765322
-0.0718882
-0.0690342
-0.065312
-0.0613226
-0.0596813
-0.0588123
-0.0601882
-0.0645187
-0.0688525
-0.0720926
-0.0759948
-0.0825136
-0.0859279
-0.0916246
-0.0965066
-0.100598
-0.104329
-0.107973
-0.112756
-0.117259
-0.121744
-0.125637
-0.129253
-0.132651
-0.135664
-0.138534
-0.141134
-0.143489
-0.145686
-0.147808
-0.14977
-0.151566
-0.153225
-0.154729
-0.156092
-0.157349
-0.158522
-0.159583
-0.160527
-0.161407
-0.162245
-0.163018
-0.163712
-0.164338
-0.164892
-0.165373
-0.165785
-0.166136
-0.166425
-0.166653
-0.166896
-0.16708
-0.167237
-0.167348
-0.167409
-0.167421
-0.167385
-0.167307
-0.167176
-0.167012
-0.166885
-0.166741
-0.16655
-0.166322
-0.166069
-0.165781
-0.165452
-0.16508
-0.164683
-0.164248
-0.163826
-0.163409
-0.163001
-0.162559
-0.162084
-0.161583
-0.16104
-0.160493
-0.159908
-0.15929
-0.158671
-0.158046
-0.157427
-0.156811
-0.156163
-0.155507
-0.15485
-0.154192
-0.153454
-0.152755
-0.152038
-0.15128
-0.150531
-0.149806
-0.149148
-0.14847
-0.147997
-0.147459
-0.146888
-0.146287
-0.14562
-0.144919
-0.144159
-0.143374
-0.142631
-0.142396
-0.142794
-0.142932
-0.142886
-0.14267
-0.142314
-0.141858
-0.141367
-0.140781
-0.140088
-0.139787
-0.140124
-0.140199
-0.140045
-0.139705
-0.139192
-0.138522
-0.137698
-0.136777
-0.135756
-0.134624
-0.133799
-0.13276
-0.131592
-0.130233
-0.128653
-0.126829
-0.12472
-0.122274
-0.119385
-0.116041
-0.113781
-0.111475
-0.108798
-0.105825
-0.102561
-0.0987232
-0.0940599
-0.0882645
-0.0809745
-0.0722896
-0.0677895
-0.0665819
-0.0654598
-0.0640044
-0.0622229
-0.0600536
-0.0571803
-0.0544705
-0.0505547
-0.0473873
-0.0467966
-0.0466123
-0.0473172
-0.0502464
-0.0532803
-0.0558038
-0.0602087
-0.06868
-0.0750473
-0.0808201
-0.0857935
-0.0901338
-0.0939076
-0.0972429
-0.104304
-0.111216
-0.12053
-0.129053
-0.136288
-0.142561
-0.148005
-0.153136
-0.157733
-0.161831
-0.165576
-0.169819
-0.17406
-0.1778
-0.181127
-0.1841
-0.186771
-0.189216
-0.191513
-0.193601
-0.195491
-0.197274
-0.199005
-0.200574
-0.201989
-0.203269
-0.20442
-0.20545
-0.206364
-0.207187
-0.207921
-0.208567
-0.209212
-0.20976
-0.210245
-0.210653
-0.210983
-0.211238
-0.211421
-0.211539
-0.211585
-0.211592
-0.211614
-0.211601
-0.21152
-0.211381
-0.211197
-0.21096
-0.210664
-0.210306
-0.209913
-0.209466
-0.209009
-0.208533
-0.208055
-0.207518
-0.20693
-0.206297
-0.205596
-0.204874
-0.204082
-0.203233
-0.202356
-0.201461
-0.200565
-0.199637
-0.198632
-0.197603
-0.196515
-0.195332
-0.193954
-0.192745
-0.191456
-0.190026
-0.188708
-0.187542
-0.186329
-0.185012
-0.183626
-0.181954
-0.180623
-0.179468
-0.178201
-0.176823
-0.175278
-0.173788
-0.172606
-0.17143
-0.17018
-0.169081
-0.168169
-0.167193
-0.166153
-0.165063
-0.163936
-0.162728
-0.161412
-0.160247
-0.159223
-0.158192
-0.157095
-0.155942
-0.154721
-0.153431
-0.152064
-0.150641
-0.149144
-0.147577
-0.146144
-0.144603
-0.143049
-0.141404
-0.139639
-0.13774
-0.135691
-0.133472
-0.131027
-0.128396
-0.126088
-0.123692
-0.121022
-0.118211
-0.115315
-0.112083
-0.108368
-0.104007
-0.0993263
-0.0938744
-0.0896735
-0.0873624
-0.0854723
-0.0829822
-0.0799585
-0.0763342
-0.0716378
-0.0689469
-0.065032
-0.0612809
-0.0595617
-0.0588892
-0.0602416
-0.0647577
-0.069032
-0.072219
-0.0763706
-0.0827452
-0.0861191
-0.0918689
-0.0967189
-0.100769
-0.104517
-0.108138
-0.112991
-0.117454
-0.121945
-0.125801
-0.129422
-0.132801
-0.135797
-0.138667
-0.141252
-0.143601
0.239433
0.240349
0.241202
0.241989
0.242703
0.24336
0.244106
0.244902
0.245677
0.246412
0.247096
0.247725
0.248299
0.248806
0.249236
0.249683
0.250075
0.250535
0.250974
0.251353
0.251712
0.252015
0.252248
0.252413
0.252541
0.252695
0.252764
0.252751
0.25285
0.252903
0.252882
0.252784
0.252624
0.252408
0.252277
0.252095
0.25181
0.251429
0.250978
0.250826
0.250591
0.250237
0.249758
0.249306
0.249203
0.248935
0.248536
0.247994
0.247316
0.246612
0.246892
0.246875
0.246593
0.24725
0.247818
0.247968
0.247825
0.247472
0.247034
0.246444
0.245982
0.246335
0.246562
0.247288
0.247541
0.247466
0.247151
0.246635
0.245947
0.245104
0.244128
0.243228
0.242682
0.241978
0.241054
0.239944
0.238661
0.23721
0.235588
0.233783
0.231769
0.229601
0.227665
0.225673
0.223445
0.220952
0.218161
0.215021
0.211462
0.207354
0.202482
0.198235
0.193535
0.189949
0.186215
0.181695
0.176332
0.169762
0.161486
0.150627
0.139945
0.136108
0.129864
0.121014
0.123424
0.125427
0.125539
0.123706
0.119593
0.112129
0.119583
0.128062
0.133263
0.136126
0.137576
0.14936
0.159443
0.16748
0.17386
0.180815
0.192072
0.200793
0.20796
0.214003
0.219208
0.223916
0.229782
0.234908
0.239447
0.24421
0.248618
0.252553
0.256125
0.259412
0.262489
0.265362
0.268104
0.270842
0.273428
0.275953
0.278307
0.280525
0.282629
0.284625
0.286524
0.288339
0.290084
0.291813
0.293564
0.295224
0.29679
0.298268
0.299662
0.300976
0.30221
0.303363
0.304432
0.305435
0.306512
0.307616
0.308682
0.309688
0.310627
0.311496
0.312296
0.313018
0.313652
0.314296
0.314869
0.315494
0.316082
0.316594
0.31707
0.317474
0.317794
0.318033
0.318223
0.31842
0.31851
0.318501
0.318585
0.318598
0.31851
0.318319
0.318035
0.317657
0.317336
0.316926
0.316377
0.315681
0.314872
0.314308
0.313597
0.312694
0.311549
0.310325
0.309382
0.3083
0.307022
0.305488
0.303637
0.301725
0.300491
0.298879
0.296717
0.295563
0.294505
0.293258
0.291802
0.290142
0.288305
0.286118
0.28406
0.28251
0.280962
0.280045
0.278994
0.277828
0.276552
0.275159
0.273641
0.271984
0.270185
0.268467
0.267138
0.265747
0.264244
0.262629
0.260906
0.259071
0.257114
0.255023
0.252777
0.250437
0.248386
0.246327
0.24409
0.241664
0.239041
0.236204
0.233131
0.229764
0.226025
0.223144
0.219923
0.217747
0.215411
0.212306
0.208538
0.203944
0.198337
0.191378
0.186012
0.187
0.184187
0.178325
0.182676
0.185683
0.18578
0.182997
0.176969
0.166266
0.170441
0.174809
0.175493
0.172977
0.168722
0.174248
0.178139
0.180091
0.179725
0.179407
0.183772
0.187384
0.190348
0.192699
0.194425
0.19604
0.198713
0.201001
0.20283
0.205177
0.207501
0.209668
0.21169
0.213589
0.215389
0.217058
0.218687
0.220341
0.221928
0.22353
0.225053
0.226503
0.227893
0.229217
0.230481
0.231684
0.232843
0.23401
0.235221
0.236378
0.237472
0.238504
0.239477
0.24039
0.24124
0.242024
0.242735
0.243393
0.244144
0.24494
0.245713
0.246446
0.247127
0.247753
0.248324
0.248828
0.249254
0.249704
0.250092
0.250558
0.250993
0.25137
0.251728
0.252027
0.252257
0.252419
0.25255
0.252701
0.252765
0.252752
0.252854
0.252904
0.252879
0.252777
0.252616
0.252395
0.252271
0.252083
0.251794
0.251408
0.250962
0.250818
0.250577
0.250217
0.249732
0.249308
0.249193
0.24892
0.248513
0.247965
0.24728
0.246627
0.246898
0.246868
0.246573
0.247291
0.247834
0.247967
0.240296
0.240425
0.240501
0.240527
0.240499
0.240438
0.240474
0.240563
0.240643
0.240697
0.240719
0.240706
0.24066
0.240573
0.240437
0.240342
0.240215
0.240173
0.240131
0.240052
0.239975
0.239867
0.239716
0.239526
0.239324
0.239169
0.238952
0.238678
0.238527
0.238349
0.238114
0.237821
0.237478
0.237083
0.23677
0.236421
0.235978
0.235433
0.234801
0.234432
0.233982
0.233385
0.232597
0.231697
0.231161
0.230519
0.229734
0.22874
0.227482
0.22598
0.225345
0.224396
0.222963
0.222252
0.221897
0.22139
0.220716
0.219866
0.218877
0.217602
0.216192
0.215563
0.214781
0.214789
0.214701
0.214529
0.214283
0.213955
0.213534
0.213006
0.212351
0.211739
0.21154
0.211352
0.211077
0.210721
0.210281
0.209755
0.209132
0.208399
0.207536
0.206597
0.205935
0.205278
0.20447
0.203496
0.202344
0.200995
0.199426
0.197583
0.195389
0.194113
0.192418
0.191834
0.190945
0.189304
0.187012
0.18392
0.179842
0.174459
0.171155
0.173262
0.171761
0.167233
0.172551
0.176237
0.177093
0.175128
0.169959
0.160348
0.163608
0.167918
0.168647
0.166231
0.161072
0.165179
0.168403
0.169722
0.168788
0.166746
0.170025
0.172524
0.174394
0.175642
0.176271
0.176372
0.177804
0.178865
0.179482
0.18041
0.181453
0.182341
0.183089
0.183712
0.184241
0.184652
0.184982
0.185386
0.185711
0.186078
0.186379
0.186625
0.186825
0.186978
0.187086
0.187154
0.18719
0.187238
0.187353
0.187443
0.187494
0.187508
0.187488
0.187432
0.18734
0.18721
0.187035
0.18683
0.186733
0.186711
0.186698
0.186674
0.186628
0.18656
0.186467
0.186341
0.186171
0.18605
0.185906
0.185857
0.18582
0.185758
0.185709
0.185638
0.185535
0.1854
0.185263
0.185183
0.185055
0.184885
0.184853
0.184811
0.184732
0.184614
0.184471
0.184307
0.184265
0.184199
0.184071
0.183884
0.183686
0.183792
0.183839
0.183806
0.183686
0.183691
0.183985
0.184165
0.184244
0.184214
0.184083
0.184173
0.185
0.185574
0.185925
0.187415
0.18862
0.189457
0.190038
0.190452
0.190798
0.191007
0.191631
0.192756
0.193965
0.195486
0.196583
0.197384
0.19797
0.198376
0.19863
0.198751
0.198775
0.198936
0.199409
0.199704
0.199804
0.199736
0.199513
0.199139
0.198609
0.19791
0.19702
0.195988
0.195182
0.194325
0.19324
0.191899
0.190269
0.188301
0.185928
0.183018
0.179368
0.176175
0.172642
0.169991
0.167323
0.163894
0.159624
0.154154
0.147006
0.137337
0.127113
0.12389
0.118388
0.110492
0.11266
0.114765
0.115053
0.113444
0.109632
0.102513
0.110189
0.118022
0.122718
0.12512
0.127174
0.138393
0.147352
0.154345
0.159717
0.166594
0.176429
0.1839
0.189795
0.194564
0.198474
0.202248
0.206673
0.210364
0.213472
0.216902
0.219838
0.222304
0.224405
0.226227
0.227836
0.22924
0.230559
0.231823
0.232966
0.234034
0.234947
0.235734
0.23642
0.237012
0.237526
0.237969
0.238369
0.23878
0.239221
0.23959
0.239889
0.240124
0.240304
0.240429
0.240504
0.240527
0.240496
0.240436
0.240478
0.240568
0.240646
0.240699
0.240719
0.240704
0.240657
0.240568
0.240429
0.240337
0.240208
0.240172
0.240127
0.240049
0.239971
0.239861
0.239708
0.239516
0.239318
0.23916
0.23894
0.238667
0.23852
0.238339
0.238102
0.237805
0.237461
0.237062
0.236756
0.236402
0.235954
0.235405
0.234775
0.234414
0.233957
0.233353
0.232554
0.231675
0.231132
0.230485
0.229691
0.228687
0.227415
0.22595
0.225309
0.224341
0.222879
0.222239
0.221876
0.221362
-0.157874
-0.156589
-0.155076
-0.15334
-0.151319
-0.14899
-0.146311
-0.143243
-0.139701
-0.135639
-0.132189
-0.129061
-0.125457
-0.121349
-0.11691
-0.111835
-0.105871
-0.0987899
-0.0903631
-0.0800303
-0.0734315
-0.0712914
-0.0694042
-0.0671801
-0.0644591
-0.0613648
-0.0575316
-0.0534658
-0.0488877
-0.0436251
-0.0427581
-0.041735
-0.0422048
-0.0442472
-0.0470169
-0.0491762
-0.0513103
-0.0592314
-0.0644613
-0.0686994
-0.0723483
-0.0755207
-0.0781962
-0.08059
-0.0857206
-0.0917897
-0.0991687
-0.106449
-0.112254
-0.117153
-0.121317
-0.125216
-0.128778
-0.131953
-0.13484
-0.138189
-0.141729
-0.144867
-0.147657
-0.15017
-0.152461
-0.154599
-0.15666
-0.158602
-0.160417
-0.162153
-0.163924
-0.165598
-0.167169
-0.168659
-0.170074
-0.171417
-0.172695
-0.17392
-0.175109
-0.176237
-0.177408
-0.178529
-0.17961
-0.180659
-0.181663
-0.182622
-0.183538
-0.184419
-0.185258
-0.186075
-0.186917
-0.187772
-0.188577
-0.189337
-0.190072
-0.190774
-0.191433
-0.192048
-0.192633
-0.193177
-0.193716
-0.194258
-0.194794
-0.195291
-0.195729
-0.196134
-0.196476
-0.196778
-0.197034
-0.197212
-0.197382
-0.197494
-0.197638
-0.19773
-0.197746
-0.197694
-0.197589
-0.197399
-0.197026
-0.196724
-0.196407
-0.195969
-0.195478
-0.195268
-0.194974
-0.194551
-0.194059
-0.193334
-0.192712
-0.1925
-0.192161
-0.191697
-0.19107
-0.190304
-0.190004
-0.18967
-0.189293
-0.188898
-0.188836
-0.188684
-0.188444
-0.188127
-0.187745
-0.187266
-0.186662
-0.186102
-0.185678
-0.185266
-0.184747
-0.184132
-0.183415
-0.182588
-0.181646
-0.180597
-0.179445
-0.178137
-0.176931
-0.175588
-0.174134
-0.172568
-0.170821
-0.168878
-0.166719
-0.16433
-0.161658
-0.15871
-0.155872
-0.153035
-0.149829
-0.146267
-0.142593
-0.138528
-0.133891
-0.128568
-0.122757
-0.116034
-0.110005
-0.1065
-0.103231
-0.0994114
-0.0947605
-0.089528
-0.0831605
-0.0775323
-0.072093
-0.0648963
-0.0619432
-0.058571
-0.0587051
-0.0610125
-0.0639938
-0.0657317
-0.0668942
-0.0717829
-0.0734625
-0.076397
-0.0796106
-0.0822125
-0.0843774
-0.0867895
-0.0901141
-0.0935464
-0.0968621
-0.0997736
-0.102343
-0.104906
-0.10717
-0.109355
-0.11138
-0.113215
-0.114986
-0.116731
-0.118405
-0.119964
-0.121459
-0.122858
-0.124171
-0.12543
-0.126654
-0.127818
-0.128915
-0.129979
-0.13104
-0.132094
-0.133104
-0.134084
-0.135029
-0.135937
-0.136809
-0.137651
-0.138464
-0.139238
-0.140059
-0.140856
-0.14164
-0.142413
-0.14316
-0.14388
-0.144573
-0.145245
-0.145887
-0.146512
-0.147177
-0.147862
-0.148515
-0.14914
-0.149755
-0.150351
-0.150919
-0.151454
-0.151972
-0.152461
-0.152967
-0.153498
-0.154037
-0.154554
-0.155035
-0.155502
-0.15593
-0.156342
-0.156732
-0.157079
-0.15744
-0.157775
-0.158135
-0.158486
-0.158808
-0.159102
-0.159387
-0.159679
-0.159887
-0.160101
-0.160306
-0.160475
-0.160613
-0.160794
-0.161007
-0.161199
-0.161523
-0.161807
-0.162006
-0.162185
-0.162282
-0.162327
-0.162304
-0.162219
-0.162155
-0.162459
-0.163395
-0.164041
-0.164466
-0.164691
-0.164756
-0.1647
-0.164582
-0.164361
-0.164014
-0.163799
-0.164391
-0.164641
-0.164602
-0.164334
-0.163859
-0.163191
-0.162335
-0.161333
-0.160212
-0.158869
-0.15782
-0.156522
-0.155
-0.153252
-0.151217
-0.148868
-0.146172
-0.143083
-0.139516
-0.135435
-0.132052
-0.128902
-0.125275
-0.121154
-0.116689
-0.111568
-0.105556
-0.0984129
-0.0899284
-0.0794829
-0.0731181
-0.0711983
-0.0693103
-0.0670634
-0.0643276
-0.0611973
-0.0573237
-0.0532925
-0.0486191
-0.0435948
-0.0427043
-0.0417608
-0.042223
-0.0443947
-0.0471337
-0.0492696
-0.0517825
-0.0595266
-0.0646596
-0.0688834
-0.0725115
-0.0756556
-0.0783165
-0.0806945
-0.0860433
-0.092056
-0.0995687
-0.106748
-0.112505
-0.117364
-0.121498
-0.125393
-0.128935
-0.132099
-0.134973
-0.138349
-0.157874
-0.156589
-0.155076
-0.15334
-0.151319
-0.14899
-0.146311
-0.143243
-0.139701
-0.135639
-0.132189
-0.129061
-0.125457
-0.121349
-0.11691
-0.111835
-0.105871
-0.0987899
-0.0903631
-0.0800303
-0.0734315
-0.0712914
-0.0694042
-0.0671801
-0.0644591
-0.0613648
-0.0575316
-0.0534658
-0.0488877
-0.0436251
-0.0427581
-0.041735
-0.0422048
-0.0442472
-0.0470169
-0.0491762
-0.0513103
-0.0592314
-0.0644613
-0.0686994
-0.0723483
-0.0755207
-0.0781962
-0.08059
-0.0857206
-0.0917897
-0.0991687
-0.106449
-0.112254
-0.117153
-0.121317
-0.125216
-0.128778
-0.131953
-0.13484
-0.138189
-0.141729
-0.144867
-0.147657
-0.15017
-0.152461
-0.154599
-0.15666
-0.158602
-0.160417
-0.162153
-0.163924
-0.165598
-0.167169
-0.168659
-0.170074
-0.171417
-0.172695
-0.17392
-0.175109
-0.176237
-0.177408
-0.178529
-0.17961
-0.180659
-0.181663
-0.182622
-0.183538
-0.184419
-0.185258
-0.186075
-0.186917
-0.187772
-0.188577
-0.189337
-0.190072
-0.190774
-0.191433
-0.192048
-0.192633
-0.193177
-0.193716
-0.194258
-0.194794
-0.195291
-0.195729
-0.196134
-0.196476
-0.196778
-0.197034
-0.197212
-0.197382
-0.197494
-0.197638
-0.19773
-0.197746
-0.197694
-0.197589
-0.197399
-0.197026
-0.196724
-0.196407
-0.195969
-0.195478
-0.195268
-0.194974
-0.194551
-0.194059
-0.193334
-0.192712
-0.1925
-0.192161
-0.191697
-0.19107
-0.190304
-0.190004
-0.18967
-0.189293
-0.188898
-0.188836
-0.188684
-0.188444
-0.188127
-0.187745
-0.187266
-0.186662
-0.186102
-0.185678
-0.185266
-0.184747
-0.184132
-0.183415
-0.182588
-0.181646
-0.180597
-0.179445
-0.178137
-0.176931
-0.175588
-0.174134
-0.172568
-0.170821
-0.168878
-0.166719
-0.16433
-0.161658
-0.15871
-0.155872
-0.153035
-0.149829
-0.146267
-0.142593
-0.138528
-0.133891
-0.128568
-0.122757
-0.116034
-0.110005
-0.1065
-0.103231
-0.0994114
-0.0947605
-0.089528
-0.0831605
-0.0775323
-0.072093
-0.0648963
-0.0619432
-0.058571
-0.0587051
-0.0610125
-0.0639938
-0.0657317
-0.0668942
-0.0717829
-0.0734625
-0.076397
-0.0796106
-0.0822125
-0.0843774
-0.0867895
-0.0901141
-0.0935464
-0.0968621
-0.0997736
-0.102343
-0.104906
-0.10717
-0.109355
-0.11138
-0.113215
-0.114986
-0.116731
-0.118405
-0.119964
-0.121459
-0.122858
-0.124171
-0.12543
-0.126654
-0.127818
-0.128915
-0.129979
-0.13104
-0.132094
-0.133104
-0.134084
-0.135029
-0.135937
-0.136809
-0.137651
-0.138464
-0.139238
-0.140059
-0.140856
-0.14164
-0.142413
-0.14316
-0.14388
-0.144573
-0.145245
-0.145887
-0.146512
-0.147177
-0.147862
-0.148515
-0.14914
-0.149755
-0.150351
-0.150919
-0.151454
-0.151972
-0.152461
-0.152967
-0.153498
-0.154037
-0.154554
-0.155035
-0.155502
-0.15593
-0.156342
-0.156732
-0.157079
-0.15744
-0.157775
-0.158135
-0.158486
-0.158808
-0.159102
-0.159387
-0.159679
-0.159887
-0.160101
-0.160306
-0.160475
-0.160613
-0.160794
-0.161007
-0.161199
-0.161523
-0.161807
-0.162006
-0.162185
-0.162282
-0.162327
-0.162304
-0.162219
-0.162155
-0.162459
-0.163395
-0.164041
-0.164466
-0.164691
-0.164756
-0.1647
-0.164582
-0.164361
-0.164014
-0.163799
-0.164391
-0.164641
-0.164602
-0.164334
-0.163859
-0.163191
-0.162335
-0.161333
-0.160212
-0.158869
-0.15782
-0.156522
-0.155
-0.153252
-0.151217
-0.148868
-0.146172
-0.143083
-0.139516
-0.135435
-0.132052
-0.128902
-0.125275
-0.121154
-0.116689
-0.111568
-0.105556
-0.0984129
-0.0899284
-0.0794829
-0.0731181
-0.0711983
-0.0693103
-0.0670634
-0.0643276
-0.0611973
-0.0573237
-0.0532925
-0.0486191
-0.0435948
-0.0427043
-0.0417608
-0.042223
-0.0443947
-0.0471337
-0.0492696
-0.0517825
-0.0595266
-0.0646596
-0.0688834
-0.0725115
-0.0756556
-0.0783165
-0.0806945
-0.0860433
-0.092056
-0.0995687
-0.106748
-0.112505
-0.117364
-0.121498
-0.125393
-0.128935
-0.132099
-0.134973
-0.138349
0.239433
0.240349
0.241202
0.241989
0.242703
0.24336
0.244106
0.244902
0.245677
0.246412
0.247096
0.247725
0.248299
0.248806
0.249236
0.249683
0.250075
0.250535
0.250974
0.251353
0.251712
0.252015
0.252248
0.252413
0.252541
0.252695
0.252764
0.252751
0.25285
0.252903
0.252882
0.252784
0.252624
0.252408
0.252277
0.252095
0.25181
0.251429
0.250978
0.250826
0.250591
0.250237
0.249758
0.249306
0.249203
0.248935
0.248536
0.247994
0.247316
0.246612
0.246892
0.246875
0.246593
0.24725
0.247818
0.247968
0.247825
0.247472
0.247034
0.246444
0.245982
0.246335
0.246562
0.247288
0.247541
0.247466
0.247151
0.246635
0.245947
0.245104
0.244128
0.243228
0.242682
0.241978
0.241054
0.239944
0.238661
0.23721
0.235588
0.233783
0.231769
0.229601
0.227665
0.225673
0.223445
0.220952
0.218161
0.215021
0.211462
0.207354
0.202482
0.198235
0.193535
0.189949
0.186215
0.181695
0.176332
0.169762
0.161486
0.150627
0.139945
0.136108
0.129864
0.121014
0.123424
0.125427
0.125539
0.123706
0.119593
0.112129
0.119583
0.128062
0.133263
0.136126
0.137576
0.14936
0.159443
0.16748
0.17386
0.180815
0.192072
0.200793
0.20796
0.214003
0.219208
0.223916
0.229782
0.234908
0.239447
0.24421
0.248618
0.252553
0.256125
0.259412
0.262489
0.265362
0.268104
0.270842
0.273428
0.275953
0.278307
0.280525
0.282629
0.284625
0.286524
0.288339
0.290084
0.291813
0.293564
0.295224
0.29679
0.298268
0.299662
0.300976
0.30221
0.303363
0.304432
0.305435
0.306512
0.307616
0.308682
0.309688
0.310627
0.311496
0.312296
0.313018
0.313652
0.314296
0.314869
0.315494
0.316082
0.316594
0.31707
0.317474
0.317794
0.318033
0.318223
0.31842
0.31851
0.318501
0.318585
0.318598
0.31851
0.318319
0.318035
0.317657
0.317336
0.316926
0.316377
0.315681
0.314872
0.314308
0.313597
0.312694
0.311549
0.310325
0.309382
0.3083
0.307022
0.305488
0.303637
0.301725
0.300491
0.298879
0.296717
0.295563
0.294505
0.293258
0.291802
0.290142
0.288305
0.286118
0.28406
0.28251
0.280962
0.280045
0.278994
0.277828
0.276552
0.275159
0.273641
0.271984
0.270185
0.268467
0.267138
0.265747
0.264244
0.262629
0.260906
0.259071
0.257114
0.255023
0.252777
0.250437
0.248386
0.246327
0.24409
0.241664
0.239041
0.236204
0.233131
0.229764
0.226025
0.223144
0.219923
0.217747
0.215411
0.212306
0.208538
0.203944
0.198337
0.191378
0.186012
0.187
0.184187
0.178325
0.182676
0.185683
0.18578
0.182997
0.176969
0.166266
0.170441
0.174809
0.175493
0.172977
0.168722
0.174248
0.178139
0.180091
0.179725
0.179407
0.183772
0.187384
0.190348
0.192699
0.194425
0.19604
0.198713
0.201001
0.20283
0.205177
0.207501
0.209668
0.21169
0.213589
0.215389
0.217058
0.218687
0.220341
0.221928
0.22353
0.225053
0.226503
0.227893
0.229217
0.230481
0.231684
0.232843
0.23401
0.235221
0.236378
0.237472
0.238504
0.239477
0.24039
0.24124
0.242024
0.242735
0.243393
0.244144
0.24494
0.245713
0.246446
0.247127
0.247753
0.248324
0.248828
0.249254
0.249704
0.250092
0.250558
0.250993
0.25137
0.251728
0.252027
0.252257
0.252419
0.25255
0.252701
0.252765
0.252752
0.252854
0.252904
0.252879
0.252777
0.252616
0.252395
0.252271
0.252083
0.251794
0.251408
0.250962
0.250818
0.250577
0.250217
0.249732
0.249308
0.249193
0.24892
0.248513
0.247965
0.24728
0.246627
0.246898
0.246868
0.246573
0.247291
0.247834
0.247967
0.240296
0.240425
0.240501
0.240527
0.240499
0.240438
0.240474
0.240563
0.240643
0.240697
0.240719
0.240706
0.24066
0.240573
0.240437
0.240342
0.240215
0.240173
0.240131
0.240052
0.239975
0.239867
0.239716
0.239526
0.239324
0.239169
0.238952
0.238678
0.238527
0.238349
0.238114
0.237821
0.237478
0.237083
0.23677
0.236421
0.235978
0.235433
0.234801
0.234432
0.233982
0.233385
0.232597
0.231697
0.231161
0.230519
0.229734
0.22874
0.227482
0.22598
0.225345
0.224396
0.222963
0.222252
0.221897
0.22139
0.220716
0.219866
0.218877
0.217602
0.216192
0.215563
0.214781
0.214789
0.214701
0.214529
0.214283
0.213955
0.213534
0.213006
0.212351
0.211739
0.21154
0.211352
0.211077
0.210721
0.210281
0.209755
0.209132
0.208399
0.207536
0.206597
0.205935
0.205278
0.20447
0.203496
0.202344
0.200995
0.199426
0.197583
0.195389
0.194113
0.192418
0.191834
0.190945
0.189304
0.187012
0.18392
0.179842
0.174459
0.171155
0.173262
0.171761
0.167233
0.172551
0.176237
0.177093
0.175128
0.169959
0.160348
0.163608
0.167918
0.168647
0.166231
0.161072
0.165179
0.168403
0.169722
0.168788
0.166746
0.170025
0.172524
0.174394
0.175642
0.176271
0.176372
0.177804
0.178865
0.179482
0.18041
0.181453
0.182341
0.183089
0.183712
0.184241
0.184652
0.184982
0.185386
0.185711
0.186078
0.186379
0.186625
0.186825
0.186978
0.187086
0.187154
0.18719
0.187238
0.187353
0.187443
0.187494
0.187508
0.187488
0.187432
0.18734
0.18721
0.187035
0.18683
0.186733
0.186711
0.186698
0.186674
0.186628
0.18656
0.186467
0.186341
0.186171
0.18605
0.185906
0.185857
0.18582
0.185758
0.185709
0.185638
0.185535
0.1854
0.185263
0.185183
0.185055
0.184885
0.184853
0.184811
0.184732
0.184614
0.184471
0.184307
0.184265
0.184199
0.184071
0.183884
0.183686
0.183792
0.183839
0.183806
0.183686
0.183691
0.183985
0.184165
0.184244
0.184214
0.184083
0.184173
0.185
0.185574
0.185925
0.187415
0.18862
0.189457
0.190038
0.190452
0.190798
0.191007
0.191631
0.192756
0.193965
0.195486
0.196583
0.197384
0.19797
0.198376
0.19863
0.198751
0.198775
0.198936
0.199409
0.199704
0.199804
0.199736
0.199513
0.199139
0.198609
0.19791
0.19702
0.195988
0.195182
0.194325
0.19324
0.191899
0.190269
0.188301
0.185928
0.183018
0.179368
0.176175
0.172642
0.169991
0.167323
0.163894
0.159624
0.154154
0.147006
0.137337
0.127113
0.12389
0.118388
0.110492
0.11266
0.114765
0.115053
0.113444
0.109632
0.102513
0.110189
0.118022
0.122718
0.12512
0.127174
0.138393
0.147352
0.154345
0.159717
0.166594
0.176429
0.1839
0.189795
0.194564
0.198474
0.202248
0.206673
0.210364
0.213472
0.216902
0.219838
0.222304
0.224405
0.226227
0.227836
0.22924
0.230559
0.231823
0.232966
0.234034
0.234947
0.235734
0.23642
0.237012
0.237526
0.237969
0.238369
0.23878
0.239221
0.23959
0.239889
0.240124
0.240304
0.240429
0.240504
0.240527
0.240496
0.240436
0.240478
0.240568
0.240646
0.240699
0.240719
0.240704
0.240657
0.240568
0.240429
0.240337
0.240208
0.240172
0.240127
0.240049
0.239971
0.239861
0.239708
0.239516
0.239318
0.23916
0.23894
0.238667
0.23852
0.238339
0.238102
0.237805
0.237461
0.237062
0.236756
0.236402
0.235954
0.235405
0.234775
0.234414
0.233957
0.233353
0.232554
0.231675
0.231132
0.230485
0.229691
0.228687
0.227415
0.22595
0.225309
0.224341
0.222879
0.222239
0.221876
0.221362
0.236653
0.235741
0.234641
0.233338
0.231807
0.230097
0.228572
0.226957
0.225063
0.222859
0.220313
0.217373
0.213953
0.209944
0.205167
0.200854
0.196123
0.192254
0.188264
0.183371
0.177581
0.17046
0.161567
0.150156
0.138504
0.134072
0.127231
0.117891
0.118996
0.119984
0.119016
0.116073
0.110906
0.102703
0.108757
0.115379
0.118811
0.120116
0.119791
0.130925
0.139293
0.145698
0.150566
0.156411
0.165693
0.172494
0.177867
0.182269
0.185974
0.189459
0.193972
0.197809
0.201142
0.204773
0.208038
0.210892
0.213451
0.215786
0.217991
0.220041
0.222029
0.224034
0.22594
0.227806
0.22956
0.231222
0.232801
0.234318
0.235781
0.237198
0.238584
0.239996
0.241457
0.24286
0.244204
0.245496
0.24674
0.247938
0.249091
0.250198
0.251255
0.252282
0.253407
0.25459
0.255759
0.256901
0.258008
0.259082
0.260107
0.261087
0.26202
0.262983
0.2639
0.264897
0.265879
0.266801
0.267737
0.268616
0.269436
0.270197
0.270941
0.271706
0.272389
0.272993
0.273709
0.274373
0.274959
0.275457
0.275881
0.276232
0.276647
0.276988
0.277206
0.277292
0.277234
0.277496
0.277591
0.277502
0.277187
0.27678
0.276684
0.276448
0.276027
0.275355
0.274385
0.273239
0.272879
0.272145
0.27091
0.270565
0.270446
0.270132
0.269612
0.268862
0.267991
0.266771
0.265541
0.264968
0.264329
0.264397
0.264342
0.264171
0.263881
0.263477
0.262948
0.262276
0.261452
0.260679
0.260291
0.259854
0.25929
0.258605
0.257798
0.256864
0.255792
0.254569
0.253174
0.251667
0.250402
0.249094
0.247575
0.245838
0.243874
0.241661
0.239162
0.236336
0.233116
0.230699
0.227787
0.225878
0.223617
0.220489
0.216681
0.21196
0.206162
0.198991
0.193677
0.193589
0.189605
0.182538
0.185625
0.186902
0.185203
0.180594
0.172779
0.160716
0.16265
0.164781
0.163341
0.158926
0.151741
0.155767
0.15781
0.15798
0.156004
0.15383
0.156856
0.159168
0.160919
0.162129
0.162801
0.163215
0.164925
0.166298
0.167287
0.168761
0.170335
0.171786
0.173133
0.174382
0.17559
0.176699
0.177776
0.178935
0.180051
0.181215
0.182344
0.183434
0.184483
0.185505
0.186495
0.187458
0.188399
0.189372
0.190419
0.191444
0.192433
0.193392
0.194318
0.195212
0.196071
0.196891
0.197668
0.198418
0.199278
0.200213
0.201146
0.202065
0.20296
0.203831
0.204661
0.205452
0.206201
0.206989
0.20774
0.208583
0.209421
0.210212
0.211029
0.2118
0.212522
0.213194
0.213863
0.214566
0.215204
0.215778
0.216489
0.217164
0.217784
0.218343
0.218858
0.219333
0.219914
0.220441
0.220884
0.221244
0.221539
0.222192
0.222725
0.22315
0.223464
0.223868
0.224525
0.225036
0.225423
0.225681
0.225821
0.226088
0.227156
0.227918
0.228429
0.229956
0.231177
0.231998
0.232549
0.232903
0.233231
0.233391
0.233862
0.2349
0.235928
0.237244
0.238101
0.238647
0.238954
0.239075
0.239031
0.238837
0.238518
0.238305
0.238387
0.238259
0.237903
0.237351
0.236614
0.235694
0.234585
0.233271
0.231729
0.230019
0.228499
0.226872
0.224963
0.222747
0.220184
0.217224
0.213779
0.209739
0.204919
0.200646
0.19587
0.19208
0.188055
0.183123
0.177279
0.170086
0.161095
0.14954
0.138356
0.133794
0.126839
0.117366
0.11909
0.119981
0.118924
0.115882
0.110605
0.102209
0.109183
0.115606
0.118919
0.120133
0.12037
0.131372
0.139633
0.145959
0.150761
0.156938
0.166064
0.172783
0.1781
0.182457
0.186134
0.18969
0.194166
0.197976
0.201288
0.204943
0.208185
0.211022
0.236653
0.235741
0.234641
0.233338
0.231807
0.230097
0.228572
0.226957
0.225063
0.222859
0.220313
0.217373
0.213953
0.209944
0.205167
0.200854
0.196123
0.192254
0.188264
0.183371
0.177581
0.17046
0.161567
0.150156
0.138504
0.134072
0.127231
0.117891
0.118996
0.119984
0.119016
0.116073
0.110906
0.102703
0.108757
0.115379
0.118811
0.120116
0.119791
0.130925
0.139293
0.145698
0.150566
0.156411
0.165693
0.172494
0.177867
0.182269
0.185974
0.189459
0.193972
0.197809
0.201142
0.204773
0.208038
0.210892
0.213451
0.215786
0.217991
0.220041
0.222029
0.224034
0.22594
0.227806
0.22956
0.231222
0.232801
0.234318
0.235781
0.237198
0.238584
0.239996
0.241457
0.24286
0.244204
0.245496
0.24674
0.247938
0.249091
0.250198
0.251255
0.252282
0.253407
0.25459
0.255759
0.256901
0.258008
0.259082
0.260107
0.261087
0.26202
0.262983
0.2639
0.264897
0.265879
0.266801
0.267737
0.268616
0.269436
0.270197
0.270941
0.271706
0.272389
0.272993
0.273709
0.274373
0.274959
0.275457
0.275881
0.276232
0.276647
0.276988
0.277206
0.277292
0.277234
0.277496
0.277591
0.277502
0.277187
0.27678
0.276684
0.276448
0.276027
0.275355
0.274385
0.273239
0.272879
0.272145
0.27091
0.270565
0.270446
0.270132
0.269612
0.268862
0.267991
0.266771
0.265541
0.264968
0.264329
0.264397
0.264342
0.264171
0.263881
0.263477
0.262948
0.262276
0.261452
0.260679
0.260291
0.259854
0.25929
0.258605
0.257798
0.256864
0.255792
0.254569
0.253174
0.251667
0.250402
0.249094
0.247575
0.245838
0.243874
0.241661
0.239162
0.236336
0.233116
0.230699
0.227787
0.225878
0.223617
0.220489
0.216681
0.21196
0.206162
0.198991
0.193677
0.193589
0.189605
0.182538
0.185625
0.186902
0.185203
0.180594
0.172779
0.160716
0.16265
0.164781
0.163341
0.158926
0.151741
0.155767
0.15781
0.15798
0.156004
0.15383
0.156856
0.159168
0.160919
0.162129
0.162801
0.163215
0.164925
0.166298
0.167287
0.168761
0.170335
0.171786
0.173133
0.174382
0.17559
0.176699
0.177776
0.178935
0.180051
0.181215
0.182344
0.183434
0.184483
0.185505
0.186495
0.187458
0.188399
0.189372
0.190419
0.191444
0.192433
0.193392
0.194318
0.195212
0.196071
0.196891
0.197668
0.198418
0.199278
0.200213
0.201146
0.202065
0.20296
0.203831
0.204661
0.205452
0.206201
0.206989
0.20774
0.208583
0.209421
0.210212
0.211029
0.2118
0.212522
0.213194
0.213863
0.214566
0.215204
0.215778
0.216489
0.217164
0.217784
0.218343
0.218858
0.219333
0.219914
0.220441
0.220884
0.221244
0.221539
0.222192
0.222725
0.22315
0.223464
0.223868
0.224525
0.225036
0.225423
0.225681
0.225821
0.226088
0.227156
0.227918
0.228429
0.229956
0.231177
0.231998
0.232549
0.232903
0.233231
0.233391
0.233862
0.2349
0.235928
0.237244
0.238101
0.238647
0.238954
0.239075
0.239031
0.238837
0.238518
0.238305
0.238387
0.238259
0.237903
0.237351
0.236614
0.235694
0.234585
0.233271
0.231729
0.230019
0.228499
0.226872
0.224963
0.222747
0.220184
0.217224
0.213779
0.209739
0.204919
0.200646
0.19587
0.19208
0.188055
0.183123
0.177279
0.170086
0.161095
0.14954
0.138356
0.133794
0.126839
0.117366
0.11909
0.119981
0.118924
0.115882
0.110605
0.102209
0.109183
0.115606
0.118919
0.120133
0.12037
0.131372
0.139633
0.145959
0.150761
0.156938
0.166064
0.172783
0.1781
0.182457
0.186134
0.18969
0.194166
0.197976
0.201288
0.204943
0.208185
0.211022
0.239433
0.240349
0.241202
0.241989
0.242703
0.24336
0.244106
0.244902
0.245677
0.246412
0.247096
0.247725
0.248299
0.248806
0.249236
0.249683
0.250075
0.250535
0.250974
0.251353
0.251712
0.252015
0.252248
0.252413
0.252541
0.252695
0.252764
0.252751
0.25285
0.252903
0.252882
0.252784
0.252624
0.252408
0.252277
0.252095
0.25181
0.251429
0.250978
0.250826
0.250591
0.250237
0.249758
0.249306
0.249203
0.248935
0.248536
0.247994
0.247316
0.246612
0.246892
0.246875
0.246593
0.24725
0.247818
0.247968
0.247825
0.247472
0.247034
0.246444
0.245982
0.246335
0.246562
0.247288
0.247541
0.247466
0.247151
0.246635
0.245947
0.245104
0.244128
0.243228
0.242682
0.241978
0.241054
0.239944
0.238661
0.23721
0.235588
0.233783
0.231769
0.229601
0.227665
0.225673
0.223445
0.220952
0.218161
0.215021
0.211462
0.207354
0.202482
0.198235
0.193535
0.189949
0.186215
0.181695
0.176332
0.169762
0.161486
0.150627
0.139945
0.136108
0.129864
0.121014
0.123424
0.125427
0.125539
0.123706
0.119593
0.112129
0.119583
0.128062
0.133263
0.136126
0.137576
0.14936
0.159443
0.16748
0.17386
0.180815
0.192072
0.200793
0.20796
0.214003
0.219208
0.223916
0.229782
0.234908
0.239447
0.24421
0.248618
0.252553
0.256125
0.259412
0.262489
0.265362
0.268104
0.270842
0.273428
0.275953
0.278307
0.280525
0.282629
0.284625
0.286524
0.288339
0.290084
0.291813
0.293564
0.295224
0.29679
0.298268
0.299662
0.300976
0.30221
0.303363
0.304432
0.305435
0.306512
0.307616
0.308682
0.309688
0.310627
0.311496
0.312296
0.313018
0.313652
0.314296
0.314869
0.315494
0.316082
0.316594
0.31707
0.317474
0.317794
0.318033
0.318223
0.31842
0.31851
0.318501
0.318585
0.318598
0.31851
0.318319
0.318035
0.317657
0.317336
0.316926
0.316377
0.315681
0.314872
0.314308
0.313597
0.312694
0.311549
0.310325
0.309382
0.3083
0.307022
0.305488
0.303637
0.301725
0.300491
0.298879
0.296717
0.295563
0.294505
0.293258
0.291802
0.290142
0.288305
0.286118
0.28406
0.28251
0.280962
0.280045
0.278994
0.277828
0.276552
0.275159
0.273641
0.271984
0.270185
0.268467
0.267138
0.265747
0.264244
0.262629
0.260906
0.259071
0.257114
0.255023
0.252777
0.250437
0.248386
0.246327
0.24409
0.241664
0.239041
0.236204
0.233131
0.229764
0.226025
0.223144
0.219923
0.217747
0.215411
0.212306
0.208538
0.203944
0.198337
0.191378
0.186012
0.187
0.184187
0.178325
0.182676
0.185683
0.18578
0.182997
0.176969
0.166266
0.170441
0.174809
0.175493
0.172977
0.168722
0.174248
0.178139
0.180091
0.179725
0.179407
0.183772
0.187384
0.190348
0.192699
0.194425
0.19604
0.198713
0.201001
0.20283
0.205177
0.207501
0.209668
0.21169
0.213589
0.215389
0.217058
0.218687
0.220341
0.221928
0.22353
0.225053
0.226503
0.227893
0.229217
0.230481
0.231684
0.232843
0.23401
0.235221
0.236378
0.237472
0.238504
0.239477
0.24039
0.24124
0.242024
0.242735
0.243393
0.244144
0.24494
0.245713
0.246446
0.247127
0.247753
0.248324
0.248828
0.249254
0.249704
0.250092
0.250558
0.250993
0.25137
0.251728
0.252027
0.252257
0.252419
0.25255
0.252701
0.252765
0.252752
0.252854
0.252904
0.252879
0.252777
0.252616
0.252395
0.252271
0.252083
0.251794
0.251408
0.250962
0.250818
0.250577
0.250217
0.249732
0.249308
0.249193
0.24892
0.248513
0.247965
0.24728
0.246627
0.246898
0.246868
0.246573
0.247291
0.247834
0.247967
0.240296
0.240425
0.240501
0.240527
0.240499
0.240438
0.240474
0.240563
0.240643
0.240697
0.240719
0.240706
0.24066
0.240573
0.240437
0.240342
0.240215
0.240173
0.240131
0.240052
0.239975
0.239867
0.239716
0.239526
0.239324
0.239169
0.238952
0.238678
0.238527
0.238349
0.238114
0.237821
0.237478
0.237083
0.23677
0.236421
0.235978
0.235433
0.234801
0.234432
0.233982
0.233385
0.232597
0.231697
0.231161
0.230519
0.229734
0.22874
0.227482
0.22598
0.225345
0.224396
0.222963
0.222252
0.221897
0.22139
0.220716
0.219866
0.218877
0.217602
0.216192
0.215563
0.214781
0.214789
0.214701
0.214529
0.214283
0.213955
0.213534
0.213006
0.212351
0.211739
0.21154
0.211352
0.211077
0.210721
0.210281
0.209755
0.209132
0.208399
0.207536
0.206597
0.205935
0.205278
0.20447
0.203496
0.202344
0.200995
0.199426
0.197583
0.195389
0.194113
0.192418
0.191834
0.190945
0.189304
0.187012
0.18392
0.179842
0.174459
0.171155
0.173262
0.171761
0.167233
0.172551
0.176237
0.177093
0.175128
0.169959
0.160348
0.163608
0.167918
0.168647
0.166231
0.161072
0.165179
0.168403
0.169722
0.168788
0.166746
0.170025
0.172524
0.174394
0.175642
0.176271
0.176372
0.177804
0.178865
0.179482
0.18041
0.181453
0.182341
0.183089
0.183712
0.184241
0.184652
0.184982
0.185386
0.185711
0.186078
0.186379
0.186625
0.186825
0.186978
0.187086
0.187154
0.18719
0.187238
0.187353
0.187443
0.187494
0.187508
0.187488
0.187432
0.18734
0.18721
0.187035
0.18683
0.186733
0.186711
0.186698
0.186674
0.186628
0.18656
0.186467
0.186341
0.186171
0.18605
0.185906
0.185857
0.18582
0.185758
0.185709
0.185638
0.185535
0.1854
0.185263
0.185183
0.185055
0.184885
0.184853
0.184811
0.184732
0.184614
0.184471
0.184307
0.184265
0.184199
0.184071
0.183884
0.183686
0.183792
0.183839
0.183806
0.183686
0.183691
0.183985
0.184165
0.184244
0.184214
0.184083
0.184173
0.185
0.185574
0.185925
0.187415
0.18862
0.189457
0.190038
0.190452
0.190798
0.191007
0.191631
0.192756
0.193965
0.195486
0.196583
0.197384
0.19797
0.198376
0.19863
0.198751
0.198775
0.198936
0.199409
0.199704
0.199804
0.199736
0.199513
0.199139
0.198609
0.19791
0.19702
0.195988
0.195182
0.194325
0.19324
0.191899
0.190269
0.188301
0.185928
0.183018
0.179368
0.176175
0.172642
0.169991
0.167323
0.163894
0.159624
0.154154
0.147006
0.137337
0.127113
0.12389
0.118388
0.110492
0.11266
0.114765
0.115053
0.113444
0.109632
0.102513
0.110189
0.118022
0.122718
0.12512
0.127174
0.138393
0.147352
0.154345
0.159717
0.166594
0.176429
0.1839
0.189795
0.194564
0.198474
0.202248
0.206673
0.210364
0.213472
0.216902
0.219838
0.222304
0.224405
0.226227
0.227836
0.22924
0.230559
0.231823
0.232966
0.234034
0.234947
0.235734
0.23642
0.237012
0.237526
0.237969
0.238369
0.23878
0.239221
0.23959
0.239889
0.240124
0.240304
0.240429
0.240504
0.240527
0.240496
0.240436
0.240478
0.240568
0.240646
0.240699
0.240719
0.240704
0.240657
0.240568
0.240429
0.240337
0.240208
0.240172
0.240127
0.240049
0.239971
0.239861
0.239708
0.239516
0.239318
0.23916
0.23894
0.238667
0.23852
0.238339
0.238102
0.237805
0.237461
0.237062
0.236756
0.236402
0.235954
0.235405
0.234775
0.234414
0.233957
0.233353
0.232554
0.231675
0.231132
0.230485
0.229691
0.228687
0.227415
0.22595
0.225309
0.224341
0.222879
0.222239
0.221876
0.221362
0.671328
0.669219
0.667568
0.66547
0.663254
0.660677
0.657649
0.654158
0.650194
0.64574
0.640714
0.635366
0.631227
0.62659
0.620946
0.614817
0.608407
0.60091
0.591976
0.581375
0.570938
0.561083
0.55611
0.554693
0.551134
0.543639
0.532425
0.517246
0.496242
0.480859
0.471695
0.472282
0.476513
0.479165
0.48093
0.485689
0.487915
0.483443
0.477511
0.485435
0.491394
0.508289
0.519932
0.527896
0.534048
0.538275
0.545349
0.552029
0.559448
0.566656
0.574366
0.581661
0.58799
0.594254
0.600085
0.605546
0.610762
0.616044
0.621212
0.626248
0.631084
0.635648
0.639978
0.644183
0.648353
0.652393
0.656289
0.66019
0.66415
0.668038
0.671802
0.675481
0.679056
0.682521
0.685895
0.689199
0.692446
0.695644
0.699003
0.70224
0.705465
0.708608
0.711648
0.714598
0.717463
0.720258
0.722958
0.725646
0.728533
0.73138
0.734106
0.73675
0.739337
0.74184
0.744226
0.74649
0.748712
0.750904
0.753173
0.755416
0.757667
0.759806
0.761849
0.763799
0.765595
0.767374
0.769077
0.770735
0.772339
0.773875
0.775308
0.77663
0.777775
0.778803
0.779715
0.780626
0.781322
0.782087
0.782591
0.782788
0.782825
0.782584
0.782204
0.781431
0.781117
0.780729
0.780248
0.7794
0.778013
0.776146
0.773644
0.770487
0.766594
0.76364
0.763117
0.762418
0.761417
0.759983
0.75809
0.755762
0.753125
0.749872
0.745795
0.742443
0.741787
0.740927
0.739788
0.738394
0.736707
0.734713
0.732379
0.729871
0.727218
0.724383
0.722856
0.720925
0.718882
0.716515
0.713772
0.71065
0.707142
0.703248
0.698898
0.694578
0.69456
0.693691
0.691445
0.688509
0.685179
0.680911
0.67555
0.669055
0.662009
0.657962
0.668409
0.683153
0.691975
0.695513
0.694862
0.690443
0.681746
0.673137
0.664478
0.663466
0.664098
0.659458
0.650055
0.641558
0.629191
0.609632
0.589614
0.586153
0.580271
0.574322
0.565379
0.553363
0.537536
0.517026
0.506726
0.496166
0.494933
0.496513
0.497777
0.498684
0.498929
0.499796
0.500229
0.499937
0.498942
0.500388
0.503346
0.506182
0.508876
0.511416
0.513803
0.516172
0.518716
0.521178
0.523491
0.525901
0.528692
0.531446
0.534133
0.536775
0.539348
0.541846
0.544264
0.546658
0.549034
0.551377
0.553969
0.556478
0.559
0.561461
0.563847
0.566157
0.568394
0.570572
0.572662
0.574792
0.57713
0.579472
0.581718
0.583904
0.586054
0.588129
0.590108
0.59198
0.593847
0.595705
0.597647
0.599575
0.601569
0.603477
0.605326
0.607115
0.608778
0.610485
0.612158
0.613853
0.615548
0.617296
0.619038
0.620702
0.622221
0.623785
0.625309
0.626837
0.628228
0.630413
0.63228
0.633842
0.636035
0.638487
0.640617
0.642467
0.644369
0.646036
0.649455
0.652644
0.654985
0.656787
0.658102
0.65984
0.662223
0.664333
0.666334
0.669121
0.671843
0.673793
0.675147
0.676065
0.676689
0.676942
0.676832
0.67713
0.677821
0.678243
0.678238
0.677885
0.67718
0.676134
0.67475
0.673114
0.671232
0.669152
0.667479
0.665361
0.663143
0.66054
0.657491
0.653976
0.64999
0.645518
0.640462
0.635145
0.631033
0.626347
0.620656
0.614524
0.608075
0.600511
0.591518
0.58083
0.570455
0.560838
0.556177
0.554487
0.550876
0.543168
0.531807
0.516373
0.495087
0.480484
0.471202
0.472736
0.476458
0.479499
0.480741
0.485952
0.487851
0.483054
0.47793
0.485757
0.492017
0.508927
0.52039
0.528185
0.534335
0.53839
0.545716
0.552297
0.559806
0.566974
0.574734
0.581978
0.588267
0.594549
0.600355
0.605809
0.671328
0.669219
0.667568
0.66547
0.663254
0.660677
0.657649
0.654158
0.650194
0.64574
0.640714
0.635366
0.631227
0.62659
0.620946
0.614817
0.608407
0.60091
0.591976
0.581375
0.570938
0.561083
0.55611
0.554693
0.551134
0.543639
0.532425
0.517246
0.496242
0.480859
0.471695
0.472282
0.476513
0.479165
0.48093
0.485689
0.487915
0.483443
0.477511
0.485435
0.491394
0.508289
0.519932
0.527896
0.534048
0.538275
0.545349
0.552029
0.559448
0.566656
0.574366
0.581661
0.58799
0.594254
0.600085
0.605546
0.610762
0.616044
0.621212
0.626248
0.631084
0.635648
0.639978
0.644183
0.648353
0.652393
0.656289
0.66019
0.66415
0.668038
0.671802
0.675481
0.679056
0.682521
0.685895
0.689199
0.692446
0.695644
0.699003
0.70224
0.705465
0.708608
0.711648
0.714598
0.717463
0.720258
0.722958
0.725646
0.728533
0.73138
0.734106
0.73675
0.739337
0.74184
0.744226
0.74649
0.748712
0.750904
0.753173
0.755416
0.757667
0.759806
0.761849
0.763799
0.765595
0.767374
0.769077
0.770735
0.772339
0.773875
0.775308
0.77663
0.777775
0.778803
0.779715
0.780626
0.781322
0.782087
0.782591
0.782788
0.782825
0.782584
0.782204
0.781431
0.781117
0.780729
0.780248
0.7794
0.778013
0.776146
0.773644
0.770487
0.766594
0.76364
0.763117
0.762418
0.761417
0.759983
0.75809
0.755762
0.753125
0.749872
0.745795
0.742443
0.741787
0.740927
0.739788
0.738394
0.736707
0.734713
0.732379
0.729871
0.727218
0.724383
0.722856
0.720925
0.718882
0.716515
0.713772
0.71065
0.707142
0.703248
0.698898
0.694578
0.69456
0.693691
0.691445
0.688509
0.685179
0.680911
0.67555
0.669055
0.662009
0.657962
0.668409
0.683153
0.691975
0.695513
0.694862
0.690443
0.681746
0.673137
0.664478
0.663466
0.664098
0.659458
0.650055
0.641558
0.629191
0.609632
0.589614
0.586153
0.580271
0.574322
0.565379
0.553363
0.537536
0.517026
0.506726
0.496166
0.494933
0.496513
0.497777
0.498684
0.498929
0.499796
0.500229
0.499937
0.498942
0.500388
0.503346
0.506182
0.508876
0.511416
0.513803
0.516172
0.518716
0.521178
0.523491
0.525901
0.528692
0.531446
0.534133
0.536775
0.539348
0.541846
0.544264
0.546658
0.549034
0.551377
0.553969
0.556478
0.559
0.561461
0.563847
0.566157
0.568394
0.570572
0.572662
0.574792
0.57713
0.579472
0.581718
0.583904
0.586054
0.588129
0.590108
0.59198
0.593847
0.595705
0.597647
0.599575
0.601569
0.603477
0.605326
0.607115
0.608778
0.610485
0.612158
0.613853
0.615548
0.617296
0.619038
0.620702
0.622221
0.623785
0.625309
0.626837
0.628228
0.630413
0.63228
0.633842
0.636035
0.638487
0.640617
0.642467
0.644369
0.646036
0.649455
0.652644
0.654985
0.656787
0.658102
0.65984
0.662223
0.664333
0.666334
0.669121
0.671843
0.673793
0.675147
0.676065
0.676689
0.676942
0.676832
0.67713
0.677821
0.678243
0.678238
0.677885
0.67718
0.676134
0.67475
0.673114
0.671232
0.669152
0.667479
0.665361
0.663143
0.66054
0.657491
0.653976
0.64999
0.645518
0.640462
0.635145
0.631033
0.626347
0.620656
0.614524
0.608075
0.600511
0.591518
0.58083
0.570455
0.560838
0.556177
0.554487
0.550876
0.543168
0.531807
0.516373
0.495087
0.480484
0.471202
0.472736
0.476458
0.479499
0.480741
0.485952
0.487851
0.483054
0.47793
0.485757
0.492017
0.508927
0.52039
0.528185
0.534335
0.53839
0.545716
0.552297
0.559806
0.566974
0.574734
0.581978
0.588267
0.594549
0.600355
0.605809
0.239433
0.240349
0.241202
0.241989
0.242703
0.24336
0.244106
0.244902
0.245677
0.246412
0.247096
0.247725
0.248299
0.248806
0.249236
0.249683
0.250075
0.250535
0.250974
0.251353
0.251712
0.252015
0.252248
0.252413
0.252541
0.252695
0.252764
0.252751
0.25285
0.252903
0.252882
0.252784
0.252624
0.252408
0.252277
0.252095
0.25181
0.251429
0.250978
0.250826
0.250591
0.250237
0.249758
0.249306
0.249203
0.248935
0.248536
0.247994
0.247316
0.246612
0.246892
0.246875
0.246593
0.24725
0.247818
0.247968
0.247825
0.247472
0.247034
0.246444
0.245982
0.246335
0.246562
0.247288
0.247541
0.247466
0.247151
0.246635
0.245947
0.245104
0.244128
0.243228
0.242682
0.241978
0.241054
0.239944
0.238661
0.23721
0.235588
0.233783
0.231769
0.229601
0.227665
0.225673
0.223445
0.220952
0.218161
0.215021
0.211462
0.207354
0.202482
0.198235
0.193535
0.189949
0.186215
0.181695
0.176332
0.169762
0.161486
0.150627
0.139945
0.136108
0.129864
0.121014
0.123424
0.125427
0.125539
0.123706
0.119593
0.112129
0.119583
0.128062
0.133263
0.136126
0.137576
0.14936
0.159443
0.16748
0.17386
0.180815
0.192072
0.200793
0.20796
0.214003
0.219208
0.223916
0.229782
0.234908
0.239447
0.24421
0.248618
0.252553
0.256125
0.259412
0.262489
0.265362
0.268104
0.270842
0.273428
0.275953
0.278307
0.280525
0.282629
0.284625
0.286524
0.288339
0.290084
0.291813
0.293564
0.295224
0.29679
0.298268
0.299662
0.300976
0.30221
0.303363
0.304432
0.305435
0.306512
0.307616
0.308682
0.309688
0.310627
0.311496
0.312296
0.313018
0.313652
0.314296
0.314869
0.315494
0.316082
0.316594
0.31707
0.317474
0.317794
0.318033
0.318223
0.31842
0.31851
0.318501
0.318585
0.318598
0.31851
0.318319
0.318035
0.317657
0.317336
0.316926
0.316377
0.315681
0.314872
0.314308
0.313597
0.312694
0.311549
0.310325
0.309382
0.3083
0.307022
0.305488
0.303637
0.301725
0.300491
0.298879
0.296717
0.295563
0.294505
0.293258
0.291802
0.290142
0.288305
0.286118
0.28406
0.28251
0.280962
0.280045
0.278994
0.277828
0.276552
0.275159
0.273641
0.271984
0.270185
0.268467
0.267138
0.265747
0.264244
0.262629
0.260906
0.259071
0.257114
0.255023
0.252777
0.250437
0.248386
0.246327
0.24409
0.241664
0.239041
0.236204
0.233131
0.229764
0.226025
0.223144
0.219923
0.217747
0.215411
0.212306
0.208538
0.203944
0.198337
0.191378
0.186012
0.187
0.184187
0.178325
0.182676
0.185683
0.18578
0.182997
0.176969
0.166266
0.170441
0.174809
0.175493
0.172977
0.168722
0.174248
0.178139
0.180091
0.179725
0.179407
0.183772
0.187384
0.190348
0.192699
0.194425
0.19604
0.198713
0.201001
0.20283
0.205177
0.207501
0.209668
0.21169
0.213589
0.215389
0.217058
0.218687
0.220341
0.221928
0.22353
0.225053
0.226503
0.227893
0.229217
0.230481
0.231684
0.232843
0.23401
0.235221
0.236378
0.237472
0.238504
0.239477
0.24039
0.24124
0.242024
0.242735
0.243393
0.244144
0.24494
0.245713
0.246446
0.247127
0.247753
0.248324
0.248828
0.249254
0.249704
0.250092
0.250558
0.250993
0.25137
0.251728
0.252027
0.252257
0.252419
0.25255
0.252701
0.252765
0.252752
0.252854
0.252904
0.252879
0.252777
0.252616
0.252395
0.252271
0.252083
0.251794
0.251408
0.250962
0.250818
0.250577
0.250217
0.249732
0.249308
0.249193
0.24892
0.248513
0.247965
0.24728
0.246627
0.246898
0.246868
0.246573
0.247291
0.247834
0.247967
0.240296
0.240425
0.240501
0.240527
0.240499
0.240438
0.240474
0.240563
0.240643
0.240697
0.240719
0.240706
0.24066
0.240573
0.240437
0.240342
0.240215
0.240173
0.240131
0.240052
0.239975
0.239867
0.239716
0.239526
0.239324
0.239169
0.238952
0.238678
0.238527
0.238349
0.238114
0.237821
0.237478
0.237083
0.23677
0.236421
0.235978
0.235433
0.234801
0.234432
0.233982
0.233385
0.232597
0.231697
0.231161
0.230519
0.229734
0.22874
0.227482
0.22598
0.225345
0.224396
0.222963
0.222252
0.221897
0.22139
0.220716
0.219866
0.218877
0.217602
0.216192
0.215563
0.214781
0.214789
0.214701
0.214529
0.214283
0.213955
0.213534
0.213006
0.212351
0.211739
0.21154
0.211352
0.211077
0.210721
0.210281
0.209755
0.209132
0.208399
0.207536
0.206597
0.205935
0.205278
0.20447
0.203496
0.202344
0.200995
0.199426
0.197583
0.195389
0.194113
0.192418
0.191834
0.190945
0.189304
0.187012
0.18392
0.179842
0.174459
0.171155
0.173262
0.171761
0.167233
0.172551
0.176237
0.177093
0.175128
0.169959
0.160348
0.163608
0.167918
0.168647
0.166231
0.161072
0.165179
0.168403
0.169722
0.168788
0.166746
0.170025
0.172524
0.174394
0.175642
0.176271
0.176372
0.177804
0.178865
0.179482
0.18041
0.181453
0.182341
0.183089
0.183712
0.184241
0.184652
0.184982
0.185386
0.185711
0.186078
0.186379
0.186625
0.186825
0.186978
0.187086
0.187154
0.18719
0.187238
0.187353
0.187443
0.187494
0.187508
0.187488
0.187432
0.18734
0.18721
0.187035
0.18683
0.186733
0.186711
0.186698
0.186674
0.186628
0.18656
0.186467
0.186341
0.186171
0.18605
0.185906
0.185857
0.18582
0.185758
0.185709
0.185638
0.185535
0.1854
0.185263
0.185183
0.185055
0.184885
0.184853
0.184811
0.184732
0.184614
0.184471
0.184307
0.184265
0.184199
0.184071
0.183884
0.183686
0.183792
0.183839
0.183806
0.183686
0.183691
0.183985
0.184165
0.184244
0.184214
0.184083
0.184173
0.185
0.185574
0.185925
0.187415
0.18862
0.189457
0.190038
0.190452
0.190798
0.191007
0.191631
0.192756
0.193965
0.195486
0.196583
0.197384
0.19797
0.198376
0.19863
0.198751
0.198775
0.198936
0.199409
0.199704
0.199804
0.199736
0.199513
0.199139
0.198609
0.19791
0.19702
0.195988
0.195182
0.194325
0.19324
0.191899
0.190269
0.188301
0.185928
0.183018
0.179368
0.176175
0.172642
0.169991
0.167323
0.163894
0.159624
0.154154
0.147006
0.137337
0.127113
0.12389
0.118388
0.110492
0.11266
0.114765
0.115053
0.113444
0.109632
0.102513
0.110189
0.118022
0.122718
0.12512
0.127174
0.138393
0.147352
0.154345
0.159717
0.166594
0.176429
0.1839
0.189795
0.194564
0.198474
0.202248
0.206673
0.210364
0.213472
0.216902
0.219838
0.222304
0.224405
0.226227
0.227836
0.22924
0.230559
0.231823
0.232966
0.234034
0.234947
0.235734
0.23642
0.237012
0.237526
0.237969
0.238369
0.23878
0.239221
0.23959
0.239889
0.240124
0.240304
0.240429
0.240504
0.240527
0.240496
0.240436
0.240478
0.240568
0.240646
0.240699
0.240719
0.240704
0.240657
0.240568
0.240429
0.240337
0.240208
0.240172
0.240127
0.240049
0.239971
0.239861
0.239708
0.239516
0.239318
0.23916
0.23894
0.238667
0.23852
0.238339
0.238102
0.237805
0.237461
0.237062
0.236756
0.236402
0.235954
0.235405
0.234775
0.234414
0.233957
0.233353
0.232554
0.231675
0.231132
0.230485
0.229691
0.228687
0.227415
0.22595
0.225309
0.224341
0.222879
0.222239
0.221876
0.221362
