1.94082
1.94094
1.94104
1.94113
1.94121
1.94128
1.94133
1.94137
1.9414
1.94142
1.94143
1.94142
1.9414
1.94137
1.94133
1.94127
1.9412
1.94112
1.94103
1.94093
1.94081
1.94068
1.94054
1.94039
1.94023
1.94005
1.93986
1.93966
1.93945
1.93923
1.93899
1.93875
1.93849
1.93822
1.93794
1.93765
1.93734
1.93703
1.9367
1.93636
1.93601
1.93565
1.93528
1.9349
1.93451
1.93411
1.93369
1.93327
1.93284
1.93239
1.93194
1.93147
1.93099
1.93051
1.93001
1.92951
1.92899
1.92847
1.92793
1.92739
1.92684
1.92627
1.9257
1.92512
1.92453
1.92394
1.92333
1.92271
1.92209
1.92146
1.92082
1.92017
1.91951
1.91885
1.91818
1.9175
1.91681
1.91611
1.91541
1.9147
1.91399
1.91327
1.91254
1.9118
1.91106
1.91031
1.90955
1.90879
1.90803
1.90725
1.90648
1.90569
1.9049
1.90411
1.90331
1.90251
1.9017
1.90088
1.90007
1.89924
1.89842
1.89759
1.89675
1.89592
1.89507
1.89423
1.89338
1.89253
1.89168
1.89082
1.88996
1.8891
1.88823
1.88737
1.8865
1.88563
1.88475
1.88388
1.883
1.88213
1.88125
1.88037
1.87949
1.87861
1.87773
1.87685
1.87597
1.87509
1.87421
1.87333
1.87245
1.87157
1.87069
1.86982
1.86894
1.86807
1.86719
1.86632
1.86545
1.86458
1.86372
1.86285
1.86199
1.86113
1.86028
1.85942
1.85857
1.85773
1.85688
1.85604
1.85521
1.85437
1.85354
1.85272
1.8519
1.85108
1.85027
1.84946
1.84866
1.84787
1.84707
1.84629
1.84551
1.84473
1.84396
1.8432
1.84244
1.84169
1.84094
1.8402
1.83947
1.83874
1.83802
1.83731
1.83661
1.83591
1.83522
1.83453
1.83386
1.83319
1.83253
1.83188
1.83124
1.8306
1.82997
1.82935
1.82874
1.82814
1.82755
1.82697
1.82639
1.82583
1.82527
1.82473
1.82419
1.82366
1.82314
1.82264
1.82214
1.82165
1.82117
1.82071
1.82025
1.8198
1.81937
1.81894
1.81853
1.81812
1.81773
1.81735
1.81697
1.81661
1.81626
1.81593
1.8156
1.81528
1.81498
1.81469
1.81441
1.81414
1.81388
1.81363
1.8134
1.81318
1.81297
1.81277
1.81258
1.81241
1.81224
1.81209
1.81196
1.81183
1.81172
1.81161
1.81152
1.81145
1.81138
1.81133
1.81129
1.81126
1.81125
1.81124
1.81125
1.81128
1.81131
1.81136
1.81142
1.81149
1.81157
1.81167
1.81178
1.8119
1.81203
1.81218
1.81233
1.8125
1.81269
1.81288
1.81309
1.81331
1.81354
1.81378
1.81404
1.8143
1.81458
1.81487
1.81518
1.81549
1.81582
1.81616
1.81651
1.81687
1.81724
1.81763
1.81802
1.81843
1.81885
1.81928
1.81972
1.82017
1.82063
1.82111
1.82159
1.82209
1.82259
1.82311
1.82363
1.82417
1.82472
1.82528
1.82584
1.82642
1.82701
1.8276
1.82821
1.82882
1.82945
1.83008
1.83072
1.83137
1.83204
1.8327
1.83338
1.83407
1.83476
1.83546
1.83617
1.83689
1.83762
1.83835
1.83909
1.83984
1.8406
1.84136
1.84213
1.84291
1.84369
1.84448
1.84527
1.84608
1.84688
1.8477
1.84851
1.84934
1.85017
1.851
1.85184
1.85269
1.85354
1.85439
1.85525
1.85611
1.85698
1.85785
1.85872
1.8596
1.86048
1.86136
1.86225
1.86314
1.86403
1.86492
1.86582
1.86672
1.86762
1.86852
1.86942
1.87033
1.87123
1.87214
1.87305
1.87395
1.87486
1.87577
1.87668
1.87759
1.8785
1.87941
1.88032
1.88122
1.94082
1.94094
1.94104
1.94113
1.94121
1.94128
1.94133
1.94137
1.9414
1.94142
1.94143
1.94142
1.9414
1.94137
1.94133
1.94127
1.9412
1.94112
1.94103
1.94093
1.94081
1.94068
1.94054
1.94039
1.94023
1.94005
1.93986
1.93966
1.93945
1.93923
1.93899
1.93875
1.93849
1.93822
1.93794
1.93765
1.93734
1.93703
1.9367
1.93636
1.93601
1.93565
1.93528
1.9349
1.93451
1.93411
1.93369
1.93327
1.93284
1.93239
1.93194
1.93147
1.93099
1.93051
1.93001
1.92951
1.92899
1.92847
1.92793
1.92739
1.92684
1.92627
1.9257
1.92512
1.92453
1.92394
1.92333
1.92271
1.92209
1.92146
1.92082
1.92017
1.91951
1.91885
1.91818
1.9175
1.91681
1.91611
1.91541
1.9147
1.91399
1.91327
1.91254
1.9118
1.91106
1.91031
1.90955
1.90879
1.90803
1.90725
1.90648
1.90569
1.9049
1.90411
1.90331
1.90251
1.9017
1.90088
1.90007
1.89924
1.89842
1.89759
1.89675
1.89592
1.89507
1.89423
1.89338
1.89253
1.89168
1.89082
1.88996
1.8891
1.88823
1.88737
1.8865
1.88563
1.88475
1.88388
1.883
1.88213
1.88125
1.88037
1.87949
1.87861
1.87773
1.87685
1.87597
1.87509
1.87421
1.87333
1.87245
1.87157
1.87069
1.86982
1.86894
1.86807
1.86719
1.86632
1.86545
1.86458
1.86372
1.86285
1.86199
1.86113
1.86028
1.85942
1.85857
1.85773
1.85688
1.85604
1.85521
1.85437
1.85354
1.85272
1.8519
1.85108
1.85027
1.84946
1.84866
1.84787
1.84707
1.84629
1.84551
1.84473
1.84396
1.8432
1.84244
1.84169
1.84094
1.8402
1.83947
1.83874
1.83802
1.83731
1.83661
1.83591
1.83522
1.83453
1.83386
1.83319
1.83253
1.83188
1.83124
1.8306
1.82997
1.82935
1.82874
1.82814
1.82755
1.82697
1.82639
1.82583
1.82527
1.82473
1.82419
1.82366
1.82314
1.82264
1.82214
1.82165
1.82117
1.82071
1.82025
1.8198
1.81937
1.81894
1.81853
1.81812
1.81773
1.81735
1.81697
1.81661
1.81626
1.81593
1.8156
1.81528
1.81498
1.81469
1.81441
1.81414
1.81388
1.81363
1.8134
1.81318
1.81297
1.81277
1.81258
1.81241
1.81224
1.81209
1.81196
1.81183
1.81172
1.81161
1.81152
1.81145
1.81138
1.81133
1.81129
1.81126
1.81125
1.81124
1.81125
1.81128
1.81131
1.81136
1.81142
1.81149
1.81157
1.81167
1.81178
1.8119
1.81203
1.81218
1.81233
1.8125
1.81269
1.81288
1.81309
1.81331
1.81354
1.81378
1.81404
1.8143
1.81458
1.81487
1.81518
1.81549
1.81582
1.81616
1.81651
1.81687
1.81724
1.81763
1.81802
1.81843
1.81885
1.81928
1.81972
1.82017
1.82063
1.82111
1.82159
1.82209
1.82259
1.82311
1.82363
1.82417
1.82472
1.82528
1.82584
1.82642
1.82701
1.8276
1.82821
1.82882
1.82945
1.83008
1.83072
1.83137
1.83204
1.8327
1.83338
1.83407
1.83476
1.83546
1.83617
1.83689
1.83762
1.83835
1.83909
1.83984
1.8406
1.84136
1.84213
1.84291
1.84369
1.84448
1.84527
1.84608
1.84688
1.8477
1.84851
1.84934
1.85017
1.851
1.85184
1.85269
1.85354
1.85439
1.85525
1.85611
1.85698
1.85785
1.85872
1.8596
1.86048
1.86136
1.86225
1.86314
1.86403
1.86492
1.86582
1.86672
1.86762
1.86852
1.86942
1.87033
1.87123
1.87214
1.87305
1.87395
1.87486
1.87577
1.87668
1.87759
1.8785
1.87941
1.88032
1.88122
0.1933
0.193534
0.193691
0.193769
0.193763
0.193664
0.193459
0.193126
0.192751
0.192597
0.192645
0.192776
0.193006
0.193256
0.193463
0.193649
0.193828
0.193952
0.194019
0.194028
0.193971
0.193844
0.193697
0.193525
0.193264
0.193129
0.193091
0.192997
0.192846
0.192821
0.192927
0.192993
0.193014
0.192986
0.192916
0.192915
0.192958
0.193031
0.193048
0.19301
0.192914
0.192806
0.192833
0.192832
0.192827
0.192799
0.192726
0.192609
0.192516
0.192475
0.192387
0.192313
0.192195
0.192035
0.191836
0.191596
0.191316
0.191022
0.190842
0.190671
0.190465
0.190224
0.189949
0.189638
0.18929
0.188931
0.188545
0.188159
0.187792
0.18739
0.186955
0.186494
0.186037
0.185557
0.185106
0.184676
0.184209
0.183707
0.183166
0.182621
0.182112
0.181617
0.181092
0.180528
0.179928
0.179297
0.17869
0.178179
0.177632
0.177043
0.176504
0.176369
0.176148
0.175905
0.175962
0.175913
0.175771
0.175548
0.175246
0.174874
0.174463
0.174019
0.173522
0.17301
0.172541
0.17212
0.172213
0.173751
0.176303
0.178642
0.180642
0.182355
0.183827
0.185089
0.186165
0.187077
0.187842
0.188472
0.18898
0.189373
0.189658
0.189839
0.190168
0.190931
0.191922
0.193099
0.19413
0.195125
0.195972
0.196702
0.197337
0.197856
0.198263
0.198568
0.198775
0.198893
0.198931
0.198912
0.198794
0.198609
0.198426
0.198147
0.197778
0.197355
0.196968
0.196499
0.19594
0.195289
0.194542
0.193764
0.19296
0.192087
0.191102
0.19
0.188768
0.187412
0.186197
0.184876
0.183459
0.181942
0.180277
0.178451
0.176685
0.1752
0.173487
0.171743
0.16988
0.167813
0.16551
0.16293
0.160002
0.156634
0.154838
0.153623
0.152269
0.150755
0.14905
0.147091
0.144726
0.142245
0.140012
0.13812
0.13741
0.13658
0.135582
0.134384
0.132953
0.131241
0.130062
0.130101
0.130064
0.129938
0.129685
0.129318
0.129213
0.12925
0.129351
0.129389
0.129364
0.129277
0.129209
0.1296
0.129989
0.130306
0.130562
0.131143
0.131688
0.132156
0.132655
0.1331
0.133488
0.133825
0.13411
0.134347
0.134543
0.134715
0.134872
0.134997
0.135223
0.135497
0.136046
0.136773
0.137601
0.138375
0.139068
0.139686
0.140235
0.14072
0.141145
0.141512
0.141824
0.142083
0.142292
0.14245
0.14256
0.142621
0.142666
0.142808
0.143146
0.143699
0.144279
0.144925
0.145532
0.146106
0.146641
0.147118
0.147531
0.147888
0.148202
0.148456
0.148655
0.148927
0.14912
0.14925
0.149644
0.14998
0.15024
0.150455
0.150868
0.151279
0.151624
0.151904
0.152119
0.152345
0.15263
0.152954
0.15324
0.153462
0.153621
0.153715
0.15391
0.154134
0.154351
0.154544
0.154688
0.154786
0.154847
0.154987
0.155106
0.155202
0.155282
0.155319
0.155315
0.15527
0.155186
0.155064
0.154978
0.15499
0.154972
0.154919
0.154829
0.154702
0.154536
0.154335
0.154123
0.153876
0.153657
0.15342
0.153144
0.152828
0.152478
0.152112
0.151729
0.151407
0.151043
0.150633
0.15017
0.14964
0.149129
0.148597
0.148073
0.147491
0.146846
0.146135
0.145357
0.144647
0.143882
0.143007
0.14198
0.141254
0.140521
0.139613
0.138819
0.138067
0.137235
0.136324
0.135327
0.134221
0.132992
0.131636
0.130154
0.128469
0.126624
0.124482
0.122469
0.120827
0.120187
0.120068
0.119891
0.119658
0.119368
0.11902
0.118611
0.118138
0.117594
0.116973
0.116262
0.115443
0.114489
0.113349
0.112004
0.110926
0.110356
0.110115
0.10991
0.109793
0.10967
0.109536
0.109401
0.10925
0.136298
0.136994
0.137641
0.138243
0.138799
0.139311
0.13978
0.140207
0.140674
0.141373
0.142233
0.143126
0.144077
0.145011
0.145876
0.146698
0.1475
0.148239
0.148917
0.149541
0.150112
0.150645
0.151201
0.151715
0.152151
0.152733
0.153368
0.153914
0.154386
0.154964
0.155643
0.15626
0.156812
0.1573
0.157732
0.158226
0.158775
0.159329
0.159812
0.160235
0.160601
0.160961
0.161441
0.161882
0.162307
0.162704
0.16305
0.163349
0.163664
0.164025
0.164337
0.164654
0.16492
0.165139
0.165315
0.165448
0.165537
0.165608
0.165783
0.165954
0.16608
0.16616
0.166194
0.166181
0.16612
0.166037
0.165913
0.165775
0.165637
0.165447
0.165204
0.164912
0.164601
0.164241
0.16388
0.163508
0.163068
0.162558
0.161973
0.161348
0.160721
0.160067
0.159338
0.158521
0.15761
0.156606
0.155553
0.154512
0.153345
0.152033
0.150654
0.149594
0.148383
0.147064
0.146008
0.144843
0.143559
0.142148
0.140593
0.13888
0.137021
0.134993
0.132749
0.130292
0.12764
0.124751
0.122064
0.120624
0.12035
0.120187
0.119954
0.119652
0.11928
0.118837
0.118318
0.11772
0.117034
0.116254
0.115369
0.114365
0.113225
0.111929
0.110715
0.109966
0.109583
0.109539
0.109498
0.109552
0.109581
0.109599
0.109621
0.109616
0.109579
0.109515
0.109422
0.109304
0.109169
0.109038
0.108874
0.108704
0.108595
0.108453
0.108282
0.108117
0.108044
0.107946
0.107818
0.107659
0.107469
0.107313
0.107211
0.107107
0.106962
0.106781
0.106567
0.106339
0.106324
0.106249
0.106141
0.106011
0.105832
0.105606
0.10557
0.105908
0.106167
0.10654
0.106765
0.106871
0.106888
0.106828
0.106698
0.106503
0.108125
0.110013
0.111547
0.112801
0.113825
0.114652
0.115305
0.116305
0.117174
0.118251
0.120346
0.122187
0.123791
0.125183
0.126397
0.127477
0.129285
0.131971
0.134216
0.136109
0.137707
0.139163
0.140614
0.14195
0.143182
0.144222
0.145093
0.145807
0.146455
0.14747
0.148409
0.149215
0.149906
0.150852
0.151704
0.152434
0.153149
0.153765
0.154285
0.154714
0.155054
0.155304
0.15547
0.155566
0.155599
0.155549
0.155544
0.155538
0.155762
0.156148
0.156654
0.157138
0.157568
0.157947
0.158272
0.158545
0.158763
0.158925
0.159029
0.159072
0.15905
0.15896
0.158795
0.158548
0.158248
0.158017
0.157995
0.158217
0.158514
0.158917
0.159321
0.159727
0.160122
0.160481
0.160794
0.161065
0.161298
0.161475
0.161596
0.161795
0.16193
0.162013
0.162377
0.16272
0.163022
0.163308
0.163815
0.164351
0.164849
0.165308
0.165727
0.166178
0.166707
0.167298
0.167859
0.168376
0.168852
0.169286
0.169838
0.170428
0.171021
0.171602
0.172145
0.172653
0.173136
0.173705
0.174266
0.174822
0.175359
0.175859
0.176326
0.176761
0.177166
0.177543
0.177966
0.178485
0.178977
0.179438
0.179867
0.180264
0.18063
0.180972
0.181304
0.181602
0.181931
0.182249
0.182535
0.18279
0.183021
0.183248
0.183474
0.183765
0.184017
0.184229
0.184403
0.184539
0.184705
0.184843
0.184999
0.185118
0.185199
0.185244
0.18526
0.185383
0.185504
0.185585
0.185621
0.18603
0.186417
0.1867
0.18717
0.187544
0.187789
0.187949
0.188048
0.188081
0.188057
0.187991
0.187917
0.187794
0.187717
0.187645
0.188108
0.189448
0.191744
0.193947
0.195637
0.196984
0.198081
0.198981
0.199724
0.200331
0.20082
0.201204
0.201491
0.201689
0.201802
0.201835
0.201865
0.202225
0.202916
0.203717
0.204378
0.204984
0.205466
0.205838
0.206118
0.206301
0.420071
0.417751
0.416288
0.414702
0.41299
0.411354
0.40994
0.408433
0.406757
0.404897
0.40284
0.400564
0.398048
0.39526
0.392172
0.389334
0.386607
0.385483
0.385237
0.385524
0.386059
0.386487
0.38682
0.387046
0.387165
0.387741
0.388344
0.38882
0.389207
0.389691
0.390141
0.390616
0.390937
0.391502
0.392139
0.394125
0.396975
0.399941
0.403934
0.408871
0.413568
0.418029
0.422279
0.426468
0.430834
0.435153
0.43926
0.445038
0.45043
0.45543
0.460063
0.465529
0.471319
0.476728
0.481832
0.486681
0.49134
0.495774
0.501023
0.507224
0.512855
0.518112
0.52293
0.528456
0.534384
0.539794
0.544767
0.549457
0.553789
0.557758
0.56142
0.56481
0.568326
0.571967
0.575244
0.578232
0.58094
0.583433
0.585699
0.587768
0.589744
0.591525
0.593082
0.594405
0.595605
0.596715
0.597783
0.598689
0.599415
0.599978
0.600416
0.600688
0.600795
0.600764
0.600569
0.600278
0.60003
0.599754
0.599406
0.598892
0.598638
0.598287
0.597808
0.5972
0.596465
0.5956
0.594606
0.593481
0.592263
0.591081
0.589845
0.588471
0.586946
0.585475
0.584349
0.583345
0.582471
0.581491
0.580406
0.579232
0.578001
0.576689
0.575261
0.573718
0.572055
0.570268
0.568349
0.566293
0.56409
0.562178
0.560324
0.558774
0.557838
0.556926
0.555975
0.554931
0.553803
0.552582
0.551261
0.549849
0.548339
0.546708
0.544948
0.543328
0.54171
0.540071
0.538306
0.536569
0.534919
0.533452
0.532083
0.531113
0.530237
0.529405
0.528545
0.527629
0.526686
0.525807
0.524908
0.524007
0.523038
0.522042
0.521149
0.520309
0.519406
0.518487
0.517643
0.516746
0.515866
0.514997
0.514257
0.513745
0.513292
0.512942
0.512635
0.512423
0.512204
0.511983
0.511876
0.511723
0.511525
0.511541
0.511552
0.511521
0.511463
0.511396
0.511414
0.511522
0.511569
0.511593
0.511591
0.511719
0.512089
0.513163
0.514482
0.51605
0.518389
0.520551
0.522575
0.524489
0.526749
0.529198
0.531422
0.533447
0.535357
0.537105
0.538703
0.540179
0.541529
0.542763
0.543934
0.545964
0.550044
0.554256
0.559866
0.564967
0.569556
0.57369
0.577436
0.580829
0.583904
0.58669
0.589213
0.59156
0.593733
0.595695
0.597449
0.599058
0.602073
0.604869
0.607576
0.609998
0.612159
0.61412
0.615971
0.617715
0.619269
0.620648
0.621859
0.62291
0.623807
0.624556
0.625159
0.625769
0.626359
0.626852
0.627438
0.627927
0.628341
0.628635
0.628831
0.628929
0.628915
0.628833
0.628743
0.628539
0.628219
0.627935
0.627635
0.627233
0.626715
0.626084
0.625378
0.624582
0.623711
0.622833
0.621854
0.620923
0.619866
0.61868
0.617347
0.616075
0.614783
0.61336
0.611774
0.610025
0.608115
0.606034
0.603736
0.601226
0.59883
0.596187
0.59338
0.590383
0.587175
0.584264
0.581228
0.57821
0.57511
0.571689
0.567914
0.563742
0.559505
0.554813
0.549561
0.54389
0.53864
0.533879
0.528448
0.524451
0.520479
0.516338
0.51187
0.507075
0.501936
0.49726
0.492271
0.487425
0.484098
0.480801
0.477339
0.473412
0.469592
0.466958
0.464754
0.462461
0.459925
0.457145
0.454371
0.451445
0.448268
0.444841
0.441158
0.437192
0.435746
0.435627
0.43617
0.436741
0.43747
0.438289
0.438976
0.439538
0.439979
0.440305
0.440518
0.440621
0.440616
0.441022
0.441775
0.442508
0.443154
0.443725
0.444883
0.446234
0.4479
0.449528
0.451048
0.452475
0.453868
0.455259
0.456567
0.457792
0.458939
0.460011
0.461009
0.461935
0.46279
0.463815
0.465199
0.466469
0.420071
0.417751
0.416288
0.414702
0.41299
0.411354
0.40994
0.408433
0.406757
0.404897
0.40284
0.400564
0.398048
0.39526
0.392172
0.389334
0.386607
0.385483
0.385237
0.385524
0.386059
0.386487
0.38682
0.387046
0.387165
0.387741
0.388344
0.38882
0.389207
0.389691
0.390141
0.390616
0.390937
0.391502
0.392139
0.394125
0.396975
0.399941
0.403934
0.408871
0.413568
0.418029
0.422279
0.426468
0.430834
0.435153
0.43926
0.445038
0.45043
0.45543
0.460063
0.465529
0.471319
0.476728
0.481832
0.486681
0.49134
0.495774
0.501023
0.507224
0.512855
0.518112
0.52293
0.528456
0.534384
0.539794
0.544767
0.549457
0.553789
0.557758
0.56142
0.56481
0.568326
0.571967
0.575244
0.578232
0.58094
0.583433
0.585699
0.587768
0.589744
0.591525
0.593082
0.594405
0.595605
0.596715
0.597783
0.598689
0.599415
0.599978
0.600416
0.600688
0.600795
0.600764
0.600569
0.600278
0.60003
0.599754
0.599406
0.598892
0.598638
0.598287
0.597808
0.5972
0.596465
0.5956
0.594606
0.593481
0.592263
0.591081
0.589845
0.588471
0.586946
0.585475
0.584349
0.583345
0.582471
0.581491
0.580406
0.579232
0.578001
0.576689
0.575261
0.573718
0.572055
0.570268
0.568349
0.566293
0.56409
0.562178
0.560324
0.558774
0.557838
0.556926
0.555975
0.554931
0.553803
0.552582
0.551261
0.549849
0.548339
0.546708
0.544948
0.543328
0.54171
0.540071
0.538306
0.536569
0.534919
0.533452
0.532083
0.531113
0.530237
0.529405
0.528545
0.527629
0.526686
0.525807
0.524908
0.524007
0.523038
0.522042
0.521149
0.520309
0.519406
0.518487
0.517643
0.516746
0.515866
0.514997
0.514257
0.513745
0.513292
0.512942
0.512635
0.512423
0.512204
0.511983
0.511876
0.511723
0.511525
0.511541
0.511552
0.511521
0.511463
0.511396
0.511414
0.511522
0.511569
0.511593
0.511591
0.511719
0.512089
0.513163
0.514482
0.51605
0.518389
0.520551
0.522575
0.524489
0.526749
0.529198
0.531422
0.533447
0.535357
0.537105
0.538703
0.540179
0.541529
0.542763
0.543934
0.545964
0.550044
0.554256
0.559866
0.564967
0.569556
0.57369
0.577436
0.580829
0.583904
0.58669
0.589213
0.59156
0.593733
0.595695
0.597449
0.599058
0.602073
0.604869
0.607576
0.609998
0.612159
0.61412
0.615971
0.617715
0.619269
0.620648
0.621859
0.62291
0.623807
0.624556
0.625159
0.625769
0.626359
0.626852
0.627438
0.627927
0.628341
0.628635
0.628831
0.628929
0.628915
0.628833
0.628743
0.628539
0.628219
0.627935
0.627635
0.627233
0.626715
0.626084
0.625378
0.624582
0.623711
0.622833
0.621854
0.620923
0.619866
0.61868
0.617347
0.616075
0.614783
0.61336
0.611774
0.610025
0.608115
0.606034
0.603736
0.601226
0.59883
0.596187
0.59338
0.590383
0.587175
0.584264
0.581228
0.57821
0.57511
0.571689
0.567914
0.563742
0.559505
0.554813
0.549561
0.54389
0.53864
0.533879
0.528448
0.524451
0.520479
0.516338
0.51187
0.507075
0.501936
0.49726
0.492271
0.487425
0.484098
0.480801
0.477339
0.473412
0.469592
0.466958
0.464754
0.462461
0.459925
0.457145
0.454371
0.451445
0.448268
0.444841
0.441158
0.437192
0.435746
0.435627
0.43617
0.436741
0.43747
0.438289
0.438976
0.439538
0.439979
0.440305
0.440518
0.440621
0.440616
0.441022
0.441775
0.442508
0.443154
0.443725
0.444883
0.446234
0.4479
0.449528
0.451048
0.452475
0.453868
0.455259
0.456567
0.457792
0.458939
0.460011
0.461009
0.461935
0.46279
0.463815
0.465199
0.466469
0.1933
0.193534
0.193691
0.193769
0.193763
0.193664
0.193459
0.193126
0.192751
0.192597
0.192645
0.192776
0.193006
0.193256
0.193463
0.193649
0.193828
0.193952
0.194019
0.194028
0.193971
0.193844
0.193697
0.193525
0.193264
0.193129
0.193091
0.192997
0.192846
0.192821
0.192927
0.192993
0.193014
0.192986
0.192916
0.192915
0.192958
0.193031
0.193048
0.19301
0.192914
0.192806
0.192833
0.192832
0.192827
0.192799
0.192726
0.192609
0.192516
0.192475
0.192387
0.192313
0.192195
0.192035
0.191836
0.191596
0.191316
0.191022
0.190842
0.190671
0.190465
0.190224
0.189949
0.189638
0.18929
0.188931
0.188545
0.188159
0.187792
0.18739
0.186955
0.186494
0.186037
0.185557
0.185106
0.184676
0.184209
0.183707
0.183166
0.182621
0.182112
0.181617
0.181092
0.180528
0.179928
0.179297
0.17869
0.178179
0.177632
0.177043
0.176504
0.176369
0.176148
0.175905
0.175962
0.175913
0.175771
0.175548
0.175246
0.174874
0.174463
0.174019
0.173522
0.17301
0.172541
0.17212
0.172213
0.173751
0.176303
0.178642
0.180642
0.182355
0.183827
0.185089
0.186165
0.187077
0.187842
0.188472
0.18898
0.189373
0.189658
0.189839
0.190168
0.190931
0.191922
0.193099
0.19413
0.195125
0.195972
0.196702
0.197337
0.197856
0.198263
0.198568
0.198775
0.198893
0.198931
0.198912
0.198794
0.198609
0.198426
0.198147
0.197778
0.197355
0.196968
0.196499
0.19594
0.195289
0.194542
0.193764
0.19296
0.192087
0.191102
0.19
0.188768
0.187412
0.186197
0.184876
0.183459
0.181942
0.180277
0.178451
0.176685
0.1752
0.173487
0.171743
0.16988
0.167813
0.16551
0.16293
0.160002
0.156634
0.154838
0.153623
0.152269
0.150755
0.14905
0.147091
0.144726
0.142245
0.140012
0.13812
0.13741
0.13658
0.135582
0.134384
0.132953
0.131241
0.130062
0.130101
0.130064
0.129938
0.129685
0.129318
0.129213
0.12925
0.129351
0.129389
0.129364
0.129277
0.129209
0.1296
0.129989
0.130306
0.130562
0.131143
0.131688
0.132156
0.132655
0.1331
0.133488
0.133825
0.13411
0.134347
0.134543
0.134715
0.134872
0.134997
0.135223
0.135497
0.136046
0.136773
0.137601
0.138375
0.139068
0.139686
0.140235
0.14072
0.141145
0.141512
0.141824
0.142083
0.142292
0.14245
0.14256
0.142621
0.142666
0.142808
0.143146
0.143699
0.144279
0.144925
0.145532
0.146106
0.146641
0.147118
0.147531
0.147888
0.148202
0.148456
0.148655
0.148927
0.14912
0.14925
0.149644
0.14998
0.15024
0.150455
0.150868
0.151279
0.151624
0.151904
0.152119
0.152345
0.15263
0.152954
0.15324
0.153462
0.153621
0.153715
0.15391
0.154134
0.154351
0.154544
0.154688
0.154786
0.154847
0.154987
0.155106
0.155202
0.155282
0.155319
0.155315
0.15527
0.155186
0.155064
0.154978
0.15499
0.154972
0.154919
0.154829
0.154702
0.154536
0.154335
0.154123
0.153876
0.153657
0.15342
0.153144
0.152828
0.152478
0.152112
0.151729
0.151407
0.151043
0.150633
0.15017
0.14964
0.149129
0.148597
0.148073
0.147491
0.146846
0.146135
0.145357
0.144647
0.143882
0.143007
0.14198
0.141254
0.140521
0.139613
0.138819
0.138067
0.137235
0.136324
0.135327
0.134221
0.132992
0.131636
0.130154
0.128469
0.126624
0.124482
0.122469
0.120827
0.120187
0.120068
0.119891
0.119658
0.119368
0.11902
0.118611
0.118138
0.117594
0.116973
0.116262
0.115443
0.114489
0.113349
0.112004
0.110926
0.110356
0.110115
0.10991
0.109793
0.10967
0.109536
0.109401
0.10925
0.136298
0.136994
0.137641
0.138243
0.138799
0.139311
0.13978
0.140207
0.140674
0.141373
0.142233
0.143126
0.144077
0.145011
0.145876
0.146698
0.1475
0.148239
0.148917
0.149541
0.150112
0.150645
0.151201
0.151715
0.152151
0.152733
0.153368
0.153914
0.154386
0.154964
0.155643
0.15626
0.156812
0.1573
0.157732
0.158226
0.158775
0.159329
0.159812
0.160235
0.160601
0.160961
0.161441
0.161882
0.162307
0.162704
0.16305
0.163349
0.163664
0.164025
0.164337
0.164654
0.16492
0.165139
0.165315
0.165448
0.165537
0.165608
0.165783
0.165954
0.16608
0.16616
0.166194
0.166181
0.16612
0.166037
0.165913
0.165775
0.165637
0.165447
0.165204
0.164912
0.164601
0.164241
0.16388
0.163508
0.163068
0.162558
0.161973
0.161348
0.160721
0.160067
0.159338
0.158521
0.15761
0.156606
0.155553
0.154512
0.153345
0.152033
0.150654
0.149594
0.148383
0.147064
0.146008
0.144843
0.143559
0.142148
0.140593
0.13888
0.137021
0.134993
0.132749
0.130292
0.12764
0.124751
0.122064
0.120624
0.12035
0.120187
0.119954
0.119652
0.11928
0.118837
0.118318
0.11772
0.117034
0.116254
0.115369
0.114365
0.113225
0.111929
0.110715
0.109966
0.109583
0.109539
0.109498
0.109552
0.109581
0.109599
0.109621
0.109616
0.109579
0.109515
0.109422
0.109304
0.109169
0.109038
0.108874
0.108704
0.108595
0.108453
0.108282
0.108117
0.108044
0.107946
0.107818
0.107659
0.107469
0.107313
0.107211
0.107107
0.106962
0.106781
0.106567
0.106339
0.106324
0.106249
0.106141
0.106011
0.105832
0.105606
0.10557
0.105908
0.106167
0.10654
0.106765
0.106871
0.106888
0.106828
0.106698
0.106503
0.108125
0.110013
0.111547
0.112801
0.113825
0.114652
0.115305
0.116305
0.117174
0.118251
0.120346
0.122187
0.123791
0.125183
0.126397
0.127477
0.129285
0.131971
0.134216
0.136109
0.137707
0.139163
0.140614
0.14195
0.143182
0.144222
0.145093
0.145807
0.146455
0.14747
0.148409
0.149215
0.149906
0.150852
0.151704
0.152434
0.153149
0.153765
0.154285
0.154714
0.155054
0.155304
0.15547
0.155566
0.155599
0.155549
0.155544
0.155538
0.155762
0.156148
0.156654
0.157138
0.157568
0.157947
0.158272
0.158545
0.158763
0.158925
0.159029
0.159072
0.15905
0.15896
0.158795
0.158548
0.158248
0.158017
0.157995
0.158217
0.158514
0.158917
0.159321
0.159727
0.160122
0.160481
0.160794
0.161065
0.161298
0.161475
0.161596
0.161795
0.16193
0.162013
0.162377
0.16272
0.163022
0.163308
0.163815
0.164351
0.164849
0.165308
0.165727
0.166178
0.166707
0.167298
0.167859
0.168376
0.168852
0.169286
0.169838
0.170428
0.171021
0.171602
0.172145
0.172653
0.173136
0.173705
0.174266
0.174822
0.175359
0.175859
0.176326
0.176761
0.177166
0.177543
0.177966
0.178485
0.178977
0.179438
0.179867
0.180264
0.18063
0.180972
0.181304
0.181602
0.181931
0.182249
0.182535
0.18279
0.183021
0.183248
0.183474
0.183765
0.184017
0.184229
0.184403
0.184539
0.184705
0.184843
0.184999
0.185118
0.185199
0.185244
0.18526
0.185383
0.185504
0.185585
0.185621
0.18603
0.186417
0.1867
0.18717
0.187544
0.187789
0.187949
0.188048
0.188081
0.188057
0.187991
0.187917
0.187794
0.187717
0.187645
0.188108
0.189448
0.191744
0.193947
0.195637
0.196984
0.198081
0.198981
0.199724
0.200331
0.20082
0.201204
0.201491
0.201689
0.201802
0.201835
0.201865
0.202225
0.202916
0.203717
0.204378
0.204984
0.205466
0.205838
0.206118
0.206301
0.109857
0.109345
0.108752
0.10807
0.107283
0.106377
0.105322
0.104086
0.102915
0.10204
0.101575
0.101225
0.101092
0.100978
0.100879
0.100819
0.100746
0.100646
0.100531
0.100406
0.100256
0.100074
0.0998797
0.099687
0.0994801
0.0992766
0.0990944
0.0989251
0.0987855
0.0986268
0.0984447
0.0982885
0.098137
0.0980125
0.0978617
0.0976815
0.0974928
0.0973165
0.0971612
0.0969819
0.0968233
0.0968266
0.0968145
0.0967636
0.0966644
0.0965196
0.0963872
0.0966881
0.0970545
0.0973478
0.0977156
0.0981987
0.0985583
0.0988147
0.0989807
0.0991191
0.0993514
0.100998
0.103101
0.104925
0.106533
0.10798
0.109222
0.110286
0.111239
0.113129
0.115833
0.118548
0.12092
0.123127
0.125114
0.126866
0.128402
0.130421
0.133498
0.13628
0.138789
0.140993
0.142965
0.145085
0.147021
0.148669
0.150064
0.151374
0.152578
0.153779
0.154858
0.155763
0.156756
0.157719
0.158643
0.159534
0.160436
0.161222
0.161957
0.162583
0.1631
0.163515
0.163832
0.164046
0.164159
0.16419
0.16413
0.163968
0.163741
0.163428
0.163178
0.163142
0.16337
0.163604
0.163778
0.163893
0.163949
0.163946
0.163882
0.163756
0.163567
0.163311
0.162985
0.162582
0.162097
0.161521
0.16089
0.160312
0.159889
0.159542
0.159404
0.159325
0.159231
0.159205
0.159161
0.159071
0.15894
0.158777
0.158561
0.158281
0.157951
0.157676
0.157351
0.157012
0.156766
0.156621
0.156519
0.156397
0.156226
0.156173
0.156171
0.156213
0.156232
0.156204
0.156144
0.156139
0.156169
0.156172
0.156164
0.15621
0.156266
0.156373
0.156448
0.156489
0.156498
0.156538
0.156581
0.15659
0.15662
0.156692
0.15675
0.156786
0.156795
0.156783
0.156767
0.156746
0.156727
0.156711
0.156689
0.15668
0.15665
0.1566
0.156533
0.156465
0.156408
0.156334
0.156235
0.156148
0.156062
0.155952
0.155818
0.15567
0.155549
0.155429
0.155331
0.15522
0.155086
0.154975
0.154873
0.154736
0.154566
0.154387
0.154223
0.154085
0.153962
0.153803
0.153655
0.153526
0.153646
0.153864
0.154063
0.154305
0.154744
0.155075
0.155303
0.155449
0.155532
0.15555
0.155509
0.155442
0.155386
0.155285
0.155361
0.155739
0.156666
0.158698
0.161515
0.163916
0.165954
0.167697
0.169195
0.17049
0.171608
0.172571
0.173397
0.1741
0.174692
0.175179
0.17557
0.17587
0.17654
0.177782
0.179139
0.18037
0.181449
0.182406
0.183217
0.183927
0.184534
0.185027
0.185414
0.185717
0.185928
0.186048
0.186099
0.186087
0.185988
0.185855
0.185652
0.185391
0.185085
0.184719
0.184257
0.183736
0.183176
0.182573
0.181895
0.181112
0.18022
0.179245
0.178226
0.177103
0.175871
0.17455
0.17312
0.171745
0.170285
0.168682
0.166929
0.16504
0.162999
0.160743
0.158538
0.156519
0.154537
0.152359
0.14996
0.147318
0.144466
0.141296
0.137741
0.135328
0.133569
0.131796
0.129822
0.127581
0.125003
0.121982
0.119863
0.117632
0.115173
0.11332
0.112262
0.111029
0.109593
0.107926
0.106083
0.104676
0.104535
0.104313
0.104015
0.103743
0.103708
0.103744
0.103722
0.103682
0.103674
0.103775
0.104032
0.104214
0.104435
0.104767
0.105206
0.105689
0.106227
0.106733
0.107258
0.107747
0.108184
0.10858
0.10896
0.109305
0.109613
0.109916
0.110325
0.110722
0.111213
0.111904
0.112659
0.113525
0.114419
0.115263
0.116033
0.116736
0.11738
0.117967
0.118504
0.118992
0.119435
0.119834
0.120191
0.120507
0.120784
0.121022
0.121321
0.121914
0.12274
0.123611
0.124411
0.125176
0.125873
0.126528
0.127158
0.127734
0.109857
0.109345
0.108752
0.10807
0.107283
0.106377
0.105322
0.104086
0.102915
0.10204
0.101575
0.101225
0.101092
0.100978
0.100879
0.100819
0.100746
0.100646
0.100531
0.100406
0.100256
0.100074
0.0998797
0.099687
0.0994801
0.0992766
0.0990944
0.0989251
0.0987855
0.0986268
0.0984447
0.0982885
0.098137
0.0980125
0.0978617
0.0976815
0.0974928
0.0973165
0.0971612
0.0969819
0.0968233
0.0968266
0.0968145
0.0967636
0.0966644
0.0965196
0.0963872
0.0966881
0.0970545
0.0973478
0.0977156
0.0981987
0.0985583
0.0988147
0.0989807
0.0991191
0.0993514
0.100998
0.103101
0.104925
0.106533
0.10798
0.109222
0.110286
0.111239
0.113129
0.115833
0.118548
0.12092
0.123127
0.125114
0.126866
0.128402
0.130421
0.133498
0.13628
0.138789
0.140993
0.142965
0.145085
0.147021
0.148669
0.150064
0.151374
0.152578
0.153779
0.154858
0.155763
0.156756
0.157719
0.158643
0.159534
0.160436
0.161222
0.161957
0.162583
0.1631
0.163515
0.163832
0.164046
0.164159
0.16419
0.16413
0.163968
0.163741
0.163428
0.163178
0.163142
0.16337
0.163604
0.163778
0.163893
0.163949
0.163946
0.163882
0.163756
0.163567
0.163311
0.162985
0.162582
0.162097
0.161521
0.16089
0.160312
0.159889
0.159542
0.159404
0.159325
0.159231
0.159205
0.159161
0.159071
0.15894
0.158777
0.158561
0.158281
0.157951
0.157676
0.157351
0.157012
0.156766
0.156621
0.156519
0.156397
0.156226
0.156173
0.156171
0.156213
0.156232
0.156204
0.156144
0.156139
0.156169
0.156172
0.156164
0.15621
0.156266
0.156373
0.156448
0.156489
0.156498
0.156538
0.156581
0.15659
0.15662
0.156692
0.15675
0.156786
0.156795
0.156783
0.156767
0.156746
0.156727
0.156711
0.156689
0.15668
0.15665
0.1566
0.156533
0.156465
0.156408
0.156334
0.156235
0.156148
0.156062
0.155952
0.155818
0.15567
0.155549
0.155429
0.155331
0.15522
0.155086
0.154975
0.154873
0.154736
0.154566
0.154387
0.154223
0.154085
0.153962
0.153803
0.153655
0.153526
0.153646
0.153864
0.154063
0.154305
0.154744
0.155075
0.155303
0.155449
0.155532
0.15555
0.155509
0.155442
0.155386
0.155285
0.155361
0.155739
0.156666
0.158698
0.161515
0.163916
0.165954
0.167697
0.169195
0.17049
0.171608
0.172571
0.173397
0.1741
0.174692
0.175179
0.17557
0.17587
0.17654
0.177782
0.179139
0.18037
0.181449
0.182406
0.183217
0.183927
0.184534
0.185027
0.185414
0.185717
0.185928
0.186048
0.186099
0.186087
0.185988
0.185855
0.185652
0.185391
0.185085
0.184719
0.184257
0.183736
0.183176
0.182573
0.181895
0.181112
0.18022
0.179245
0.178226
0.177103
0.175871
0.17455
0.17312
0.171745
0.170285
0.168682
0.166929
0.16504
0.162999
0.160743
0.158538
0.156519
0.154537
0.152359
0.14996
0.147318
0.144466
0.141296
0.137741
0.135328
0.133569
0.131796
0.129822
0.127581
0.125003
0.121982
0.119863
0.117632
0.115173
0.11332
0.112262
0.111029
0.109593
0.107926
0.106083
0.104676
0.104535
0.104313
0.104015
0.103743
0.103708
0.103744
0.103722
0.103682
0.103674
0.103775
0.104032
0.104214
0.104435
0.104767
0.105206
0.105689
0.106227
0.106733
0.107258
0.107747
0.108184
0.10858
0.10896
0.109305
0.109613
0.109916
0.110325
0.110722
0.111213
0.111904
0.112659
0.113525
0.114419
0.115263
0.116033
0.116736
0.11738
0.117967
0.118504
0.118992
0.119435
0.119834
0.120191
0.120507
0.120784
0.121022
0.121321
0.121914
0.12274
0.123611
0.124411
0.125176
0.125873
0.126528
0.127158
0.127734
0.1933
0.193534
0.193691
0.193769
0.193763
0.193664
0.193459
0.193126
0.192751
0.192597
0.192645
0.192776
0.193006
0.193256
0.193463
0.193649
0.193828
0.193952
0.194019
0.194028
0.193971
0.193844
0.193697
0.193525
0.193264
0.193129
0.193091
0.192997
0.192846
0.192821
0.192927
0.192993
0.193014
0.192986
0.192916
0.192915
0.192958
0.193031
0.193048
0.19301
0.192914
0.192806
0.192833
0.192832
0.192827
0.192799
0.192726
0.192609
0.192516
0.192475
0.192387
0.192313
0.192195
0.192035
0.191836
0.191596
0.191316
0.191022
0.190842
0.190671
0.190465
0.190224
0.189949
0.189638
0.18929
0.188931
0.188545
0.188159
0.187792
0.18739
0.186955
0.186494
0.186037
0.185557
0.185106
0.184676
0.184209
0.183707
0.183166
0.182621
0.182112
0.181617
0.181092
0.180528
0.179928
0.179297
0.17869
0.178179
0.177632
0.177043
0.176504
0.176369
0.176148
0.175905
0.175962
0.175913
0.175771
0.175548
0.175246
0.174874
0.174463
0.174019
0.173522
0.17301
0.172541
0.17212
0.172213
0.173751
0.176303
0.178642
0.180642
0.182355
0.183827
0.185089
0.186165
0.187077
0.187842
0.188472
0.18898
0.189373
0.189658
0.189839
0.190168
0.190931
0.191922
0.193099
0.19413
0.195125
0.195972
0.196702
0.197337
0.197856
0.198263
0.198568
0.198775
0.198893
0.198931
0.198912
0.198794
0.198609
0.198426
0.198147
0.197778
0.197355
0.196968
0.196499
0.19594
0.195289
0.194542
0.193764
0.19296
0.192087
0.191102
0.19
0.188768
0.187412
0.186197
0.184876
0.183459
0.181942
0.180277
0.178451
0.176685
0.1752
0.173487
0.171743
0.16988
0.167813
0.16551
0.16293
0.160002
0.156634
0.154838
0.153623
0.152269
0.150755
0.14905
0.147091
0.144726
0.142245
0.140012
0.13812
0.13741
0.13658
0.135582
0.134384
0.132953
0.131241
0.130062
0.130101
0.130064
0.129938
0.129685
0.129318
0.129213
0.12925
0.129351
0.129389
0.129364
0.129277
0.129209
0.1296
0.129989
0.130306
0.130562
0.131143
0.131688
0.132156
0.132655
0.1331
0.133488
0.133825
0.13411
0.134347
0.134543
0.134715
0.134872
0.134997
0.135223
0.135497
0.136046
0.136773
0.137601
0.138375
0.139068
0.139686
0.140235
0.14072
0.141145
0.141512
0.141824
0.142083
0.142292
0.14245
0.14256
0.142621
0.142666
0.142808
0.143146
0.143699
0.144279
0.144925
0.145532
0.146106
0.146641
0.147118
0.147531
0.147888
0.148202
0.148456
0.148655
0.148927
0.14912
0.14925
0.149644
0.14998
0.15024
0.150455
0.150868
0.151279
0.151624
0.151904
0.152119
0.152345
0.15263
0.152954
0.15324
0.153462
0.153621
0.153715
0.15391
0.154134
0.154351
0.154544
0.154688
0.154786
0.154847
0.154987
0.155106
0.155202
0.155282
0.155319
0.155315
0.15527
0.155186
0.155064
0.154978
0.15499
0.154972
0.154919
0.154829
0.154702
0.154536
0.154335
0.154123
0.153876
0.153657
0.15342
0.153144
0.152828
0.152478
0.152112
0.151729
0.151407
0.151043
0.150633
0.15017
0.14964
0.149129
0.148597
0.148073
0.147491
0.146846
0.146135
0.145357
0.144647
0.143882
0.143007
0.14198
0.141254
0.140521
0.139613
0.138819
0.138067
0.137235
0.136324
0.135327
0.134221
0.132992
0.131636
0.130154
0.128469
0.126624
0.124482
0.122469
0.120827
0.120187
0.120068
0.119891
0.119658
0.119368
0.11902
0.118611
0.118138
0.117594
0.116973
0.116262
0.115443
0.114489
0.113349
0.112004
0.110926
0.110356
0.110115
0.10991
0.109793
0.10967
0.109536
0.109401
0.10925
0.136298
0.136994
0.137641
0.138243
0.138799
0.139311
0.13978
0.140207
0.140674
0.141373
0.142233
0.143126
0.144077
0.145011
0.145876
0.146698
0.1475
0.148239
0.148917
0.149541
0.150112
0.150645
0.151201
0.151715
0.152151
0.152733
0.153368
0.153914
0.154386
0.154964
0.155643
0.15626
0.156812
0.1573
0.157732
0.158226
0.158775
0.159329
0.159812
0.160235
0.160601
0.160961
0.161441
0.161882
0.162307
0.162704
0.16305
0.163349
0.163664
0.164025
0.164337
0.164654
0.16492
0.165139
0.165315
0.165448
0.165537
0.165608
0.165783
0.165954
0.16608
0.16616
0.166194
0.166181
0.16612
0.166037
0.165913
0.165775
0.165637
0.165447
0.165204
0.164912
0.164601
0.164241
0.16388
0.163508
0.163068
0.162558
0.161973
0.161348
0.160721
0.160067
0.159338
0.158521
0.15761
0.156606
0.155553
0.154512
0.153345
0.152033
0.150654
0.149594
0.148383
0.147064
0.146008
0.144843
0.143559
0.142148
0.140593
0.13888
0.137021
0.134993
0.132749
0.130292
0.12764
0.124751
0.122064
0.120624
0.12035
0.120187
0.119954
0.119652
0.11928
0.118837
0.118318
0.11772
0.117034
0.116254
0.115369
0.114365
0.113225
0.111929
0.110715
0.109966
0.109583
0.109539
0.109498
0.109552
0.109581
0.109599
0.109621
0.109616
0.109579
0.109515
0.109422
0.109304
0.109169
0.109038
0.108874
0.108704
0.108595
0.108453
0.108282
0.108117
0.108044
0.107946
0.107818
0.107659
0.107469
0.107313
0.107211
0.107107
0.106962
0.106781
0.106567
0.106339
0.106324
0.106249
0.106141
0.106011
0.105832
0.105606
0.10557
0.105908
0.106167
0.10654
0.106765
0.106871
0.106888
0.106828
0.106698
0.106503
0.108125
0.110013
0.111547
0.112801
0.113825
0.114652
0.115305
0.116305
0.117174
0.118251
0.120346
0.122187
0.123791
0.125183
0.126397
0.127477
0.129285
0.131971
0.134216
0.136109
0.137707
0.139163
0.140614
0.14195
0.143182
0.144222
0.145093
0.145807
0.146455
0.14747
0.148409
0.149215
0.149906
0.150852
0.151704
0.152434
0.153149
0.153765
0.154285
0.154714
0.155054
0.155304
0.15547
0.155566
0.155599
0.155549
0.155544
0.155538
0.155762
0.156148
0.156654
0.157138
0.157568
0.157947
0.158272
0.158545
0.158763
0.158925
0.159029
0.159072
0.15905
0.15896
0.158795
0.158548
0.158248
0.158017
0.157995
0.158217
0.158514
0.158917
0.159321
0.159727
0.160122
0.160481
0.160794
0.161065
0.161298
0.161475
0.161596
0.161795
0.16193
0.162013
0.162377
0.16272
0.163022
0.163308
0.163815
0.164351
0.164849
0.165308
0.165727
0.166178
0.166707
0.167298
0.167859
0.168376
0.168852
0.169286
0.169838
0.170428
0.171021
0.171602
0.172145
0.172653
0.173136
0.173705
0.174266
0.174822
0.175359
0.175859
0.176326
0.176761
0.177166
0.177543
0.177966
0.178485
0.178977
0.179438
0.179867
0.180264
0.18063
0.180972
0.181304
0.181602
0.181931
0.182249
0.182535
0.18279
0.183021
0.183248
0.183474
0.183765
0.184017
0.184229
0.184403
0.184539
0.184705
0.184843
0.184999
0.185118
0.185199
0.185244
0.18526
0.185383
0.185504
0.185585
0.185621
0.18603
0.186417
0.1867
0.18717
0.187544
0.187789
0.187949
0.188048
0.188081
0.188057
0.187991
0.187917
0.187794
0.187717
0.187645
0.188108
0.189448
0.191744
0.193947
0.195637
0.196984
0.198081
0.198981
0.199724
0.200331
0.20082
0.201204
0.201491
0.201689
0.201802
0.201835
0.201865
0.202225
0.202916
0.203717
0.204378
0.204984
0.205466
0.205838
0.206118
0.206301
-0.0435654
-0.0430774
-0.042887
-0.0428214
-0.042754
-0.0426728
-0.0425706
-0.0425016
-0.0424514
-0.0423824
-0.0422946
-0.0421878
-0.0420615
-0.0419509
-0.0418428
-0.0417225
-0.04159
-0.0414784
-0.0413933
-0.0412883
-0.041164
-0.0410205
-0.04086
-0.0406922
-0.0405125
-0.0403191
-0.040145
-0.0399548
-0.0397756
-0.0396158
-0.0394436
-0.0392475
-0.0390412
-0.0388204
-0.0385998
-0.0384029
-0.0381907
-0.0379556
-0.0376972
-0.037415
-0.0371174
-0.0368824
-0.03664
-0.0363794
-0.0361003
-0.0358596
-0.0356043
-0.0353393
-0.0350536
-0.0347455
-0.0344498
-0.0341761
-0.0339001
-0.033704
-0.0334764
-0.0332159
-0.0330548
-0.032947
-0.0327766
-0.0325501
-0.0323225
-0.0321031
-0.0318334
-0.0315146
-0.0312003
-0.0309781
-0.0307757
-0.0310934
-0.0314285
-0.0316556
-0.0321228
-0.0328674
-0.0336904
-0.0344101
-0.034985
-0.0354719
-0.0361825
-0.0371699
-0.0380222
-0.03875
-0.0393616
-0.0398649
-0.04033
-0.0411871
-0.0421662
-0.0432885
-0.0442695
-0.0451254
-0.0459542
-0.0467907
-0.0475253
-0.0488132
-0.0500829
-0.0517645
-0.0533705
-0.0548365
-0.0561657
-0.0573648
-0.0584391
-0.059452
-0.060493
-0.0615515
-0.0626493
-0.0636808
-0.0648191
-0.0658709
-0.0668402
-0.0677303
-0.0685442
-0.0693364
-0.0702442
-0.0710819
-0.0718448
-0.0725494
-0.0731803
-0.0737389
-0.0742829
-0.0748415
-0.0753536
-0.0758162
-0.0762237
-0.0766735
-0.0772602
-0.0778027
-0.0783
-0.0787525
-0.0791597
-0.0795266
-0.0798569
-0.0801388
-0.0803874
-0.0806223
-0.0809377
-0.0812414
-0.0815148
-0.0817585
-0.0819728
-0.0821677
-0.0823578
-0.0825365
-0.0827179
-0.0828862
-0.0830395
-0.0831962
-0.0833307
-0.0834301
-0.0835304
-0.0836275
-0.0837512
-0.0838792
-0.0839966
-0.0840931
-0.0841693
-0.0842255
-0.0842626
-0.0843116
-0.0843602
-0.0844061
-0.084429
-0.0844719
-0.0845026
-0.0845358
-0.0845586
-0.0845628
-0.0845643
-0.0845857
-0.0846119
-0.0846677
-0.0847077
-0.0847274
-0.084736
-0.0847501
-0.0847427
-0.084714
-0.0846725
-0.0846394
-0.0845873
-0.084515
-0.0844403
-0.0844021
-0.0843655
-0.0843333
-0.0842955
-0.0842386
-0.0841827
-0.0841272
-0.0840774
-0.0840452
-0.083992
-0.0839302
-0.0838712
-0.0838254
-0.0837593
-0.0836725
-0.0835646
-0.083436
-0.083303
-0.0831836
-0.0830706
-0.0829885
-0.082894
-0.0827737
-0.0826565
-0.0825631
-0.0824547
-0.082342
-0.0822285
-0.0821054
-0.0819692
-0.081816
-0.0816395
-0.081439
-0.0812131
-0.0810464
-0.0811467
-0.0812329
-0.0812575
-0.081226
-0.0811657
-0.0810575
-0.0809029
-0.0807051
-0.0804664
-0.0801986
-0.080026
-0.0798516
-0.0796341
-0.079379
-0.0790923
-0.0798245
-0.0806735
-0.081312
-0.0817673
-0.0820754
-0.0822416
-0.0822916
-0.0822787
-0.0821676
-0.0819616
-0.0816661
-0.0812854
-0.0808741
-0.0809329
-0.0809832
-0.0811271
-0.0812838
-0.0815218
-0.081613
-0.0815621
-0.0813776
-0.0810655
-0.0806314
-0.0801107
-0.0795373
-0.0789534
-0.0784292
-0.0778185
-0.0771865
-0.0766014
-0.0759255
-0.0751296
-0.0743717
-0.0735261
-0.0727503
-0.071925
-0.0709643
-0.069858
-0.0685992
-0.0671774
-0.0662059
-0.0652811
-0.0642246
-0.0630166
-0.061921
-0.0611884
-0.0605015
-0.0597486
-0.0588432
-0.0580698
-0.0576038
-0.0570894
-0.0565491
-0.0559317
-0.0552018
-0.054347
-0.053801
-0.0533148
-0.0526791
-0.0518487
-0.0512623
-0.0508828
-0.0504246
-0.049884
-0.0493608
-0.0487544
-0.0487209
-0.0487009
-0.0486507
-0.0485725
-0.048476
-0.0483451
-0.0482326
-0.0480541
-0.0479697
-0.0479847
-0.0480181
-0.0480351
-0.0480346
-0.0480161
-0.0479788
-0.0479315
-0.0479011
-0.0479257
-0.0479497
-0.0479786
-0.0479819
-0.0479718
-0.0479919
-0.048016
-0.048045
-0.0481034
-0.0481686
-0.0482531
-0.0483418
-0.048414
-0.0484703
-0.0485111
-0.0485489
-0.0486636
-0.0487829
-0.048925
-0.049043
-0.0491495
-0.0492411
-0.0493125
-0.0493649
-0.0493988
-0.0494155
-0.0496001
-0.049862
-0.0500974
-0.0503199
-0.0505351
-0.0507809
-0.0510399
-0.0512728
-0.0514761
-0.0516564
-0.0518094
-0.0519404
-0.0522253
-0.0525346
-0.0528183
-0.053077
-0.0533112
-0.0535212
-0.0538991
-0.0542891
-0.054696
-0.0550834
-0.0435654
-0.0430774
-0.042887
-0.0428214
-0.042754
-0.0426728
-0.0425706
-0.0425016
-0.0424514
-0.0423824
-0.0422946
-0.0421878
-0.0420615
-0.0419509
-0.0418428
-0.0417225
-0.04159
-0.0414784
-0.0413933
-0.0412883
-0.041164
-0.0410205
-0.04086
-0.0406922
-0.0405125
-0.0403191
-0.040145
-0.0399548
-0.0397756
-0.0396158
-0.0394436
-0.0392475
-0.0390412
-0.0388204
-0.0385998
-0.0384029
-0.0381907
-0.0379556
-0.0376972
-0.037415
-0.0371174
-0.0368824
-0.03664
-0.0363794
-0.0361003
-0.0358596
-0.0356043
-0.0353393
-0.0350536
-0.0347455
-0.0344498
-0.0341761
-0.0339001
-0.033704
-0.0334764
-0.0332159
-0.0330548
-0.032947
-0.0327766
-0.0325501
-0.0323225
-0.0321031
-0.0318334
-0.0315146
-0.0312003
-0.0309781
-0.0307757
-0.0310934
-0.0314285
-0.0316556
-0.0321228
-0.0328674
-0.0336904
-0.0344101
-0.034985
-0.0354719
-0.0361825
-0.0371699
-0.0380222
-0.03875
-0.0393616
-0.0398649
-0.04033
-0.0411871
-0.0421662
-0.0432885
-0.0442695
-0.0451254
-0.0459542
-0.0467907
-0.0475253
-0.0488132
-0.0500829
-0.0517645
-0.0533705
-0.0548365
-0.0561657
-0.0573648
-0.0584391
-0.059452
-0.060493
-0.0615515
-0.0626493
-0.0636808
-0.0648191
-0.0658709
-0.0668402
-0.0677303
-0.0685442
-0.0693364
-0.0702442
-0.0710819
-0.0718448
-0.0725494
-0.0731803
-0.0737389
-0.0742829
-0.0748415
-0.0753536
-0.0758162
-0.0762237
-0.0766735
-0.0772602
-0.0778027
-0.0783
-0.0787525
-0.0791597
-0.0795266
-0.0798569
-0.0801388
-0.0803874
-0.0806223
-0.0809377
-0.0812414
-0.0815148
-0.0817585
-0.0819728
-0.0821677
-0.0823578
-0.0825365
-0.0827179
-0.0828862
-0.0830395
-0.0831962
-0.0833307
-0.0834301
-0.0835304
-0.0836275
-0.0837512
-0.0838792
-0.0839966
-0.0840931
-0.0841693
-0.0842255
-0.0842626
-0.0843116
-0.0843602
-0.0844061
-0.084429
-0.0844719
-0.0845026
-0.0845358
-0.0845586
-0.0845628
-0.0845643
-0.0845857
-0.0846119
-0.0846677
-0.0847077
-0.0847274
-0.084736
-0.0847501
-0.0847427
-0.084714
-0.0846725
-0.0846394
-0.0845873
-0.084515
-0.0844403
-0.0844021
-0.0843655
-0.0843333
-0.0842955
-0.0842386
-0.0841827
-0.0841272
-0.0840774
-0.0840452
-0.083992
-0.0839302
-0.0838712
-0.0838254
-0.0837593
-0.0836725
-0.0835646
-0.083436
-0.083303
-0.0831836
-0.0830706
-0.0829885
-0.082894
-0.0827737
-0.0826565
-0.0825631
-0.0824547
-0.082342
-0.0822285
-0.0821054
-0.0819692
-0.081816
-0.0816395
-0.081439
-0.0812131
-0.0810464
-0.0811467
-0.0812329
-0.0812575
-0.081226
-0.0811657
-0.0810575
-0.0809029
-0.0807051
-0.0804664
-0.0801986
-0.080026
-0.0798516
-0.0796341
-0.079379
-0.0790923
-0.0798245
-0.0806735
-0.081312
-0.0817673
-0.0820754
-0.0822416
-0.0822916
-0.0822787
-0.0821676
-0.0819616
-0.0816661
-0.0812854
-0.0808741
-0.0809329
-0.0809832
-0.0811271
-0.0812838
-0.0815218
-0.081613
-0.0815621
-0.0813776
-0.0810655
-0.0806314
-0.0801107
-0.0795373
-0.0789534
-0.0784292
-0.0778185
-0.0771865
-0.0766014
-0.0759255
-0.0751296
-0.0743717
-0.0735261
-0.0727503
-0.071925
-0.0709643
-0.069858
-0.0685992
-0.0671774
-0.0662059
-0.0652811
-0.0642246
-0.0630166
-0.061921
-0.0611884
-0.0605015
-0.0597486
-0.0588432
-0.0580698
-0.0576038
-0.0570894
-0.0565491
-0.0559317
-0.0552018
-0.054347
-0.053801
-0.0533148
-0.0526791
-0.0518487
-0.0512623
-0.0508828
-0.0504246
-0.049884
-0.0493608
-0.0487544
-0.0487209
-0.0487009
-0.0486507
-0.0485725
-0.048476
-0.0483451
-0.0482326
-0.0480541
-0.0479697
-0.0479847
-0.0480181
-0.0480351
-0.0480346
-0.0480161
-0.0479788
-0.0479315
-0.0479011
-0.0479257
-0.0479497
-0.0479786
-0.0479819
-0.0479718
-0.0479919
-0.048016
-0.048045
-0.0481034
-0.0481686
-0.0482531
-0.0483418
-0.048414
-0.0484703
-0.0485111
-0.0485489
-0.0486636
-0.0487829
-0.048925
-0.049043
-0.0491495
-0.0492411
-0.0493125
-0.0493649
-0.0493988
-0.0494155
-0.0496001
-0.049862
-0.0500974
-0.0503199
-0.0505351
-0.0507809
-0.0510399
-0.0512728
-0.0514761
-0.0516564
-0.0518094
-0.0519404
-0.0522253
-0.0525346
-0.0528183
-0.053077
-0.0533112
-0.0535212
-0.0538991
-0.0542891
-0.054696
-0.0550834
0.1933
0.193534
0.193691
0.193769
0.193763
0.193664
0.193459
0.193126
0.192751
0.192597
0.192645
0.192776
0.193006
0.193256
0.193463
0.193649
0.193828
0.193952
0.194019
0.194028
0.193971
0.193844
0.193697
0.193525
0.193264
0.193129
0.193091
0.192997
0.192846
0.192821
0.192927
0.192993
0.193014
0.192986
0.192916
0.192915
0.192958
0.193031
0.193048
0.19301
0.192914
0.192806
0.192833
0.192832
0.192827
0.192799
0.192726
0.192609
0.192516
0.192475
0.192387
0.192313
0.192195
0.192035
0.191836
0.191596
0.191316
0.191022
0.190842
0.190671
0.190465
0.190224
0.189949
0.189638
0.18929
0.188931
0.188545
0.188159
0.187792
0.18739
0.186955
0.186494
0.186037
0.185557
0.185106
0.184676
0.184209
0.183707
0.183166
0.182621
0.182112
0.181617
0.181092
0.180528
0.179928
0.179297
0.17869
0.178179
0.177632
0.177043
0.176504
0.176369
0.176148
0.175905
0.175962
0.175913
0.175771
0.175548
0.175246
0.174874
0.174463
0.174019
0.173522
0.17301
0.172541
0.17212
0.172213
0.173751
0.176303
0.178642
0.180642
0.182355
0.183827
0.185089
0.186165
0.187077
0.187842
0.188472
0.18898
0.189373
0.189658
0.189839
0.190168
0.190931
0.191922
0.193099
0.19413
0.195125
0.195972
0.196702
0.197337
0.197856
0.198263
0.198568
0.198775
0.198893
0.198931
0.198912
0.198794
0.198609
0.198426
0.198147
0.197778
0.197355
0.196968
0.196499
0.19594
0.195289
0.194542
0.193764
0.19296
0.192087
0.191102
0.19
0.188768
0.187412
0.186197
0.184876
0.183459
0.181942
0.180277
0.178451
0.176685
0.1752
0.173487
0.171743
0.16988
0.167813
0.16551
0.16293
0.160002
0.156634
0.154838
0.153623
0.152269
0.150755
0.14905
0.147091
0.144726
0.142245
0.140012
0.13812
0.13741
0.13658
0.135582
0.134384
0.132953
0.131241
0.130062
0.130101
0.130064
0.129938
0.129685
0.129318
0.129213
0.12925
0.129351
0.129389
0.129364
0.129277
0.129209
0.1296
0.129989
0.130306
0.130562
0.131143
0.131688
0.132156
0.132655
0.1331
0.133488
0.133825
0.13411
0.134347
0.134543
0.134715
0.134872
0.134997
0.135223
0.135497
0.136046
0.136773
0.137601
0.138375
0.139068
0.139686
0.140235
0.14072
0.141145
0.141512
0.141824
0.142083
0.142292
0.14245
0.14256
0.142621
0.142666
0.142808
0.143146
0.143699
0.144279
0.144925
0.145532
0.146106
0.146641
0.147118
0.147531
0.147888
0.148202
0.148456
0.148655
0.148927
0.14912
0.14925
0.149644
0.14998
0.15024
0.150455
0.150868
0.151279
0.151624
0.151904
0.152119
0.152345
0.15263
0.152954
0.15324
0.153462
0.153621
0.153715
0.15391
0.154134
0.154351
0.154544
0.154688
0.154786
0.154847
0.154987
0.155106
0.155202
0.155282
0.155319
0.155315
0.15527
0.155186
0.155064
0.154978
0.15499
0.154972
0.154919
0.154829
0.154702
0.154536
0.154335
0.154123
0.153876
0.153657
0.15342
0.153144
0.152828
0.152478
0.152112
0.151729
0.151407
0.151043
0.150633
0.15017
0.14964
0.149129
0.148597
0.148073
0.147491
0.146846
0.146135
0.145357
0.144647
0.143882
0.143007
0.14198
0.141254
0.140521
0.139613
0.138819
0.138067
0.137235
0.136324
0.135327
0.134221
0.132992
0.131636
0.130154
0.128469
0.126624
0.124482
0.122469
0.120827
0.120187
0.120068
0.119891
0.119658
0.119368
0.11902
0.118611
0.118138
0.117594
0.116973
0.116262
0.115443
0.114489
0.113349
0.112004
0.110926
0.110356
0.110115
0.10991
0.109793
0.10967
0.109536
0.109401
0.10925
0.136298
0.136994
0.137641
0.138243
0.138799
0.139311
0.13978
0.140207
0.140674
0.141373
0.142233
0.143126
0.144077
0.145011
0.145876
0.146698
0.1475
0.148239
0.148917
0.149541
0.150112
0.150645
0.151201
0.151715
0.152151
0.152733
0.153368
0.153914
0.154386
0.154964
0.155643
0.15626
0.156812
0.1573
0.157732
0.158226
0.158775
0.159329
0.159812
0.160235
0.160601
0.160961
0.161441
0.161882
0.162307
0.162704
0.16305
0.163349
0.163664
0.164025
0.164337
0.164654
0.16492
0.165139
0.165315
0.165448
0.165537
0.165608
0.165783
0.165954
0.16608
0.16616
0.166194
0.166181
0.16612
0.166037
0.165913
0.165775
0.165637
0.165447
0.165204
0.164912
0.164601
0.164241
0.16388
0.163508
0.163068
0.162558
0.161973
0.161348
0.160721
0.160067
0.159338
0.158521
0.15761
0.156606
0.155553
0.154512
0.153345
0.152033
0.150654
0.149594
0.148383
0.147064
0.146008
0.144843
0.143559
0.142148
0.140593
0.13888
0.137021
0.134993
0.132749
0.130292
0.12764
0.124751
0.122064
0.120624
0.12035
0.120187
0.119954
0.119652
0.11928
0.118837
0.118318
0.11772
0.117034
0.116254
0.115369
0.114365
0.113225
0.111929
0.110715
0.109966
0.109583
0.109539
0.109498
0.109552
0.109581
0.109599
0.109621
0.109616
0.109579
0.109515
0.109422
0.109304
0.109169
0.109038
0.108874
0.108704
0.108595
0.108453
0.108282
0.108117
0.108044
0.107946
0.107818
0.107659
0.107469
0.107313
0.107211
0.107107
0.106962
0.106781
0.106567
0.106339
0.106324
0.106249
0.106141
0.106011
0.105832
0.105606
0.10557
0.105908
0.106167
0.10654
0.106765
0.106871
0.106888
0.106828
0.106698
0.106503
0.108125
0.110013
0.111547
0.112801
0.113825
0.114652
0.115305
0.116305
0.117174
0.118251
0.120346
0.122187
0.123791
0.125183
0.126397
0.127477
0.129285
0.131971
0.134216
0.136109
0.137707
0.139163
0.140614
0.14195
0.143182
0.144222
0.145093
0.145807
0.146455
0.14747
0.148409
0.149215
0.149906
0.150852
0.151704
0.152434
0.153149
0.153765
0.154285
0.154714
0.155054
0.155304
0.15547
0.155566
0.155599
0.155549
0.155544
0.155538
0.155762
0.156148
0.156654
0.157138
0.157568
0.157947
0.158272
0.158545
0.158763
0.158925
0.159029
0.159072
0.15905
0.15896
0.158795
0.158548
0.158248
0.158017
0.157995
0.158217
0.158514
0.158917
0.159321
0.159727
0.160122
0.160481
0.160794
0.161065
0.161298
0.161475
0.161596
0.161795
0.16193
0.162013
0.162377
0.16272
0.163022
0.163308
0.163815
0.164351
0.164849
0.165308
0.165727
0.166178
0.166707
0.167298
0.167859
0.168376
0.168852
0.169286
0.169838
0.170428
0.171021
0.171602
0.172145
0.172653
0.173136
0.173705
0.174266
0.174822
0.175359
0.175859
0.176326
0.176761
0.177166
0.177543
0.177966
0.178485
0.178977
0.179438
0.179867
0.180264
0.18063
0.180972
0.181304
0.181602
0.181931
0.182249
0.182535
0.18279
0.183021
0.183248
0.183474
0.183765
0.184017
0.184229
0.184403
0.184539
0.184705
0.184843
0.184999
0.185118
0.185199
0.185244
0.18526
0.185383
0.185504
0.185585
0.185621
0.18603
0.186417
0.1867
0.18717
0.187544
0.187789
0.187949
0.188048
0.188081
0.188057
0.187991
0.187917
0.187794
0.187717
0.187645
0.188108
0.189448
0.191744
0.193947
0.195637
0.196984
0.198081
0.198981
0.199724
0.200331
0.20082
0.201204
0.201491
0.201689
0.201802
0.201835
0.201865
0.202225
0.202916
0.203717
0.204378
0.204984
0.205466
0.205838
0.206118
0.206301
-0.0921833
-0.0924245
-0.0927163
-0.0928076
-0.0927301
-0.0925689
-0.0923906
-0.0921224
-0.0917545
-0.0912941
-0.0907467
-0.0901163
-0.0894055
-0.0886161
-0.0877516
-0.0869746
-0.086194
-0.085829
-0.085589
-0.0853805
-0.0851469
-0.0847938
-0.0843299
-0.0837553
-0.0830721
-0.0824515
-0.0817739
-0.080995
-0.0801244
-0.0792086
-0.0782095
-0.0771527
-0.075987
-0.0748191
-0.0735826
-0.0726527
-0.0719333
-0.0711907
-0.0706893
-0.0704412
-0.0700983
-0.0696517
-0.0690956
-0.0684582
-0.0678096
-0.0671129
-0.0663044
-0.0659946
-0.0656296
-0.0651877
-0.0646589
-0.0643901
-0.0642622
-0.0640597
-0.0637823
-0.0634289
-0.0629928
-0.0624314
-0.0620314
-0.0619993
-0.0619068
-0.0617776
-0.0615631
-0.0615972
-0.0618739
-0.0621201
-0.0623435
-0.0625772
-0.0627872
-0.0629583
-0.0630939
-0.0631859
-0.0633408
-0.0636185
-0.0638768
-0.064128
-0.0643665
-0.0646034
-0.06483
-0.0650508
-0.0652943
-0.0655353
-0.0657642
-0.0659757
-0.0661985
-0.0664305
-0.0666765
-0.066906
-0.0671137
-0.0673046
-0.0674886
-0.0676529
-0.0677979
-0.0679314
-0.068046
-0.0681614
-0.068315
-0.0684822
-0.0686553
-0.0688099
-0.0690612
-0.0692901
-0.0694911
-0.0696662
-0.0698173
-0.0699456
-0.0700521
-0.0701377
-0.0702145
-0.07032
-0.070427
-0.0705116
-0.0705736
-0.0706726
-0.0708849
-0.0711409
-0.0714261
-0.0716732
-0.0718852
-0.07207
-0.072239
-0.0723871
-0.072508
-0.0726019
-0.0726694
-0.0727108
-0.0727261
-0.0727149
-0.0726767
-0.0727439
-0.0728393
-0.0730325
-0.073386
-0.0737217
-0.0740274
-0.0742912
-0.0745177
-0.0747072
-0.07486
-0.0749805
-0.0750687
-0.075122
-0.0751402
-0.0751904
-0.0752273
-0.0752557
-0.0752521
-0.0752624
-0.0752989
-0.0753772
-0.075467
-0.0756489
-0.075831
-0.0759999
-0.0761368
-0.0762361
-0.0763076
-0.076366
-0.0763859
-0.0763805
-0.0763334
-0.0762588
-0.0761964
-0.0761252
-0.0760116
-0.07587
-0.0757224
-0.07553
-0.0753143
-0.0750752
-0.0748455
-0.0746443
-0.0744181
-0.0741862
-0.0739341
-0.0736762
-0.07338
-0.0730461
-0.0727093
-0.0723205
-0.0718791
-0.0714633
-0.0710113
-0.0705084
-0.0699564
-0.0693556
-0.0687274
-0.0680778
-0.0673642
-0.0665908
-0.0657531
-0.0648897
-0.0640291
-0.0633181
-0.0626256
-0.061978
-0.061543
-0.061048
-0.0604912
-0.0598675
-0.0593043
-0.0588045
-0.0582436
-0.0576168
-0.0569365
-0.0561773
-0.0553296
-0.0543899
-0.0533373
-0.052157
-0.05084
-0.0496383
-0.0490278
-0.0484739
-0.0484471
-0.0484146
-0.0483508
-0.0482559
-0.0481291
-0.0479695
-0.0477754
-0.0475445
-0.0472746
-0.0469804
-0.0466523
-0.0462682
-0.0458187
-0.0453045
-0.0452322
-0.0451868
-0.045185
-0.0451581
-0.0451067
-0.0450422
-0.0449874
-0.04494
-0.0448731
-0.0447865
-0.04468
-0.0445535
-0.0444064
-0.0442379
-0.0440468
-0.043878
-0.0437291
-0.043576
-0.0434665
-0.043341
-0.043206
-0.0430486
-0.0428743
-0.0426832
-0.0424704
-0.0422488
-0.0420373
-0.0418056
-0.0415526
-0.0413226
-0.0411009
-0.0408646
-0.0406104
-0.0403396
-0.0400625
-0.039774
-0.0394785
-0.0391954
-0.0388967
-0.0386284
-0.0383416
-0.038037
-0.0377111
-0.0374211
-0.0371454
-0.036855
-0.0365438
-0.0362143
-0.0358714
-0.0355138
-0.0351311
-0.0347293
-0.0344041
-0.0340492
-0.0336971
-0.0333523
-0.0330197
-0.0328054
-0.0325668
-0.0323678
-0.0321987
-0.0320001
-0.0317725
-0.0315132
-0.0313331
-0.0311286
-0.0308908
-0.0306838
-0.030771
-0.0310824
-0.031304
-0.0319801
-0.0325496
-0.0330056
-0.0333418
-0.0335797
-0.0337385
-0.0340583
-0.0343188
-0.0346749
-0.0355226
-0.0364023
-0.0372827
-0.0381037
-0.0390491
-0.0403368
-0.0416623
-0.0428784
-0.0439672
-0.0449452
-0.0458972
-0.0467841
-0.0475858
-0.0483102
-0.0489602
-0.0495386
-0.0508376
-0.0524356
-0.0541408
-0.0557927
-0.0574404
-0.0590609
-0.0605913
-0.0620376
-0.0634029
-0.0646955
-0.0659168
-0.0670694
-0.0681556
-0.0693252
-0.0705506
-0.0717218
-0.072819
-0.0738426
-0.074993
-0.0761677
-0.077407
-0.0786137
-0.079767
-0.0808705
-0.0819415
-0.0829901
-0.0839924
-0.0849466
-0.0858557
-0.0867178
-0.0875321
-0.0882969
-0.0890099
-0.0897402
-0.0905705
-0.0913665
-0.0921833
-0.0924245
-0.0927163
-0.0928076
-0.0927301
-0.0925689
-0.0923906
-0.0921224
-0.0917545
-0.0912941
-0.0907467
-0.0901163
-0.0894055
-0.0886161
-0.0877516
-0.0869746
-0.086194
-0.085829
-0.085589
-0.0853805
-0.0851469
-0.0847938
-0.0843299
-0.0837553
-0.0830721
-0.0824515
-0.0817739
-0.080995
-0.0801244
-0.0792086
-0.0782095
-0.0771527
-0.075987
-0.0748191
-0.0735826
-0.0726527
-0.0719333
-0.0711907
-0.0706893
-0.0704412
-0.0700983
-0.0696517
-0.0690956
-0.0684582
-0.0678096
-0.0671129
-0.0663044
-0.0659946
-0.0656296
-0.0651877
-0.0646589
-0.0643901
-0.0642622
-0.0640597
-0.0637823
-0.0634289
-0.0629928
-0.0624314
-0.0620314
-0.0619993
-0.0619068
-0.0617776
-0.0615631
-0.0615972
-0.0618739
-0.0621201
-0.0623435
-0.0625772
-0.0627872
-0.0629583
-0.0630939
-0.0631859
-0.0633408
-0.0636185
-0.0638768
-0.064128
-0.0643665
-0.0646034
-0.06483
-0.0650508
-0.0652943
-0.0655353
-0.0657642
-0.0659757
-0.0661985
-0.0664305
-0.0666765
-0.066906
-0.0671137
-0.0673046
-0.0674886
-0.0676529
-0.0677979
-0.0679314
-0.068046
-0.0681614
-0.068315
-0.0684822
-0.0686553
-0.0688099
-0.0690612
-0.0692901
-0.0694911
-0.0696662
-0.0698173
-0.0699456
-0.0700521
-0.0701377
-0.0702145
-0.07032
-0.070427
-0.0705116
-0.0705736
-0.0706726
-0.0708849
-0.0711409
-0.0714261
-0.0716732
-0.0718852
-0.07207
-0.072239
-0.0723871
-0.072508
-0.0726019
-0.0726694
-0.0727108
-0.0727261
-0.0727149
-0.0726767
-0.0727439
-0.0728393
-0.0730325
-0.073386
-0.0737217
-0.0740274
-0.0742912
-0.0745177
-0.0747072
-0.07486
-0.0749805
-0.0750687
-0.075122
-0.0751402
-0.0751904
-0.0752273
-0.0752557
-0.0752521
-0.0752624
-0.0752989
-0.0753772
-0.075467
-0.0756489
-0.075831
-0.0759999
-0.0761368
-0.0762361
-0.0763076
-0.076366
-0.0763859
-0.0763805
-0.0763334
-0.0762588
-0.0761964
-0.0761252
-0.0760116
-0.07587
-0.0757224
-0.07553
-0.0753143
-0.0750752
-0.0748455
-0.0746443
-0.0744181
-0.0741862
-0.0739341
-0.0736762
-0.07338
-0.0730461
-0.0727093
-0.0723205
-0.0718791
-0.0714633
-0.0710113
-0.0705084
-0.0699564
-0.0693556
-0.0687274
-0.0680778
-0.0673642
-0.0665908
-0.0657531
-0.0648897
-0.0640291
-0.0633181
-0.0626256
-0.061978
-0.061543
-0.061048
-0.0604912
-0.0598675
-0.0593043
-0.0588045
-0.0582436
-0.0576168
-0.0569365
-0.0561773
-0.0553296
-0.0543899
-0.0533373
-0.052157
-0.05084
-0.0496383
-0.0490278
-0.0484739
-0.0484471
-0.0484146
-0.0483508
-0.0482559
-0.0481291
-0.0479695
-0.0477754
-0.0475445
-0.0472746
-0.0469804
-0.0466523
-0.0462682
-0.0458187
-0.0453045
-0.0452322
-0.0451868
-0.045185
-0.0451581
-0.0451067
-0.0450422
-0.0449874
-0.04494
-0.0448731
-0.0447865
-0.04468
-0.0445535
-0.0444064
-0.0442379
-0.0440468
-0.043878
-0.0437291
-0.043576
-0.0434665
-0.043341
-0.043206
-0.0430486
-0.0428743
-0.0426832
-0.0424704
-0.0422488
-0.0420373
-0.0418056
-0.0415526
-0.0413226
-0.0411009
-0.0408646
-0.0406104
-0.0403396
-0.0400625
-0.039774
-0.0394785
-0.0391954
-0.0388967
-0.0386284
-0.0383416
-0.038037
-0.0377111
-0.0374211
-0.0371454
-0.036855
-0.0365438
-0.0362143
-0.0358714
-0.0355138
-0.0351311
-0.0347293
-0.0344041
-0.0340492
-0.0336971
-0.0333523
-0.0330197
-0.0328054
-0.0325668
-0.0323678
-0.0321987
-0.0320001
-0.0317725
-0.0315132
-0.0313331
-0.0311286
-0.0308908
-0.0306838
-0.030771
-0.0310824
-0.031304
-0.0319801
-0.0325496
-0.0330056
-0.0333418
-0.0335797
-0.0337385
-0.0340583
-0.0343188
-0.0346749
-0.0355226
-0.0364023
-0.0372827
-0.0381037
-0.0390491
-0.0403368
-0.0416623
-0.0428784
-0.0439672
-0.0449452
-0.0458972
-0.0467841
-0.0475858
-0.0483102
-0.0489602
-0.0495386
-0.0508376
-0.0524356
-0.0541408
-0.0557927
-0.0574404
-0.0590609
-0.0605913
-0.0620376
-0.0634029
-0.0646955
-0.0659168
-0.0670694
-0.0681556
-0.0693252
-0.0705506
-0.0717218
-0.072819
-0.0738426
-0.074993
-0.0761677
-0.077407
-0.0786137
-0.079767
-0.0808705
-0.0819415
-0.0829901
-0.0839924
-0.0849466
-0.0858557
-0.0867178
-0.0875321
-0.0882969
-0.0890099
-0.0897402
-0.0905705
-0.0913665
0.1933
0.193534
0.193691
0.193769
0.193763
0.193664
0.193459
0.193126
0.192751
0.192597
0.192645
0.192776
0.193006
0.193256
0.193463
0.193649
0.193828
0.193952
0.194019
0.194028
0.193971
0.193844
0.193697
0.193525
0.193264
0.193129
0.193091
0.192997
0.192846
0.192821
0.192927
0.192993
0.193014
0.192986
0.192916
0.192915
0.192958
0.193031
0.193048
0.19301
0.192914
0.192806
0.192833
0.192832
0.192827
0.192799
0.192726
0.192609
0.192516
0.192475
0.192387
0.192313
0.192195
0.192035
0.191836
0.191596
0.191316
0.191022
0.190842
0.190671
0.190465
0.190224
0.189949
0.189638
0.18929
0.188931
0.188545
0.188159
0.187792
0.18739
0.186955
0.186494
0.186037
0.185557
0.185106
0.184676
0.184209
0.183707
0.183166
0.182621
0.182112
0.181617
0.181092
0.180528
0.179928
0.179297
0.17869
0.178179
0.177632
0.177043
0.176504
0.176369
0.176148
0.175905
0.175962
0.175913
0.175771
0.175548
0.175246
0.174874
0.174463
0.174019
0.173522
0.17301
0.172541
0.17212
0.172213
0.173751
0.176303
0.178642
0.180642
0.182355
0.183827
0.185089
0.186165
0.187077
0.187842
0.188472
0.18898
0.189373
0.189658
0.189839
0.190168
0.190931
0.191922
0.193099
0.19413
0.195125
0.195972
0.196702
0.197337
0.197856
0.198263
0.198568
0.198775
0.198893
0.198931
0.198912
0.198794
0.198609
0.198426
0.198147
0.197778
0.197355
0.196968
0.196499
0.19594
0.195289
0.194542
0.193764
0.19296
0.192087
0.191102
0.19
0.188768
0.187412
0.186197
0.184876
0.183459
0.181942
0.180277
0.178451
0.176685
0.1752
0.173487
0.171743
0.16988
0.167813
0.16551
0.16293
0.160002
0.156634
0.154838
0.153623
0.152269
0.150755
0.14905
0.147091
0.144726
0.142245
0.140012
0.13812
0.13741
0.13658
0.135582
0.134384
0.132953
0.131241
0.130062
0.130101
0.130064
0.129938
0.129685
0.129318
0.129213
0.12925
0.129351
0.129389
0.129364
0.129277
0.129209
0.1296
0.129989
0.130306
0.130562
0.131143
0.131688
0.132156
0.132655
0.1331
0.133488
0.133825
0.13411
0.134347
0.134543
0.134715
0.134872
0.134997
0.135223
0.135497
0.136046
0.136773
0.137601
0.138375
0.139068
0.139686
0.140235
0.14072
0.141145
0.141512
0.141824
0.142083
0.142292
0.14245
0.14256
0.142621
0.142666
0.142808
0.143146
0.143699
0.144279
0.144925
0.145532
0.146106
0.146641
0.147118
0.147531
0.147888
0.148202
0.148456
0.148655
0.148927
0.14912
0.14925
0.149644
0.14998
0.15024
0.150455
0.150868
0.151279
0.151624
0.151904
0.152119
0.152345
0.15263
0.152954
0.15324
0.153462
0.153621
0.153715
0.15391
0.154134
0.154351
0.154544
0.154688
0.154786
0.154847
0.154987
0.155106
0.155202
0.155282
0.155319
0.155315
0.15527
0.155186
0.155064
0.154978
0.15499
0.154972
0.154919
0.154829
0.154702
0.154536
0.154335
0.154123
0.153876
0.153657
0.15342
0.153144
0.152828
0.152478
0.152112
0.151729
0.151407
0.151043
0.150633
0.15017
0.14964
0.149129
0.148597
0.148073
0.147491
0.146846
0.146135
0.145357
0.144647
0.143882
0.143007
0.14198
0.141254
0.140521
0.139613
0.138819
0.138067
0.137235
0.136324
0.135327
0.134221
0.132992
0.131636
0.130154
0.128469
0.126624
0.124482
0.122469
0.120827
0.120187
0.120068
0.119891
0.119658
0.119368
0.11902
0.118611
0.118138
0.117594
0.116973
0.116262
0.115443
0.114489
0.113349
0.112004
0.110926
0.110356
0.110115
0.10991
0.109793
0.10967
0.109536
0.109401
0.10925
0.136298
0.136994
0.137641
0.138243
0.138799
0.139311
0.13978
0.140207
0.140674
0.141373
0.142233
0.143126
0.144077
0.145011
0.145876
0.146698
0.1475
0.148239
0.148917
0.149541
0.150112
0.150645
0.151201
0.151715
0.152151
0.152733
0.153368
0.153914
0.154386
0.154964
0.155643
0.15626
0.156812
0.1573
0.157732
0.158226
0.158775
0.159329
0.159812
0.160235
0.160601
0.160961
0.161441
0.161882
0.162307
0.162704
0.16305
0.163349
0.163664
0.164025
0.164337
0.164654
0.16492
0.165139
0.165315
0.165448
0.165537
0.165608
0.165783
0.165954
0.16608
0.16616
0.166194
0.166181
0.16612
0.166037
0.165913
0.165775
0.165637
0.165447
0.165204
0.164912
0.164601
0.164241
0.16388
0.163508
0.163068
0.162558
0.161973
0.161348
0.160721
0.160067
0.159338
0.158521
0.15761
0.156606
0.155553
0.154512
0.153345
0.152033
0.150654
0.149594
0.148383
0.147064
0.146008
0.144843
0.143559
0.142148
0.140593
0.13888
0.137021
0.134993
0.132749
0.130292
0.12764
0.124751
0.122064
0.120624
0.12035
0.120187
0.119954
0.119652
0.11928
0.118837
0.118318
0.11772
0.117034
0.116254
0.115369
0.114365
0.113225
0.111929
0.110715
0.109966
0.109583
0.109539
0.109498
0.109552
0.109581
0.109599
0.109621
0.109616
0.109579
0.109515
0.109422
0.109304
0.109169
0.109038
0.108874
0.108704
0.108595
0.108453
0.108282
0.108117
0.108044
0.107946
0.107818
0.107659
0.107469
0.107313
0.107211
0.107107
0.106962
0.106781
0.106567
0.106339
0.106324
0.106249
0.106141
0.106011
0.105832
0.105606
0.10557
0.105908
0.106167
0.10654
0.106765
0.106871
0.106888
0.106828
0.106698
0.106503
0.108125
0.110013
0.111547
0.112801
0.113825
0.114652
0.115305
0.116305
0.117174
0.118251
0.120346
0.122187
0.123791
0.125183
0.126397
0.127477
0.129285
0.131971
0.134216
0.136109
0.137707
0.139163
0.140614
0.14195
0.143182
0.144222
0.145093
0.145807
0.146455
0.14747
0.148409
0.149215
0.149906
0.150852
0.151704
0.152434
0.153149
0.153765
0.154285
0.154714
0.155054
0.155304
0.15547
0.155566
0.155599
0.155549
0.155544
0.155538
0.155762
0.156148
0.156654
0.157138
0.157568
0.157947
0.158272
0.158545
0.158763
0.158925
0.159029
0.159072
0.15905
0.15896
0.158795
0.158548
0.158248
0.158017
0.157995
0.158217
0.158514
0.158917
0.159321
0.159727
0.160122
0.160481
0.160794
0.161065
0.161298
0.161475
0.161596
0.161795
0.16193
0.162013
0.162377
0.16272
0.163022
0.163308
0.163815
0.164351
0.164849
0.165308
0.165727
0.166178
0.166707
0.167298
0.167859
0.168376
0.168852
0.169286
0.169838
0.170428
0.171021
0.171602
0.172145
0.172653
0.173136
0.173705
0.174266
0.174822
0.175359
0.175859
0.176326
0.176761
0.177166
0.177543
0.177966
0.178485
0.178977
0.179438
0.179867
0.180264
0.18063
0.180972
0.181304
0.181602
0.181931
0.182249
0.182535
0.18279
0.183021
0.183248
0.183474
0.183765
0.184017
0.184229
0.184403
0.184539
0.184705
0.184843
0.184999
0.185118
0.185199
0.185244
0.18526
0.185383
0.185504
0.185585
0.185621
0.18603
0.186417
0.1867
0.18717
0.187544
0.187789
0.187949
0.188048
0.188081
0.188057
0.187991
0.187917
0.187794
0.187717
0.187645
0.188108
0.189448
0.191744
0.193947
0.195637
0.196984
0.198081
0.198981
0.199724
0.200331
0.20082
0.201204
0.201491
0.201689
0.201802
0.201835
0.201865
0.202225
0.202916
0.203717
0.204378
0.204984
0.205466
0.205838
0.206118
0.206301
0.214384
0.21498
0.215436
0.215767
0.215984
0.216092
0.2161
0.216015
0.216113
0.216499
0.217157
0.217777
0.218468
0.219039
0.219505
0.219901
0.220182
0.220345
0.220411
0.220387
0.220266
0.220046
0.219753
0.219391
0.218942
0.218436
0.217886
0.217274
0.216622
0.215886
0.215063
0.214195
0.213255
0.212265
0.211171
0.209963
0.20866
0.207287
0.205839
0.20426
0.202585
0.200975
0.199275
0.197447
0.195468
0.19332
0.191046
0.189078
0.187073
0.18486
0.182549
0.180273
0.177783
0.175056
0.172049
0.16878
0.16532
0.16305
0.161387
0.159589
0.157647
0.155541
0.153158
0.150444
0.147334
0.145141
0.144004
0.143161
0.142189
0.141191
0.140045
0.138676
0.137044
0.135821
0.135879
0.135982
0.136063
0.136034
0.135912
0.136109
0.136394
0.136615
0.136775
0.137014
0.137285
0.137684
0.13811
0.138502
0.139095
0.139743
0.140449
0.141233
0.142092
0.142893
0.143705
0.144448
0.145128
0.145753
0.146331
0.146859
0.14734
0.147797
0.148226
0.14862
0.149022
0.149419
0.149962
0.150782
0.151869
0.152917
0.153871
0.154739
0.155531
0.156253
0.156909
0.157502
0.158036
0.158513
0.158934
0.159301
0.159614
0.159874
0.160136
0.16049
0.161003
0.161574
0.162325
0.163095
0.163814
0.164566
0.165265
0.165892
0.166455
0.166968
0.167418
0.167801
0.168146
0.168539
0.168858
0.16916
0.169555
0.170004
0.170451
0.170854
0.171187
0.171615
0.172054
0.172503
0.172904
0.173235
0.173518
0.173852
0.174187
0.174463
0.174701
0.174976
0.175263
0.175584
0.175846
0.176049
0.176198
0.176359
0.176507
0.176609
0.176715
0.17685
0.17695
0.177007
0.177017
0.176985
0.17693
0.176851
0.176769
0.176678
0.176563
0.176441
0.176275
0.176066
0.175815
0.175542
0.17526
0.174943
0.174582
0.17421
0.173812
0.173361
0.172854
0.1723
0.171747
0.171175
0.170592
0.169957
0.169256
0.168533
0.167796
0.166988
0.166104
0.165167
0.164186
0.163167
0.162101
0.160927
0.159677
0.158333
0.157129
0.155994
0.154775
0.153498
0.152431
0.151272
0.149995
0.148595
0.14707
0.145394
0.143549
0.141538
0.13937
0.136952
0.134449
0.131971
0.129715
0.128495
0.128347
0.128175
0.12793
0.127614
0.127226
0.126763
0.126224
0.125602
0.124889
0.124077
0.123152
0.122095
0.120882
0.119474
0.118353
0.117903
0.117783
0.117727
0.117679
0.117644
0.117579
0.117515
0.117437
0.117327
0.117183
0.117018
0.116823
0.116588
0.116334
0.116079
0.115792
0.115529
0.115265
0.115002
0.114752
0.114505
0.114229
0.113958
0.113708
0.113476
0.113236
0.112965
0.112663
0.112362
0.112092
0.111794
0.111476
0.111169
0.110869
0.110715
0.110545
0.110317
0.110035
0.109741
0.109438
0.109092
0.108991
0.109253
0.109607
0.109822
0.109925
0.109941
0.109953
0.109922
0.109855
0.111148
0.112948
0.114622
0.116054
0.117261
0.118269
0.119112
0.1209
0.122362
0.123528
0.125287
0.127722
0.129886
0.131805
0.13351
0.135138
0.137311
0.140491
0.143284
0.145766
0.148117
0.150583
0.152848
0.154832
0.156613
0.158259
0.159864
0.161524
0.163026
0.164488
0.165959
0.167441
0.16892
0.17039
0.171743
0.173049
0.174255
0.175341
0.176317
0.177209
0.177998
0.178679
0.179282
0.179921
0.180482
0.181072
0.181815
0.182587
0.18346
0.184374
0.185255
0.186071
0.18682
0.187504
0.188121
0.188672
0.189153
0.189562
0.189897
0.190152
0.190321
0.190398
0.19037
0.19033
0.190567
0.19108
0.191692
0.192283
0.192875
0.193428
0.19396
0.194482
0.194954
0.214384
0.21498
0.215436
0.215767
0.215984
0.216092
0.2161
0.216015
0.216113
0.216499
0.217157
0.217777
0.218468
0.219039
0.219505
0.219901
0.220182
0.220345
0.220411
0.220387
0.220266
0.220046
0.219753
0.219391
0.218942
0.218436
0.217886
0.217274
0.216622
0.215886
0.215063
0.214195
0.213255
0.212265
0.211171
0.209963
0.20866
0.207287
0.205839
0.20426
0.202585
0.200975
0.199275
0.197447
0.195468
0.19332
0.191046
0.189078
0.187073
0.18486
0.182549
0.180273
0.177783
0.175056
0.172049
0.16878
0.16532
0.16305
0.161387
0.159589
0.157647
0.155541
0.153158
0.150444
0.147334
0.145141
0.144004
0.143161
0.142189
0.141191
0.140045
0.138676
0.137044
0.135821
0.135879
0.135982
0.136063
0.136034
0.135912
0.136109
0.136394
0.136615
0.136775
0.137014
0.137285
0.137684
0.13811
0.138502
0.139095
0.139743
0.140449
0.141233
0.142092
0.142893
0.143705
0.144448
0.145128
0.145753
0.146331
0.146859
0.14734
0.147797
0.148226
0.14862
0.149022
0.149419
0.149962
0.150782
0.151869
0.152917
0.153871
0.154739
0.155531
0.156253
0.156909
0.157502
0.158036
0.158513
0.158934
0.159301
0.159614
0.159874
0.160136
0.16049
0.161003
0.161574
0.162325
0.163095
0.163814
0.164566
0.165265
0.165892
0.166455
0.166968
0.167418
0.167801
0.168146
0.168539
0.168858
0.16916
0.169555
0.170004
0.170451
0.170854
0.171187
0.171615
0.172054
0.172503
0.172904
0.173235
0.173518
0.173852
0.174187
0.174463
0.174701
0.174976
0.175263
0.175584
0.175846
0.176049
0.176198
0.176359
0.176507
0.176609
0.176715
0.17685
0.17695
0.177007
0.177017
0.176985
0.17693
0.176851
0.176769
0.176678
0.176563
0.176441
0.176275
0.176066
0.175815
0.175542
0.17526
0.174943
0.174582
0.17421
0.173812
0.173361
0.172854
0.1723
0.171747
0.171175
0.170592
0.169957
0.169256
0.168533
0.167796
0.166988
0.166104
0.165167
0.164186
0.163167
0.162101
0.160927
0.159677
0.158333
0.157129
0.155994
0.154775
0.153498
0.152431
0.151272
0.149995
0.148595
0.14707
0.145394
0.143549
0.141538
0.13937
0.136952
0.134449
0.131971
0.129715
0.128495
0.128347
0.128175
0.12793
0.127614
0.127226
0.126763
0.126224
0.125602
0.124889
0.124077
0.123152
0.122095
0.120882
0.119474
0.118353
0.117903
0.117783
0.117727
0.117679
0.117644
0.117579
0.117515
0.117437
0.117327
0.117183
0.117018
0.116823
0.116588
0.116334
0.116079
0.115792
0.115529
0.115265
0.115002
0.114752
0.114505
0.114229
0.113958
0.113708
0.113476
0.113236
0.112965
0.112663
0.112362
0.112092
0.111794
0.111476
0.111169
0.110869
0.110715
0.110545
0.110317
0.110035
0.109741
0.109438
0.109092
0.108991
0.109253
0.109607
0.109822
0.109925
0.109941
0.109953
0.109922
0.109855
0.111148
0.112948
0.114622
0.116054
0.117261
0.118269
0.119112
0.1209
0.122362
0.123528
0.125287
0.127722
0.129886
0.131805
0.13351
0.135138
0.137311
0.140491
0.143284
0.145766
0.148117
0.150583
0.152848
0.154832
0.156613
0.158259
0.159864
0.161524
0.163026
0.164488
0.165959
0.167441
0.16892
0.17039
0.171743
0.173049
0.174255
0.175341
0.176317
0.177209
0.177998
0.178679
0.179282
0.179921
0.180482
0.181072
0.181815
0.182587
0.18346
0.184374
0.185255
0.186071
0.18682
0.187504
0.188121
0.188672
0.189153
0.189562
0.189897
0.190152
0.190321
0.190398
0.19037
0.19033
0.190567
0.19108
0.191692
0.192283
0.192875
0.193428
0.19396
0.194482
0.194954
0.1933
0.193534
0.193691
0.193769
0.193763
0.193664
0.193459
0.193126
0.192751
0.192597
0.192645
0.192776
0.193006
0.193256
0.193463
0.193649
0.193828
0.193952
0.194019
0.194028
0.193971
0.193844
0.193697
0.193525
0.193264
0.193129
0.193091
0.192997
0.192846
0.192821
0.192927
0.192993
0.193014
0.192986
0.192916
0.192915
0.192958
0.193031
0.193048
0.19301
0.192914
0.192806
0.192833
0.192832
0.192827
0.192799
0.192726
0.192609
0.192516
0.192475
0.192387
0.192313
0.192195
0.192035
0.191836
0.191596
0.191316
0.191022
0.190842
0.190671
0.190465
0.190224
0.189949
0.189638
0.18929
0.188931
0.188545
0.188159
0.187792
0.18739
0.186955
0.186494
0.186037
0.185557
0.185106
0.184676
0.184209
0.183707
0.183166
0.182621
0.182112
0.181617
0.181092
0.180528
0.179928
0.179297
0.17869
0.178179
0.177632
0.177043
0.176504
0.176369
0.176148
0.175905
0.175962
0.175913
0.175771
0.175548
0.175246
0.174874
0.174463
0.174019
0.173522
0.17301
0.172541
0.17212
0.172213
0.173751
0.176303
0.178642
0.180642
0.182355
0.183827
0.185089
0.186165
0.187077
0.187842
0.188472
0.18898
0.189373
0.189658
0.189839
0.190168
0.190931
0.191922
0.193099
0.19413
0.195125
0.195972
0.196702
0.197337
0.197856
0.198263
0.198568
0.198775
0.198893
0.198931
0.198912
0.198794
0.198609
0.198426
0.198147
0.197778
0.197355
0.196968
0.196499
0.19594
0.195289
0.194542
0.193764
0.19296
0.192087
0.191102
0.19
0.188768
0.187412
0.186197
0.184876
0.183459
0.181942
0.180277
0.178451
0.176685
0.1752
0.173487
0.171743
0.16988
0.167813
0.16551
0.16293
0.160002
0.156634
0.154838
0.153623
0.152269
0.150755
0.14905
0.147091
0.144726
0.142245
0.140012
0.13812
0.13741
0.13658
0.135582
0.134384
0.132953
0.131241
0.130062
0.130101
0.130064
0.129938
0.129685
0.129318
0.129213
0.12925
0.129351
0.129389
0.129364
0.129277
0.129209
0.1296
0.129989
0.130306
0.130562
0.131143
0.131688
0.132156
0.132655
0.1331
0.133488
0.133825
0.13411
0.134347
0.134543
0.134715
0.134872
0.134997
0.135223
0.135497
0.136046
0.136773
0.137601
0.138375
0.139068
0.139686
0.140235
0.14072
0.141145
0.141512
0.141824
0.142083
0.142292
0.14245
0.14256
0.142621
0.142666
0.142808
0.143146
0.143699
0.144279
0.144925
0.145532
0.146106
0.146641
0.147118
0.147531
0.147888
0.148202
0.148456
0.148655
0.148927
0.14912
0.14925
0.149644
0.14998
0.15024
0.150455
0.150868
0.151279
0.151624
0.151904
0.152119
0.152345
0.15263
0.152954
0.15324
0.153462
0.153621
0.153715
0.15391
0.154134
0.154351
0.154544
0.154688
0.154786
0.154847
0.154987
0.155106
0.155202
0.155282
0.155319
0.155315
0.15527
0.155186
0.155064
0.154978
0.15499
0.154972
0.154919
0.154829
0.154702
0.154536
0.154335
0.154123
0.153876
0.153657
0.15342
0.153144
0.152828
0.152478
0.152112
0.151729
0.151407
0.151043
0.150633
0.15017
0.14964
0.149129
0.148597
0.148073
0.147491
0.146846
0.146135
0.145357
0.144647
0.143882
0.143007
0.14198
0.141254
0.140521
0.139613
0.138819
0.138067
0.137235
0.136324
0.135327
0.134221
0.132992
0.131636
0.130154
0.128469
0.126624
0.124482
0.122469
0.120827
0.120187
0.120068
0.119891
0.119658
0.119368
0.11902
0.118611
0.118138
0.117594
0.116973
0.116262
0.115443
0.114489
0.113349
0.112004
0.110926
0.110356
0.110115
0.10991
0.109793
0.10967
0.109536
0.109401
0.10925
0.136298
0.136994
0.137641
0.138243
0.138799
0.139311
0.13978
0.140207
0.140674
0.141373
0.142233
0.143126
0.144077
0.145011
0.145876
0.146698
0.1475
0.148239
0.148917
0.149541
0.150112
0.150645
0.151201
0.151715
0.152151
0.152733
0.153368
0.153914
0.154386
0.154964
0.155643
0.15626
0.156812
0.1573
0.157732
0.158226
0.158775
0.159329
0.159812
0.160235
0.160601
0.160961
0.161441
0.161882
0.162307
0.162704
0.16305
0.163349
0.163664
0.164025
0.164337
0.164654
0.16492
0.165139
0.165315
0.165448
0.165537
0.165608
0.165783
0.165954
0.16608
0.16616
0.166194
0.166181
0.16612
0.166037
0.165913
0.165775
0.165637
0.165447
0.165204
0.164912
0.164601
0.164241
0.16388
0.163508
0.163068
0.162558
0.161973
0.161348
0.160721
0.160067
0.159338
0.158521
0.15761
0.156606
0.155553
0.154512
0.153345
0.152033
0.150654
0.149594
0.148383
0.147064
0.146008
0.144843
0.143559
0.142148
0.140593
0.13888
0.137021
0.134993
0.132749
0.130292
0.12764
0.124751
0.122064
0.120624
0.12035
0.120187
0.119954
0.119652
0.11928
0.118837
0.118318
0.11772
0.117034
0.116254
0.115369
0.114365
0.113225
0.111929
0.110715
0.109966
0.109583
0.109539
0.109498
0.109552
0.109581
0.109599
0.109621
0.109616
0.109579
0.109515
0.109422
0.109304
0.109169
0.109038
0.108874
0.108704
0.108595
0.108453
0.108282
0.108117
0.108044
0.107946
0.107818
0.107659
0.107469
0.107313
0.107211
0.107107
0.106962
0.106781
0.106567
0.106339
0.106324
0.106249
0.106141
0.106011
0.105832
0.105606
0.10557
0.105908
0.106167
0.10654
0.106765
0.106871
0.106888
0.106828
0.106698
0.106503
0.108125
0.110013
0.111547
0.112801
0.113825
0.114652
0.115305
0.116305
0.117174
0.118251
0.120346
0.122187
0.123791
0.125183
0.126397
0.127477
0.129285
0.131971
0.134216
0.136109
0.137707
0.139163
0.140614
0.14195
0.143182
0.144222
0.145093
0.145807
0.146455
0.14747
0.148409
0.149215
0.149906
0.150852
0.151704
0.152434
0.153149
0.153765
0.154285
0.154714
0.155054
0.155304
0.15547
0.155566
0.155599
0.155549
0.155544
0.155538
0.155762
0.156148
0.156654
0.157138
0.157568
0.157947
0.158272
0.158545
0.158763
0.158925
0.159029
0.159072
0.15905
0.15896
0.158795
0.158548
0.158248
0.158017
0.157995
0.158217
0.158514
0.158917
0.159321
0.159727
0.160122
0.160481
0.160794
0.161065
0.161298
0.161475
0.161596
0.161795
0.16193
0.162013
0.162377
0.16272
0.163022
0.163308
0.163815
0.164351
0.164849
0.165308
0.165727
0.166178
0.166707
0.167298
0.167859
0.168376
0.168852
0.169286
0.169838
0.170428
0.171021
0.171602
0.172145
0.172653
0.173136
0.173705
0.174266
0.174822
0.175359
0.175859
0.176326
0.176761
0.177166
0.177543
0.177966
0.178485
0.178977
0.179438
0.179867
0.180264
0.18063
0.180972
0.181304
0.181602
0.181931
0.182249
0.182535
0.18279
0.183021
0.183248
0.183474
0.183765
0.184017
0.184229
0.184403
0.184539
0.184705
0.184843
0.184999
0.185118
0.185199
0.185244
0.18526
0.185383
0.185504
0.185585
0.185621
0.18603
0.186417
0.1867
0.18717
0.187544
0.187789
0.187949
0.188048
0.188081
0.188057
0.187991
0.187917
0.187794
0.187717
0.187645
0.188108
0.189448
0.191744
0.193947
0.195637
0.196984
0.198081
0.198981
0.199724
0.200331
0.20082
0.201204
0.201491
0.201689
0.201802
0.201835
0.201865
0.202225
0.202916
0.203717
0.204378
0.204984
0.205466
0.205838
0.206118
0.206301
0.726148
0.727103
0.729145
0.73124
0.733015
0.734485
0.735673
0.73679
0.737803
0.738603
0.739204
0.739619
0.739855
0.740045
0.740173
0.740202
0.740148
0.740124
0.740109
0.739942
0.739629
0.739178
0.7386
0.737932
0.73716
0.736278
0.735394
0.734384
0.733342
0.732314
0.731198
0.729959
0.728639
0.727223
0.725763
0.724333
0.722792
0.721115
0.719297
0.717334
0.715252
0.713296
0.71122
0.709007
0.706654
0.704342
0.701875
0.699254
0.696434
0.6934
0.690254
0.687053
0.683718
0.680502
0.67698
0.673109
0.669349
0.665724
0.661799
0.657552
0.653139
0.64857
0.643596
0.638184
0.632449
0.626594
0.620251
0.615202
0.610054
0.604228
0.598769
0.594498
0.590841
0.587058
0.582875
0.578366
0.574524
0.571732
0.568575
0.565021
0.561028
0.556546
0.551737
0.548078
0.545001
0.542607
0.5401
0.537445
0.534861
0.532327
0.529395
0.528363
0.527431
0.528129
0.528946
0.529629
0.530157
0.530527
0.530734
0.530989
0.531633
0.532607
0.533993
0.535391
0.53732
0.539079
0.540675
0.542116
0.543406
0.54473
0.546581
0.548347
0.550007
0.551621
0.553145
0.554598
0.556177
0.557851
0.559402
0.560834
0.562139
0.563649
0.565654
0.567534
0.56929
0.570929
0.572454
0.573891
0.575265
0.57655
0.577816
0.57914
0.580734
0.582221
0.583556
0.584755
0.585829
0.586822
0.587786
0.58869
0.589579
0.590395
0.591133
0.591878
0.592561
0.593147
0.59375
0.594305
0.594912
0.595491
0.595996
0.596393
0.596685
0.596875
0.596963
0.597047
0.597077
0.597081
0.596995
0.596966
0.596884
0.596781
0.596602
0.596321
0.595988
0.595685
0.595377
0.595154
0.594859
0.594473
0.594021
0.593581
0.59306
0.592455
0.591793
0.591151
0.590427
0.589617
0.588784
0.588057
0.587311
0.586544
0.58573
0.584822
0.583883
0.582921
0.581964
0.581046
0.580036
0.578966
0.57786
0.576765
0.57557
0.574274
0.572873
0.571367
0.56981
0.568261
0.566686
0.565164
0.563585
0.561903
0.560202
0.558517
0.556687
0.554747
0.552708
0.550534
0.548202
0.545684
0.542934
0.539922
0.536602
0.533228
0.530709
0.528293
0.525765
0.523074
0.520261
0.517222
0.51393
0.510359
0.50648
0.502284
0.498157
0.493731
0.488788
0.483218
0.47689
0.473706
0.471692
0.469595
0.46737
0.465036
0.462535
0.459886
0.457214
0.454337
0.451225
0.447855
0.444194
0.440382
0.438223
0.436156
0.434714
0.433624
0.433264
0.432826
0.432285
0.431641
0.430893
0.430045
0.429204
0.428446
0.427893
0.427706
0.427372
0.42714
0.427305
0.427459
0.427514
0.428026
0.428602
0.429748
0.431036
0.432188
0.433214
0.434118
0.434905
0.437591
0.440591
0.44335
0.44587
0.449116
0.453818
0.458806
0.463575
0.467969
0.473014
0.478851
0.484262
0.489438
0.494288
0.498777
0.502937
0.50829
0.513861
0.51906
0.523917
0.529905
0.536051
0.541522
0.546489
0.551415
0.556077
0.562459
0.568365
0.573748
0.578695
0.583314
0.587628
0.591871
0.595817
0.600006
0.604159
0.60804
0.611595
0.614859
0.617858
0.620611
0.623161
0.625616
0.628097
0.630415
0.632641
0.634683
0.636585
0.638478
0.640246
0.641893
0.64352
0.645055
0.646557
0.647978
0.64924
0.650337
0.651263
0.65205
0.653009
0.65395
0.654936
0.655797
0.656564
0.657213
0.657717
0.658073
0.658276
0.658322
0.658848
0.65959
0.660191
0.660688
0.661086
0.661515
0.661997
0.662389
0.66266
0.662821
0.66285
0.662754
0.663131
0.663538
0.663796
0.663898
0.663836
0.663599
0.663862
0.664142
0.664492
0.664797
0.726148
0.727103
0.729145
0.73124
0.733015
0.734485
0.735673
0.73679
0.737803
0.738603
0.739204
0.739619
0.739855
0.740045
0.740173
0.740202
0.740148
0.740124
0.740109
0.739942
0.739629
0.739178
0.7386
0.737932
0.73716
0.736278
0.735394
0.734384
0.733342
0.732314
0.731198
0.729959
0.728639
0.727223
0.725763
0.724333
0.722792
0.721115
0.719297
0.717334
0.715252
0.713296
0.71122
0.709007
0.706654
0.704342
0.701875
0.699254
0.696434
0.6934
0.690254
0.687053
0.683718
0.680502
0.67698
0.673109
0.669349
0.665724
0.661799
0.657552
0.653139
0.64857
0.643596
0.638184
0.632449
0.626594
0.620251
0.615202
0.610054
0.604228
0.598769
0.594498
0.590841
0.587058
0.582875
0.578366
0.574524
0.571732
0.568575
0.565021
0.561028
0.556546
0.551737
0.548078
0.545001
0.542607
0.5401
0.537445
0.534861
0.532327
0.529395
0.528363
0.527431
0.528129
0.528946
0.529629
0.530157
0.530527
0.530734
0.530989
0.531633
0.532607
0.533993
0.535391
0.53732
0.539079
0.540675
0.542116
0.543406
0.54473
0.546581
0.548347
0.550007
0.551621
0.553145
0.554598
0.556177
0.557851
0.559402
0.560834
0.562139
0.563649
0.565654
0.567534
0.56929
0.570929
0.572454
0.573891
0.575265
0.57655
0.577816
0.57914
0.580734
0.582221
0.583556
0.584755
0.585829
0.586822
0.587786
0.58869
0.589579
0.590395
0.591133
0.591878
0.592561
0.593147
0.59375
0.594305
0.594912
0.595491
0.595996
0.596393
0.596685
0.596875
0.596963
0.597047
0.597077
0.597081
0.596995
0.596966
0.596884
0.596781
0.596602
0.596321
0.595988
0.595685
0.595377
0.595154
0.594859
0.594473
0.594021
0.593581
0.59306
0.592455
0.591793
0.591151
0.590427
0.589617
0.588784
0.588057
0.587311
0.586544
0.58573
0.584822
0.583883
0.582921
0.581964
0.581046
0.580036
0.578966
0.57786
0.576765
0.57557
0.574274
0.572873
0.571367
0.56981
0.568261
0.566686
0.565164
0.563585
0.561903
0.560202
0.558517
0.556687
0.554747
0.552708
0.550534
0.548202
0.545684
0.542934
0.539922
0.536602
0.533228
0.530709
0.528293
0.525765
0.523074
0.520261
0.517222
0.51393
0.510359
0.50648
0.502284
0.498157
0.493731
0.488788
0.483218
0.47689
0.473706
0.471692
0.469595
0.46737
0.465036
0.462535
0.459886
0.457214
0.454337
0.451225
0.447855
0.444194
0.440382
0.438223
0.436156
0.434714
0.433624
0.433264
0.432826
0.432285
0.431641
0.430893
0.430045
0.429204
0.428446
0.427893
0.427706
0.427372
0.42714
0.427305
0.427459
0.427514
0.428026
0.428602
0.429748
0.431036
0.432188
0.433214
0.434118
0.434905
0.437591
0.440591
0.44335
0.44587
0.449116
0.453818
0.458806
0.463575
0.467969
0.473014
0.478851
0.484262
0.489438
0.494288
0.498777
0.502937
0.50829
0.513861
0.51906
0.523917
0.529905
0.536051
0.541522
0.546489
0.551415
0.556077
0.562459
0.568365
0.573748
0.578695
0.583314
0.587628
0.591871
0.595817
0.600006
0.604159
0.60804
0.611595
0.614859
0.617858
0.620611
0.623161
0.625616
0.628097
0.630415
0.632641
0.634683
0.636585
0.638478
0.640246
0.641893
0.64352
0.645055
0.646557
0.647978
0.64924
0.650337
0.651263
0.65205
0.653009
0.65395
0.654936
0.655797
0.656564
0.657213
0.657717
0.658073
0.658276
0.658322
0.658848
0.65959
0.660191
0.660688
0.661086
0.661515
0.661997
0.662389
0.66266
0.662821
0.66285
0.662754
0.663131
0.663538
0.663796
0.663898
0.663836
0.663599
0.663862
0.664142
0.664492
0.664797
0.1933
0.193534
0.193691
0.193769
0.193763
0.193664
0.193459
0.193126
0.192751
0.192597
0.192645
0.192776
0.193006
0.193256
0.193463
0.193649
0.193828
0.193952
0.194019
0.194028
0.193971
0.193844
0.193697
0.193525
0.193264
0.193129
0.193091
0.192997
0.192846
0.192821
0.192927
0.192993
0.193014
0.192986
0.192916
0.192915
0.192958
0.193031
0.193048
0.19301
0.192914
0.192806
0.192833
0.192832
0.192827
0.192799
0.192726
0.192609
0.192516
0.192475
0.192387
0.192313
0.192195
0.192035
0.191836
0.191596
0.191316
0.191022
0.190842
0.190671
0.190465
0.190224
0.189949
0.189638
0.18929
0.188931
0.188545
0.188159
0.187792
0.18739
0.186955
0.186494
0.186037
0.185557
0.185106
0.184676
0.184209
0.183707
0.183166
0.182621
0.182112
0.181617
0.181092
0.180528
0.179928
0.179297
0.17869
0.178179
0.177632
0.177043
0.176504
0.176369
0.176148
0.175905
0.175962
0.175913
0.175771
0.175548
0.175246
0.174874
0.174463
0.174019
0.173522
0.17301
0.172541
0.17212
0.172213
0.173751
0.176303
0.178642
0.180642
0.182355
0.183827
0.185089
0.186165
0.187077
0.187842
0.188472
0.18898
0.189373
0.189658
0.189839
0.190168
0.190931
0.191922
0.193099
0.19413
0.195125
0.195972
0.196702
0.197337
0.197856
0.198263
0.198568
0.198775
0.198893
0.198931
0.198912
0.198794
0.198609
0.198426
0.198147
0.197778
0.197355
0.196968
0.196499
0.19594
0.195289
0.194542
0.193764
0.19296
0.192087
0.191102
0.19
0.188768
0.187412
0.186197
0.184876
0.183459
0.181942
0.180277
0.178451
0.176685
0.1752
0.173487
0.171743
0.16988
0.167813
0.16551
0.16293
0.160002
0.156634
0.154838
0.153623
0.152269
0.150755
0.14905
0.147091
0.144726
0.142245
0.140012
0.13812
0.13741
0.13658
0.135582
0.134384
0.132953
0.131241
0.130062
0.130101
0.130064
0.129938
0.129685
0.129318
0.129213
0.12925
0.129351
0.129389
0.129364
0.129277
0.129209
0.1296
0.129989
0.130306
0.130562
0.131143
0.131688
0.132156
0.132655
0.1331
0.133488
0.133825
0.13411
0.134347
0.134543
0.134715
0.134872
0.134997
0.135223
0.135497
0.136046
0.136773
0.137601
0.138375
0.139068
0.139686
0.140235
0.14072
0.141145
0.141512
0.141824
0.142083
0.142292
0.14245
0.14256
0.142621
0.142666
0.142808
0.143146
0.143699
0.144279
0.144925
0.145532
0.146106
0.146641
0.147118
0.147531
0.147888
0.148202
0.148456
0.148655
0.148927
0.14912
0.14925
0.149644
0.14998
0.15024
0.150455
0.150868
0.151279
0.151624
0.151904
0.152119
0.152345
0.15263
0.152954
0.15324
0.153462
0.153621
0.153715
0.15391
0.154134
0.154351
0.154544
0.154688
0.154786
0.154847
0.154987
0.155106
0.155202
0.155282
0.155319
0.155315
0.15527
0.155186
0.155064
0.154978
0.15499
0.154972
0.154919
0.154829
0.154702
0.154536
0.154335
0.154123
0.153876
0.153657
0.15342
0.153144
0.152828
0.152478
0.152112
0.151729
0.151407
0.151043
0.150633
0.15017
0.14964
0.149129
0.148597
0.148073
0.147491
0.146846
0.146135
0.145357
0.144647
0.143882
0.143007
0.14198
0.141254
0.140521
0.139613
0.138819
0.138067
0.137235
0.136324
0.135327
0.134221
0.132992
0.131636
0.130154
0.128469
0.126624
0.124482
0.122469
0.120827
0.120187
0.120068
0.119891
0.119658
0.119368
0.11902
0.118611
0.118138
0.117594
0.116973
0.116262
0.115443
0.114489
0.113349
0.112004
0.110926
0.110356
0.110115
0.10991
0.109793
0.10967
0.109536
0.109401
0.10925
0.136298
0.136994
0.137641
0.138243
0.138799
0.139311
0.13978
0.140207
0.140674
0.141373
0.142233
0.143126
0.144077
0.145011
0.145876
0.146698
0.1475
0.148239
0.148917
0.149541
0.150112
0.150645
0.151201
0.151715
0.152151
0.152733
0.153368
0.153914
0.154386
0.154964
0.155643
0.15626
0.156812
0.1573
0.157732
0.158226
0.158775
0.159329
0.159812
0.160235
0.160601
0.160961
0.161441
0.161882
0.162307
0.162704
0.16305
0.163349
0.163664
0.164025
0.164337
0.164654
0.16492
0.165139
0.165315
0.165448
0.165537
0.165608
0.165783
0.165954
0.16608
0.16616
0.166194
0.166181
0.16612
0.166037
0.165913
0.165775
0.165637
0.165447
0.165204
0.164912
0.164601
0.164241
0.16388
0.163508
0.163068
0.162558
0.161973
0.161348
0.160721
0.160067
0.159338
0.158521
0.15761
0.156606
0.155553
0.154512
0.153345
0.152033
0.150654
0.149594
0.148383
0.147064
0.146008
0.144843
0.143559
0.142148
0.140593
0.13888
0.137021
0.134993
0.132749
0.130292
0.12764
0.124751
0.122064
0.120624
0.12035
0.120187
0.119954
0.119652
0.11928
0.118837
0.118318
0.11772
0.117034
0.116254
0.115369
0.114365
0.113225
0.111929
0.110715
0.109966
0.109583
0.109539
0.109498
0.109552
0.109581
0.109599
0.109621
0.109616
0.109579
0.109515
0.109422
0.109304
0.109169
0.109038
0.108874
0.108704
0.108595
0.108453
0.108282
0.108117
0.108044
0.107946
0.107818
0.107659
0.107469
0.107313
0.107211
0.107107
0.106962
0.106781
0.106567
0.106339
0.106324
0.106249
0.106141
0.106011
0.105832
0.105606
0.10557
0.105908
0.106167
0.10654
0.106765
0.106871
0.106888
0.106828
0.106698
0.106503
0.108125
0.110013
0.111547
0.112801
0.113825
0.114652
0.115305
0.116305
0.117174
0.118251
0.120346
0.122187
0.123791
0.125183
0.126397
0.127477
0.129285
0.131971
0.134216
0.136109
0.137707
0.139163
0.140614
0.14195
0.143182
0.144222
0.145093
0.145807
0.146455
0.14747
0.148409
0.149215
0.149906
0.150852
0.151704
0.152434
0.153149
0.153765
0.154285
0.154714
0.155054
0.155304
0.15547
0.155566
0.155599
0.155549
0.155544
0.155538
0.155762
0.156148
0.156654
0.157138
0.157568
0.157947
0.158272
0.158545
0.158763
0.158925
0.159029
0.159072
0.15905
0.15896
0.158795
0.158548
0.158248
0.158017
0.157995
0.158217
0.158514
0.158917
0.159321
0.159727
0.160122
0.160481
0.160794
0.161065
0.161298
0.161475
0.161596
0.161795
0.16193
0.162013
0.162377
0.16272
0.163022
0.163308
0.163815
0.164351
0.164849
0.165308
0.165727
0.166178
0.166707
0.167298
0.167859
0.168376
0.168852
0.169286
0.169838
0.170428
0.171021
0.171602
0.172145
0.172653
0.173136
0.173705
0.174266
0.174822
0.175359
0.175859
0.176326
0.176761
0.177166
0.177543
0.177966
0.178485
0.178977
0.179438
0.179867
0.180264
0.18063
0.180972
0.181304
0.181602
0.181931
0.182249
0.182535
0.18279
0.183021
0.183248
0.183474
0.183765
0.184017
0.184229
0.184403
0.184539
0.184705
0.184843
0.184999
0.185118
0.185199
0.185244
0.18526
0.185383
0.185504
0.185585
0.185621
0.18603
0.186417
0.1867
0.18717
0.187544
0.187789
0.187949
0.188048
0.188081
0.188057
0.187991
0.187917
0.187794
0.187717
0.187645
0.188108
0.189448
0.191744
0.193947
0.195637
0.196984
0.198081
0.198981
0.199724
0.200331
0.20082
0.201204
0.201491
0.201689
0.201802
0.201835
0.201865
0.202225
0.202916
0.203717
0.204378
0.204984
0.205466
0.205838
0.206118
0.206301
