1.89065
1.89033
1.88997
1.88957
1.88944
1.88933
1.88919
1.88902
1.88881
1.88866
1.88903
1.88939
1.88975
1.89009
1.89042
1.89074
1.89104
1.89133
1.89161
1.8919
1.89223
1.89253
1.89283
1.89311
1.89337
1.89362
1.89385
1.89407
1.89427
1.89446
1.89464
1.8948
1.89494
1.89508
1.89521
1.89532
1.89542
1.8955
1.89557
1.89562
1.89566
1.89569
1.8957
1.8957
1.89568
1.89565
1.89561
1.89555
1.89548
1.89539
1.89529
1.89518
1.89505
1.89491
1.89476
1.89459
1.89441
1.89423
1.89405
1.89386
1.89366
1.89344
1.89322
1.89298
1.89273
1.89247
1.89219
1.89191
1.89161
1.8913
1.89098
1.89077
1.89056
1.89035
1.89013
1.8899
1.88966
1.88942
1.88917
1.88891
1.88868
1.88855
1.88842
1.88827
1.88812
1.88796
1.88789
1.88794
1.88797
1.888
1.888
1.88799
1.88797
1.88793
1.88788
1.88781
1.88794
1.8881
1.88823
1.88833
1.88842
1.88848
1.88851
1.88852
1.88851
1.88847
1.88841
1.88833
1.88821
1.88827
1.8885
1.88869
1.88883
1.88894
1.88901
1.88906
1.88906
1.88902
1.88895
1.88883
1.88868
1.88849
1.88826
1.88799
1.88768
1.88734
1.88695
1.88653
1.88612
1.88582
1.88547
1.88507
1.88462
1.88412
1.88363
1.8831
1.88253
1.88191
1.88125
1.88054
1.87979
1.87899
1.87814
1.87725
1.87632
1.87535
1.87433
1.87336
1.87249
1.87157
1.87063
1.86965
1.86863
1.86758
1.8665
1.86539
1.86424
1.86332
1.86243
1.86151
1.86056
1.85959
1.85869
1.85846
1.85825
1.85804
1.85782
1.85761
1.85739
1.85718
1.85696
1.85675
1.85657
1.85646
1.85634
1.85623
1.85611
1.85599
1.85587
1.85574
1.85562
1.8555
1.85537
1.85525
1.85512
1.85499
1.85488
1.85477
1.85466
1.85455
1.85444
1.85434
1.85423
1.85412
1.85401
1.85391
1.8538
1.8537
1.85359
1.85349
1.85339
1.85329
1.85319
1.85309
1.853
1.85291
1.85282
1.85273
1.85264
1.85256
1.85248
1.85243
1.85239
1.85235
1.85231
1.85227
1.85224
1.85221
1.85218
1.85216
1.85213
1.85211
1.8521
1.85208
1.85224
1.85241
1.85259
1.85278
1.85298
1.85318
1.85339
1.8536
1.85383
1.8541
1.85451
1.85492
1.85534
1.85576
1.85619
1.85674
1.85744
1.85815
1.85885
1.85955
1.86025
1.86094
1.86163
1.86231
1.86299
1.86393
1.86491
1.86587
1.86681
1.86774
1.86865
1.86954
1.87041
1.87127
1.8721
1.87292
1.87371
1.87448
1.87539
1.87641
1.87741
1.87836
1.87929
1.88019
1.88105
1.88188
1.88268
1.88344
1.88417
1.88486
1.88551
1.88613
1.88671
1.88725
1.88775
1.88822
1.88865
1.88908
1.88962
1.8901
1.89053
1.89092
1.89125
1.89158
1.89188
1.89213
1.89232
1.89247
1.89257
1.89262
1.89262
1.89257
1.89248
1.89233
1.89214
1.8919
1.89172
1.89164
1.89152
1.89136
1.89116
1.89093
1.89065
1.89033
1.88997
1.88957
1.88944
1.88933
1.88919
1.88902
1.88881
1.88866
1.88903
1.88939
1.88975
1.89009
1.89042
1.89074
1.89104
1.89134
1.89161
1.8919
1.89223
1.89254
1.89283
1.89311
1.89337
1.89362
1.89385
1.89407
1.89427
1.89446
1.89464
1.8948
1.89494
1.89508
1.89521
1.89532
1.89542
1.8955
1.89557
1.89562
1.89566
1.89569
1.8957
1.8957
1.89568
1.89565
1.89561
1.89555
1.89548
1.89539
1.89529
1.89518
1.89505
1.89491
1.89065
1.89033
1.88997
1.88957
1.88944
1.88933
1.88919
1.88902
1.88881
1.88866
1.88903
1.88939
1.88975
1.89009
1.89042
1.89074
1.89104
1.89133
1.89161
1.8919
1.89223
1.89253
1.89283
1.89311
1.89337
1.89362
1.89385
1.89407
1.89427
1.89446
1.89464
1.8948
1.89494
1.89508
1.89521
1.89532
1.89542
1.8955
1.89557
1.89562
1.89566
1.89569
1.8957
1.8957
1.89568
1.89565
1.89561
1.89555
1.89548
1.89539
1.89529
1.89518
1.89505
1.89491
1.89476
1.89459
1.89441
1.89423
1.89405
1.89386
1.89366
1.89344
1.89322
1.89298
1.89273
1.89247
1.89219
1.89191
1.89161
1.8913
1.89098
1.89077
1.89056
1.89035
1.89013
1.8899
1.88966
1.88942
1.88917
1.88891
1.88868
1.88855
1.88842
1.88827
1.88812
1.88796
1.88789
1.88794
1.88797
1.888
1.888
1.88799
1.88797
1.88793
1.88788
1.88781
1.88794
1.8881
1.88823
1.88833
1.88842
1.88848
1.88851
1.88852
1.88851
1.88847
1.88841
1.88833
1.88821
1.88827
1.8885
1.88869
1.88883
1.88894
1.88901
1.88906
1.88906
1.88902
1.88895
1.88883
1.88868
1.88849
1.88826
1.88799
1.88768
1.88734
1.88695
1.88653
1.88612
1.88582
1.88547
1.88507
1.88462
1.88412
1.88363
1.8831
1.88253
1.88191
1.88125
1.88054
1.87979
1.87899
1.87814
1.87725
1.87632
1.87535
1.87433
1.87336
1.87249
1.87157
1.87063
1.86965
1.86863
1.86758
1.8665
1.86539
1.86424
1.86332
1.86243
1.86151
1.86056
1.85959
1.85869
1.85846
1.85825
1.85804
1.85782
1.85761
1.85739
1.85718
1.85696
1.85675
1.85657
1.85646
1.85634
1.85623
1.85611
1.85599
1.85587
1.85574
1.85562
1.8555
1.85537
1.85525
1.85512
1.85499
1.85488
1.85477
1.85466
1.85455
1.85444
1.85434
1.85423
1.85412
1.85401
1.85391
1.8538
1.8537
1.85359
1.85349
1.85339
1.85329
1.85319
1.85309
1.853
1.85291
1.85282
1.85273
1.85264
1.85256
1.85248
1.85243
1.85239
1.85235
1.85231
1.85227
1.85224
1.85221
1.85218
1.85216
1.85213
1.85211
1.8521
1.85208
1.85224
1.85241
1.85259
1.85278
1.85298
1.85318
1.85339
1.8536
1.85383
1.8541
1.85451
1.85492
1.85534
1.85576
1.85619
1.85674
1.85744
1.85815
1.85885
1.85955
1.86025
1.86094
1.86163
1.86231
1.86299
1.86393
1.86491
1.86587
1.86681
1.86774
1.86865
1.86954
1.87041
1.87127
1.8721
1.87292
1.87371
1.87448
1.87539
1.87641
1.87741
1.87836
1.87929
1.88019
1.88105
1.88188
1.88268
1.88344
1.88417
1.88486
1.88551
1.88613
1.88671
1.88725
1.88775
1.88822
1.88865
1.88908
1.88962
1.8901
1.89053
1.89092
1.89125
1.89158
1.89188
1.89213
1.89232
1.89247
1.89257
1.89262
1.89262
1.89257
1.89248
1.89233
1.89214
1.8919
1.89172
1.89164
1.89152
1.89136
1.89116
1.89093
1.89065
1.89033
1.88997
1.88957
1.88944
1.88933
1.88919
1.88902
1.88881
1.88866
1.88903
1.88939
1.88975
1.89009
1.89042
1.89074
1.89104
1.89134
1.89161
1.8919
1.89223
1.89254
1.89283
1.89311
1.89337
1.89362
1.89385
1.89407
1.89427
1.89446
1.89464
1.8948
1.89494
1.89508
1.89521
1.89532
1.89542
1.8955
1.89557
1.89562
1.89566
1.89569
1.8957
1.8957
1.89568
1.89565
1.89561
1.89555
1.89548
1.89539
1.89529
1.89518
1.89505
1.89491
0.176375
0.177789
0.178979
0.179959
0.18076
0.18138
0.181879
0.18234
0.18281
0.183261
0.183808
0.184266
0.184586
0.184785
0.184852
0.184797
0.184592
0.184298
0.183893
0.183375
0.18301
0.182538
0.18193
0.18129
0.18074
0.180083
0.17923
0.178119
0.177249
0.176457
0.175565
0.174523
0.173527
0.17299
0.172377
0.171636
0.170727
0.169613
0.168209
0.167597
0.16721
0.166711
0.166103
0.165384
0.164604
0.163909
0.163521
0.163014
0.162415
0.161722
0.161195
0.160625
0.159956
0.159204
0.158475
0.157888
0.157205
0.15643
0.155734
0.155097
0.154365
0.153626
0.152811
0.15192
0.150957
0.149915
0.148798
0.147647
0.146493
0.145389
0.14446
0.143686
0.142948
0.142148
0.141273
0.140324
0.139304
0.138213
0.13705
0.135814
0.134504
0.133117
0.131665
0.130292
0.129158
0.128286
0.127505
0.126766
0.126013
0.125214
0.124368
0.123495
0.122609
0.121658
0.12086
0.119986
0.119191
0.118643
0.118015
0.117309
0.116687
0.116466
0.116195
0.115762
0.115297
0.115744
0.115999
0.116088
0.115993
0.116283
0.117064
0.119189
0.120598
0.121566
0.122159
0.123007
0.12642
0.129266
0.131592
0.133449
0.135749
0.138158
0.141029
0.143645
0.145602
0.146798
0.148119
0.151174
0.153755
0.155931
0.157991
0.159838
0.161312
0.162307
0.163122
0.164378
0.164899
0.165545
0.167385
0.169017
0.170463
0.171719
0.172799
0.173695
0.174452
0.175088
0.175702
0.176413
0.177301
0.178281
0.179173
0.179947
0.180605
0.181152
0.181589
0.181919
0.182143
0.182305
0.18236
0.182351
0.182369
0.182422
0.182572
0.182695
0.182824
0.182873
0.182849
0.182747
0.182573
0.182308
0.182006
0.181657
0.181229
0.180943
0.180655
0.180267
0.179819
0.179552
0.179429
0.179131
0.17869
0.178542
0.178547
0.178427
0.178149
0.177783
0.177956
0.17864
0.17927
0.17953
0.179517
0.179283
0.179842
0.180595
0.181086
0.181339
0.181377
0.181729
0.18195
0.182289
0.182411
0.182378
0.182192
0.182122
0.18195
0.18162
0.181181
0.180826
0.180464
0.179966
0.179344
0.17884
0.178318
0.177691
0.177052
0.176327
0.175524
0.174641
0.173673
0.172623
0.171529
0.170424
0.169366
0.168475
0.167784
0.167125
0.1664
0.165596
0.164713
0.163754
0.162719
0.161607
0.160416
0.159157
0.157847
0.156458
0.155125
0.154003
0.153099
0.152322
0.151588
0.150828
0.149975
0.149022
0.147976
0.146814
0.145529
0.144297
0.14294
0.141721
0.140637
0.139424
0.138068
0.136765
0.135429
0.133885
0.132044
0.130034
0.128585
0.126993
0.125222
0.123215
0.121811
0.120457
0.118959
0.117165
0.114983
0.112206
0.109611
0.108939
0.108096
0.107063
0.105824
0.104661
0.103526
0.103453
0.103276
0.102835
0.102084
0.101934
0.10393
0.10553
0.106792
0.110233
0.11314
0.115494
0.117377
0.118993
0.121394
0.123534
0.126398
0.131004
0.135801
0.140999
0.145398
0.149186
0.15246
0.155362
0.15793
0.160344
0.162675
0.165254
0.168072
0.1706
0.172807
0.174725
0.176379
0.177792
0.178982
0.179961
0.180762
0.181382
0.18188
0.182341
0.182811
0.183263
0.18381
0.184267
0.184587
0.184786
0.184852
0.184796
0.184592
0.184297
0.183891
0.183374
0.183009
0.182537
0.181928
0.181288
0.180739
0.180079
0.179228
0.178116
0.177247
0.176455
0.175562
0.17452
0.173525
0.172989
0.172375
0.171634
0.170725
0.16961
0.168205
0.167596
0.167209
0.16671
0.166101
0.165382
0.164601
0.163908
0.16352
0.163013
0.162413
0.16172
0.161194
0.160623
0.159954
0.1592
0.128619
0.129489
0.130304
0.131063
0.131836
0.132568
0.133311
0.134151
0.135123
0.136163
0.137259
0.138351
0.139393
0.140399
0.141356
0.142273
0.143141
0.144015
0.144853
0.14566
0.146666
0.147615
0.148483
0.149382
0.150411
0.151398
0.152295
0.1531
0.15428
0.155402
0.156385
0.157232
0.158156
0.159486
0.160683
0.161758
0.16269
0.163484
0.164165
0.165704
0.167175
0.168398
0.169428
0.170283
0.171041
0.17187
0.172972
0.173943
0.174815
0.17561
0.17656
0.177409
0.178129
0.178735
0.179354
0.180105
0.180757
0.181314
0.181942
0.182626
0.183221
0.183804
0.184302
0.184716
0.185057
0.185314
0.185486
0.185614
0.18572
0.185858
0.186138
0.186577
0.187021
0.187366
0.187603
0.187734
0.187755
0.187667
0.187466
0.187149
0.186722
0.1862
0.185569
0.184959
0.184507
0.184221
0.183947
0.183637
0.183196
0.182584
0.181789
0.180802
0.179677
0.17835
0.177028
0.175487
0.17388
0.172343
0.170537
0.168424
0.16609
0.163753
0.16132
0.158521
0.155412
0.153024
0.150312
0.147233
0.143683
0.140039
0.136074
0.133425
0.130395
0.12692
0.122926
0.118951
0.117567
0.115844
0.113718
0.111046
0.108436
0.106687
0.105876
0.105251
0.104397
0.103312
0.103139
0.104401
0.105076
0.105351
0.105688
0.106129
0.106512
0.106761
0.1072
0.108394
0.109429
0.11163
0.114121
0.115901
0.117308
0.118453
0.119406
0.120194
0.120883
0.121517
0.122216
0.123118
0.124354
0.125554
0.126498
0.127287
0.127951
0.128502
0.128948
0.129296
0.129549
0.12974
0.129853
0.129915
0.129986
0.130079
0.130289
0.130662
0.131051
0.131364
0.131606
0.131764
0.131843
0.131824
0.131755
0.131618
0.131384
0.131273
0.131136
0.130862
0.130466
0.130111
0.129897
0.129517
0.12895
0.128621
0.128466
0.128194
0.127737
0.127104
0.126789
0.126588
0.126837
0.126942
0.126885
0.126668
0.127277
0.128212
0.12901
0.129643
0.129972
0.130741
0.131707
0.132934
0.134062
0.135132
0.136142
0.137337
0.138487
0.139535
0.140505
0.141654
0.142858
0.143983
0.145032
0.146226
0.147412
0.148512
0.149606
0.150614
0.151545
0.152409
0.153198
0.153913
0.154591
0.15526
0.155979
0.156855
0.157871
0.158899
0.159841
0.160691
0.161451
0.16212
0.162698
0.163184
0.163576
0.163874
0.164074
0.164192
0.164338
0.164665
0.16518
0.165775
0.166359
0.166914
0.167376
0.167741
0.168019
0.168206
0.168328
0.16849
0.16851
0.168612
0.168808
0.168859
0.168764
0.168723
0.168662
0.168462
0.168108
0.167891
0.168043
0.167842
0.167381
0.166669
0.166537
0.166321
0.165878
0.165134
0.164086
0.162726
0.16222
0.162822
0.162491
0.161478
0.159833
0.15781
0.155789
0.154577
0.152889
0.150559
0.14756
0.144863
0.143698
0.141622
0.13833
0.136834
0.135525
0.133815
0.131612
0.128999
0.126901
0.124209
0.121794
0.121157
0.120374
0.121014
0.121534
0.121941
0.122223
0.12244
0.122562
0.122704
0.122912
0.123514
0.12459
0.125682
0.126718
0.127697
0.128622
0.129491
0.130306
0.131064
0.131838
0.132571
0.133314
0.134154
0.135126
0.136166
0.137262
0.138353
0.139396
0.140402
0.141359
0.142277
0.143143
0.144018
0.144855
0.145663
0.146669
0.147617
0.148485
0.149384
0.150413
0.151402
0.152298
0.153102
0.154283
0.155404
0.156387
0.157234
0.158159
0.159489
0.160688
0.161761
0.162693
0.163486
0.164167
0.165708
0.167179
0.168401
0.169431
0.170285
0.171044
0.171873
0.172975
0.173945
0.174817
0.175612
0.176562
0.177411
0.17813
0.178738
0.499258
0.499361
0.499499
0.499543
0.49974
0.499878
0.499913
0.499841
0.499656
0.499379
0.499138
0.498921
0.498705
0.498601
0.498489
0.498419
0.49839
0.498227
0.497865
0.497356
0.496816
0.496043
0.495158
0.494145
0.49345
0.492513
0.491536
0.490224
0.488605
0.487254
0.485536
0.483659
0.481199
0.479327
0.477049
0.474893
0.472084
0.469094
0.467618
0.466708
0.465268
0.463031
0.462503
0.461466
0.460598
0.458172
0.456755
0.455422
0.457574
0.459702
0.460562
0.46081
0.460069
0.462443
0.465225
0.468039
0.469602
0.473439
0.477711
0.480744
0.482757
0.483987
0.484552
0.484716
0.484444
0.48464
0.486531
0.488035
0.48908
0.489662
0.489827
0.489713
0.489259
0.488546
0.487554
0.48653
0.485792
0.485175
0.484905
0.484438
0.483842
0.483135
0.482259
0.481218
0.48002
0.478672
0.477231
0.47568
0.474214
0.472789
0.47139
0.470097
0.468999
0.467864
0.466618
0.465237
0.46387
0.462408
0.460795
0.459221
0.4576
0.45602
0.454328
0.452553
0.450629
0.448718
0.446794
0.444702
0.442396
0.440091
0.437872
0.435531
0.433241
0.430624
0.428111
0.426135
0.42413
0.422
0.419648
0.417072
0.414579
0.412076
0.409485
0.407334
0.405479
0.403763
0.40202
0.400272
0.398575
0.397218
0.396072
0.395297
0.394514
0.393703
0.393051
0.392332
0.391559
0.390797
0.390288
0.389979
0.389821
0.389848
0.390121
0.390448
0.390769
0.391044
0.391269
0.391449
0.391587
0.391698
0.39182
0.391891
0.392373
0.393278
0.394488
0.395894
0.397236
0.398652
0.400006
0.401283
0.402484
0.403606
0.404831
0.406545
0.409269
0.412574
0.415843
0.419314
0.422847
0.426428
0.429886
0.433176
0.436535
0.441007
0.445208
0.45008
0.455488
0.461667
0.467645
0.473486
0.478998
0.484192
0.490393
0.497016
0.505738
0.513372
0.521091
0.528178
0.534487
0.540065
0.545191
0.54986
0.556184
0.561611
0.566108
0.570916
0.574824
0.578071
0.580396
0.582038
0.583034
0.584228
0.584788
0.584528
0.583504
0.581517
0.578649
0.574676
0.569457
0.562469
0.558535
0.556008
0.552858
0.549076
0.544694
0.539718
0.533889
0.527162
0.519603
0.511988
0.506022
0.503834
0.50137
0.498619
0.495577
0.492219
0.488596
0.484614
0.480367
0.476048
0.472523
0.472014
0.471404
0.470726
0.47001
0.469176
0.468224
0.46715
0.465953
0.464768
0.463738
0.463616
0.463852
0.464521
0.465206
0.465952
0.46662
0.467185
0.467643
0.468698
0.470006
0.471103
0.472588
0.47399
0.475399
0.476669
0.477839
0.478984
0.480144
0.482243
0.484533
0.486845
0.488901
0.490821
0.492472
0.493879
0.495116
0.496247
0.497514
0.498842
0.49993
0.500858
0.501652
0.502317
0.502836
0.503174
0.503404
0.503595
0.503883
0.504171
0.504368
0.504468
0.504518
0.504553
0.50461
0.504563
0.504416
0.504302
0.504084
0.503756
0.50334
0.502944
0.502561
0.502205
0.501922
0.50188
0.501862
0.501783
0.50161
0.501341
0.501065
0.500817
0.500485
0.500089
0.499594
0.499366
0.499258
0.499361
0.499499
0.499544
0.499741
0.499878
0.499913
0.49984
0.499656
0.499378
0.499138
0.49892
0.498705
0.4986
0.498489
0.49842
0.498389
0.498226
0.497864
0.497355
0.496815
0.49604
0.495156
0.494142
0.493448
0.492508
0.491533
0.49022
0.488602
0.48725
0.485532
0.483653
0.481192
0.479322
0.477038
0.474886
0.472076
0.469086
0.467614
0.466705
0.465264
0.463031
0.4625
0.461465
0.460591
0.458163
0.456751
0.455422
0.457582
0.459706
0.460562
0.46081
0.460068
0.462455
0.499258
0.499361
0.499499
0.499543
0.49974
0.499878
0.499913
0.499841
0.499656
0.499379
0.499138
0.498921
0.498705
0.498601
0.498489
0.498419
0.49839
0.498227
0.497865
0.497356
0.496816
0.496043
0.495158
0.494145
0.49345
0.492513
0.491536
0.490224
0.488605
0.487254
0.485536
0.483659
0.481199
0.479327
0.477049
0.474893
0.472084
0.469094
0.467618
0.466708
0.465268
0.463031
0.462503
0.461466
0.460598
0.458172
0.456755
0.455422
0.457574
0.459702
0.460562
0.46081
0.460069
0.462443
0.465225
0.468039
0.469602
0.473439
0.477711
0.480744
0.482757
0.483987
0.484552
0.484716
0.484444
0.48464
0.486531
0.488035
0.48908
0.489662
0.489827
0.489713
0.489259
0.488546
0.487554
0.48653
0.485792
0.485175
0.484905
0.484438
0.483842
0.483135
0.482259
0.481218
0.48002
0.478672
0.477231
0.47568
0.474214
0.472789
0.47139
0.470097
0.468999
0.467864
0.466618
0.465237
0.46387
0.462408
0.460795
0.459221
0.4576
0.45602
0.454328
0.452553
0.450629
0.448718
0.446794
0.444702
0.442396
0.440091
0.437872
0.435531
0.433241
0.430624
0.428111
0.426135
0.42413
0.422
0.419648
0.417072
0.414579
0.412076
0.409485
0.407334
0.405479
0.403763
0.40202
0.400272
0.398575
0.397218
0.396072
0.395297
0.394514
0.393703
0.393051
0.392332
0.391559
0.390797
0.390288
0.389979
0.389821
0.389848
0.390121
0.390448
0.390769
0.391044
0.391269
0.391449
0.391587
0.391698
0.39182
0.391891
0.392373
0.393278
0.394488
0.395894
0.397236
0.398652
0.400006
0.401283
0.402484
0.403606
0.404831
0.406545
0.409269
0.412574
0.415843
0.419314
0.422847
0.426428
0.429886
0.433176
0.436535
0.441007
0.445208
0.45008
0.455488
0.461667
0.467645
0.473486
0.478998
0.484192
0.490393
0.497016
0.505738
0.513372
0.521091
0.528178
0.534487
0.540065
0.545191
0.54986
0.556184
0.561611
0.566108
0.570916
0.574824
0.578071
0.580396
0.582038
0.583034
0.584228
0.584788
0.584528
0.583504
0.581517
0.578649
0.574676
0.569457
0.562469
0.558535
0.556008
0.552858
0.549076
0.544694
0.539718
0.533889
0.527162
0.519603
0.511988
0.506022
0.503834
0.50137
0.498619
0.495577
0.492219
0.488596
0.484614
0.480367
0.476048
0.472523
0.472014
0.471404
0.470726
0.47001
0.469176
0.468224
0.46715
0.465953
0.464768
0.463738
0.463616
0.463852
0.464521
0.465206
0.465952
0.46662
0.467185
0.467643
0.468698
0.470006
0.471103
0.472588
0.47399
0.475399
0.476669
0.477839
0.478984
0.480144
0.482243
0.484533
0.486845
0.488901
0.490821
0.492472
0.493879
0.495116
0.496247
0.497514
0.498842
0.49993
0.500858
0.501652
0.502317
0.502836
0.503174
0.503404
0.503595
0.503883
0.504171
0.504368
0.504468
0.504518
0.504553
0.50461
0.504563
0.504416
0.504302
0.504084
0.503756
0.50334
0.502944
0.502561
0.502205
0.501922
0.50188
0.501862
0.501783
0.50161
0.501341
0.501065
0.500817
0.500485
0.500089
0.499594
0.499366
0.499258
0.499361
0.499499
0.499544
0.499741
0.499878
0.499913
0.49984
0.499656
0.499378
0.499138
0.49892
0.498705
0.4986
0.498489
0.49842
0.498389
0.498226
0.497864
0.497355
0.496815
0.49604
0.495156
0.494142
0.493448
0.492508
0.491533
0.49022
0.488602
0.48725
0.485532
0.483653
0.481192
0.479322
0.477038
0.474886
0.472076
0.469086
0.467614
0.466705
0.465264
0.463031
0.4625
0.461465
0.460591
0.458163
0.456751
0.455422
0.457582
0.459706
0.460562
0.46081
0.460068
0.462455
0.176375
0.177789
0.178979
0.179959
0.18076
0.18138
0.181879
0.18234
0.18281
0.183261
0.183808
0.184266
0.184586
0.184785
0.184852
0.184797
0.184592
0.184298
0.183893
0.183375
0.18301
0.182538
0.18193
0.18129
0.18074
0.180083
0.17923
0.178119
0.177249
0.176457
0.175565
0.174523
0.173527
0.17299
0.172377
0.171636
0.170727
0.169613
0.168209
0.167597
0.16721
0.166711
0.166103
0.165384
0.164604
0.163909
0.163521
0.163014
0.162415
0.161722
0.161195
0.160625
0.159956
0.159204
0.158475
0.157888
0.157205
0.15643
0.155734
0.155097
0.154365
0.153626
0.152811
0.15192
0.150957
0.149915
0.148798
0.147647
0.146493
0.145389
0.14446
0.143686
0.142948
0.142148
0.141273
0.140324
0.139304
0.138213
0.13705
0.135814
0.134504
0.133117
0.131665
0.130292
0.129158
0.128286
0.127505
0.126766
0.126013
0.125214
0.124368
0.123495
0.122609
0.121658
0.12086
0.119986
0.119191
0.118643
0.118015
0.117309
0.116687
0.116466
0.116195
0.115762
0.115297
0.115744
0.115999
0.116088
0.115993
0.116283
0.117064
0.119189
0.120598
0.121566
0.122159
0.123007
0.12642
0.129266
0.131592
0.133449
0.135749
0.138158
0.141029
0.143645
0.145602
0.146798
0.148119
0.151174
0.153755
0.155931
0.157991
0.159838
0.161312
0.162307
0.163122
0.164378
0.164899
0.165545
0.167385
0.169017
0.170463
0.171719
0.172799
0.173695
0.174452
0.175088
0.175702
0.176413
0.177301
0.178281
0.179173
0.179947
0.180605
0.181152
0.181589
0.181919
0.182143
0.182305
0.18236
0.182351
0.182369
0.182422
0.182572
0.182695
0.182824
0.182873
0.182849
0.182747
0.182573
0.182308
0.182006
0.181657
0.181229
0.180943
0.180655
0.180267
0.179819
0.179552
0.179429
0.179131
0.17869
0.178542
0.178547
0.178427
0.178149
0.177783
0.177956
0.17864
0.17927
0.17953
0.179517
0.179283
0.179842
0.180595
0.181086
0.181339
0.181377
0.181729
0.18195
0.182289
0.182411
0.182378
0.182192
0.182122
0.18195
0.18162
0.181181
0.180826
0.180464
0.179966
0.179344
0.17884
0.178318
0.177691
0.177052
0.176327
0.175524
0.174641
0.173673
0.172623
0.171529
0.170424
0.169366
0.168475
0.167784
0.167125
0.1664
0.165596
0.164713
0.163754
0.162719
0.161607
0.160416
0.159157
0.157847
0.156458
0.155125
0.154003
0.153099
0.152322
0.151588
0.150828
0.149975
0.149022
0.147976
0.146814
0.145529
0.144297
0.14294
0.141721
0.140637
0.139424
0.138068
0.136765
0.135429
0.133885
0.132044
0.130034
0.128585
0.126993
0.125222
0.123215
0.121811
0.120457
0.118959
0.117165
0.114983
0.112206
0.109611
0.108939
0.108096
0.107063
0.105824
0.104661
0.103526
0.103453
0.103276
0.102835
0.102084
0.101934
0.10393
0.10553
0.106792
0.110233
0.11314
0.115494
0.117377
0.118993
0.121394
0.123534
0.126398
0.131004
0.135801
0.140999
0.145398
0.149186
0.15246
0.155362
0.15793
0.160344
0.162675
0.165254
0.168072
0.1706
0.172807
0.174725
0.176379
0.177792
0.178982
0.179961
0.180762
0.181382
0.18188
0.182341
0.182811
0.183263
0.18381
0.184267
0.184587
0.184786
0.184852
0.184796
0.184592
0.184297
0.183891
0.183374
0.183009
0.182537
0.181928
0.181288
0.180739
0.180079
0.179228
0.178116
0.177247
0.176455
0.175562
0.17452
0.173525
0.172989
0.172375
0.171634
0.170725
0.16961
0.168205
0.167596
0.167209
0.16671
0.166101
0.165382
0.164601
0.163908
0.16352
0.163013
0.162413
0.16172
0.161194
0.160623
0.159954
0.1592
0.128619
0.129489
0.130304
0.131063
0.131836
0.132568
0.133311
0.134151
0.135123
0.136163
0.137259
0.138351
0.139393
0.140399
0.141356
0.142273
0.143141
0.144015
0.144853
0.14566
0.146666
0.147615
0.148483
0.149382
0.150411
0.151398
0.152295
0.1531
0.15428
0.155402
0.156385
0.157232
0.158156
0.159486
0.160683
0.161758
0.16269
0.163484
0.164165
0.165704
0.167175
0.168398
0.169428
0.170283
0.171041
0.17187
0.172972
0.173943
0.174815
0.17561
0.17656
0.177409
0.178129
0.178735
0.179354
0.180105
0.180757
0.181314
0.181942
0.182626
0.183221
0.183804
0.184302
0.184716
0.185057
0.185314
0.185486
0.185614
0.18572
0.185858
0.186138
0.186577
0.187021
0.187366
0.187603
0.187734
0.187755
0.187667
0.187466
0.187149
0.186722
0.1862
0.185569
0.184959
0.184507
0.184221
0.183947
0.183637
0.183196
0.182584
0.181789
0.180802
0.179677
0.17835
0.177028
0.175487
0.17388
0.172343
0.170537
0.168424
0.16609
0.163753
0.16132
0.158521
0.155412
0.153024
0.150312
0.147233
0.143683
0.140039
0.136074
0.133425
0.130395
0.12692
0.122926
0.118951
0.117567
0.115844
0.113718
0.111046
0.108436
0.106687
0.105876
0.105251
0.104397
0.103312
0.103139
0.104401
0.105076
0.105351
0.105688
0.106129
0.106512
0.106761
0.1072
0.108394
0.109429
0.11163
0.114121
0.115901
0.117308
0.118453
0.119406
0.120194
0.120883
0.121517
0.122216
0.123118
0.124354
0.125554
0.126498
0.127287
0.127951
0.128502
0.128948
0.129296
0.129549
0.12974
0.129853
0.129915
0.129986
0.130079
0.130289
0.130662
0.131051
0.131364
0.131606
0.131764
0.131843
0.131824
0.131755
0.131618
0.131384
0.131273
0.131136
0.130862
0.130466
0.130111
0.129897
0.129517
0.12895
0.128621
0.128466
0.128194
0.127737
0.127104
0.126789
0.126588
0.126837
0.126942
0.126885
0.126668
0.127277
0.128212
0.12901
0.129643
0.129972
0.130741
0.131707
0.132934
0.134062
0.135132
0.136142
0.137337
0.138487
0.139535
0.140505
0.141654
0.142858
0.143983
0.145032
0.146226
0.147412
0.148512
0.149606
0.150614
0.151545
0.152409
0.153198
0.153913
0.154591
0.15526
0.155979
0.156855
0.157871
0.158899
0.159841
0.160691
0.161451
0.16212
0.162698
0.163184
0.163576
0.163874
0.164074
0.164192
0.164338
0.164665
0.16518
0.165775
0.166359
0.166914
0.167376
0.167741
0.168019
0.168206
0.168328
0.16849
0.16851
0.168612
0.168808
0.168859
0.168764
0.168723
0.168662
0.168462
0.168108
0.167891
0.168043
0.167842
0.167381
0.166669
0.166537
0.166321
0.165878
0.165134
0.164086
0.162726
0.16222
0.162822
0.162491
0.161478
0.159833
0.15781
0.155789
0.154577
0.152889
0.150559
0.14756
0.144863
0.143698
0.141622
0.13833
0.136834
0.135525
0.133815
0.131612
0.128999
0.126901
0.124209
0.121794
0.121157
0.120374
0.121014
0.121534
0.121941
0.122223
0.12244
0.122562
0.122704
0.122912
0.123514
0.12459
0.125682
0.126718
0.127697
0.128622
0.129491
0.130306
0.131064
0.131838
0.132571
0.133314
0.134154
0.135126
0.136166
0.137262
0.138353
0.139396
0.140402
0.141359
0.142277
0.143143
0.144018
0.144855
0.145663
0.146669
0.147617
0.148485
0.149384
0.150413
0.151402
0.152298
0.153102
0.154283
0.155404
0.156387
0.157234
0.158159
0.159489
0.160688
0.161761
0.162693
0.163486
0.164167
0.165708
0.167179
0.168401
0.169431
0.170285
0.171044
0.171873
0.172975
0.173945
0.174817
0.175612
0.176562
0.177411
0.17813
0.178738
0.138294
0.138174
0.137986
0.137728
0.137476
0.13748
0.137637
0.137781
0.137857
0.137885
0.137913
0.137931
0.137898
0.137757
0.137519
0.137185
0.136787
0.13626
0.13578
0.135239
0.134561
0.133834
0.133109
0.132183
0.130963
0.129693
0.128285
0.12671
0.124865
0.123439
0.121978
0.120281
0.118187
0.115549
0.112935
0.11129
0.109313
0.106904
0.104144
0.101109
0.0996418
0.098348
0.096852
0.0950686
0.0941101
0.0932058
0.0919411
0.0912027
0.0906025
0.0910004
0.0917379
0.0928726
0.0939397
0.0962251
0.0982568
0.0996591
0.100906
0.102546
0.103891
0.105139
0.108058
0.111469
0.114781
0.118516
0.121444
0.123735
0.125563
0.127072
0.128301
0.12939
0.13042
0.131542
0.132842
0.134001
0.134941
0.135642
0.136136
0.136447
0.136594
0.136591
0.136456
0.136272
0.13611
0.135889
0.135552
0.135105
0.1346
0.134036
0.133444
0.132808
0.132078
0.131323
0.1305
0.129597
0.128622
0.127625
0.126559
0.125422
0.124334
0.123243
0.121999
0.120641
0.119246
0.117905
0.116487
0.115086
0.113956
0.112791
0.111539
0.11011
0.108524
0.107573
0.106802
0.106029
0.10514
0.104124
0.103315
0.10286
0.102372
0.101864
0.101517
0.101436
0.101266
0.101061
0.100945
0.100836
0.100712
0.100623
0.100709
0.10085
0.100964
0.101031
0.101086
0.101235
0.101397
0.101512
0.101618
0.101744
0.101826
0.10189
0.101939
0.101963
0.101951
0.101955
0.101989
0.102031
0.102052
0.102036
0.102023
0.10211
0.102336
0.102508
0.102629
0.102699
0.102717
0.102681
0.102591
0.102473
0.102519
0.102679
0.102816
0.102913
0.103036
0.103342
0.103738
0.104195
0.104623
0.105066
0.105543
0.106093
0.106659
0.107347
0.108062
0.10872
0.109431
0.11018
0.110862
0.111606
0.112365
0.113023
0.114214
0.115604
0.116766
0.117816
0.11925
0.120597
0.121693
0.123614
0.125192
0.126454
0.12743
0.129813
0.13254
0.134764
0.136426
0.137552
0.138756
0.141111
0.142784
0.143674
0.144151
0.144075
0.14405
0.14373
0.144131
0.144069
0.143267
0.143574
0.143375
0.142839
0.142008
0.140575
0.138545
0.136415
0.134243
0.133289
0.132842
0.133111
0.133223
0.133231
0.13315
0.13294
0.132595
0.132051
0.13127
0.130601
0.130586
0.130653
0.130651
0.130584
0.130452
0.130259
0.130004
0.12969
0.12942
0.129234
0.12914
0.129035
0.128903
0.128785
0.128682
0.12856
0.12841
0.128211
0.127994
0.127768
0.127537
0.127357
0.127286
0.127236
0.127256
0.12738
0.127459
0.127457
0.127519
0.127519
0.127617
0.128047
0.128371
0.128595
0.128947
0.12947
0.129831
0.130337
0.131084
0.131652
0.132136
0.132608
0.133513
0.134224
0.134806
0.135263
0.135651
0.136299
0.136868
0.137223
0.137455
0.137769
0.138043
0.138309
0.138494
0.138706
0.13887
0.13898
0.138988
0.13891
0.138853
0.138868
0.138835
0.138794
0.138852
0.138863
0.138868
0.138851
0.1388
0.138709
0.138628
0.138555
0.138476
0.13836
0.138225
0.138128
0.138136
0.13827
0.138341
0.138349
0.138294
0.138173
0.137985
0.137727
0.137476
0.13748
0.137638
0.137781
0.137857
0.137885
0.137913
0.137931
0.137898
0.137757
0.137519
0.137184
0.136786
0.136258
0.135779
0.135237
0.134559
0.133832
0.133107
0.13218
0.13096
0.129688
0.128281
0.126705
0.124861
0.123436
0.121974
0.120276
0.118181
0.115541
0.112929
0.111286
0.109307
0.106897
0.104137
0.101104
0.0996387
0.0983446
0.0968475
0.0950637
0.0941071
0.093203
0.0919373
0.0912013
0.0906024
0.0910028
0.0917403
0.0928759
0.0939421
0.0962351
0.138294
0.138174
0.137986
0.137728
0.137476
0.13748
0.137637
0.137781
0.137857
0.137885
0.137913
0.137931
0.137898
0.137757
0.137519
0.137185
0.136787
0.13626
0.13578
0.135239
0.134561
0.133834
0.133109
0.132183
0.130963
0.129693
0.128285
0.12671
0.124865
0.123439
0.121978
0.120281
0.118187
0.115549
0.112935
0.11129
0.109313
0.106904
0.104144
0.101109
0.0996418
0.098348
0.096852
0.0950686
0.0941101
0.0932058
0.0919411
0.0912027
0.0906025
0.0910004
0.0917379
0.0928726
0.0939397
0.0962251
0.0982568
0.0996591
0.100906
0.102546
0.103891
0.105139
0.108058
0.111469
0.114781
0.118516
0.121444
0.123735
0.125563
0.127072
0.128301
0.12939
0.13042
0.131542
0.132842
0.134001
0.134941
0.135642
0.136136
0.136447
0.136594
0.136591
0.136456
0.136272
0.13611
0.135889
0.135552
0.135105
0.1346
0.134036
0.133444
0.132808
0.132078
0.131323
0.1305
0.129597
0.128622
0.127625
0.126559
0.125422
0.124334
0.123243
0.121999
0.120641
0.119246
0.117905
0.116487
0.115086
0.113956
0.112791
0.111539
0.11011
0.108524
0.107573
0.106802
0.106029
0.10514
0.104124
0.103315
0.10286
0.102372
0.101864
0.101517
0.101436
0.101266
0.101061
0.100945
0.100836
0.100712
0.100623
0.100709
0.10085
0.100964
0.101031
0.101086
0.101235
0.101397
0.101512
0.101618
0.101744
0.101826
0.10189
0.101939
0.101963
0.101951
0.101955
0.101989
0.102031
0.102052
0.102036
0.102023
0.10211
0.102336
0.102508
0.102629
0.102699
0.102717
0.102681
0.102591
0.102473
0.102519
0.102679
0.102816
0.102913
0.103036
0.103342
0.103738
0.104195
0.104623
0.105066
0.105543
0.106093
0.106659
0.107347
0.108062
0.10872
0.109431
0.11018
0.110862
0.111606
0.112365
0.113023
0.114214
0.115604
0.116766
0.117816
0.11925
0.120597
0.121693
0.123614
0.125192
0.126454
0.12743
0.129813
0.13254
0.134764
0.136426
0.137552
0.138756
0.141111
0.142784
0.143674
0.144151
0.144075
0.14405
0.14373
0.144131
0.144069
0.143267
0.143574
0.143375
0.142839
0.142008
0.140575
0.138545
0.136415
0.134243
0.133289
0.132842
0.133111
0.133223
0.133231
0.13315
0.13294
0.132595
0.132051
0.13127
0.130601
0.130586
0.130653
0.130651
0.130584
0.130452
0.130259
0.130004
0.12969
0.12942
0.129234
0.12914
0.129035
0.128903
0.128785
0.128682
0.12856
0.12841
0.128211
0.127994
0.127768
0.127537
0.127357
0.127286
0.127236
0.127256
0.12738
0.127459
0.127457
0.127519
0.127519
0.127617
0.128047
0.128371
0.128595
0.128947
0.12947
0.129831
0.130337
0.131084
0.131652
0.132136
0.132608
0.133513
0.134224
0.134806
0.135263
0.135651
0.136299
0.136868
0.137223
0.137455
0.137769
0.138043
0.138309
0.138494
0.138706
0.13887
0.13898
0.138988
0.13891
0.138853
0.138868
0.138835
0.138794
0.138852
0.138863
0.138868
0.138851
0.1388
0.138709
0.138628
0.138555
0.138476
0.13836
0.138225
0.138128
0.138136
0.13827
0.138341
0.138349
0.138294
0.138173
0.137985
0.137727
0.137476
0.13748
0.137638
0.137781
0.137857
0.137885
0.137913
0.137931
0.137898
0.137757
0.137519
0.137184
0.136786
0.136258
0.135779
0.135237
0.134559
0.133832
0.133107
0.13218
0.13096
0.129688
0.128281
0.126705
0.124861
0.123436
0.121974
0.120276
0.118181
0.115541
0.112929
0.111286
0.109307
0.106897
0.104137
0.101104
0.0996387
0.0983446
0.0968475
0.0950637
0.0941071
0.093203
0.0919373
0.0912013
0.0906024
0.0910028
0.0917403
0.0928759
0.0939421
0.0962351
0.176375
0.177789
0.178979
0.179959
0.18076
0.18138
0.181879
0.18234
0.18281
0.183261
0.183808
0.184266
0.184586
0.184785
0.184852
0.184797
0.184592
0.184298
0.183893
0.183375
0.18301
0.182538
0.18193
0.18129
0.18074
0.180083
0.17923
0.178119
0.177249
0.176457
0.175565
0.174523
0.173527
0.17299
0.172377
0.171636
0.170727
0.169613
0.168209
0.167597
0.16721
0.166711
0.166103
0.165384
0.164604
0.163909
0.163521
0.163014
0.162415
0.161722
0.161195
0.160625
0.159956
0.159204
0.158475
0.157888
0.157205
0.15643
0.155734
0.155097
0.154365
0.153626
0.152811
0.15192
0.150957
0.149915
0.148798
0.147647
0.146493
0.145389
0.14446
0.143686
0.142948
0.142148
0.141273
0.140324
0.139304
0.138213
0.13705
0.135814
0.134504
0.133117
0.131665
0.130292
0.129158
0.128286
0.127505
0.126766
0.126013
0.125214
0.124368
0.123495
0.122609
0.121658
0.12086
0.119986
0.119191
0.118643
0.118015
0.117309
0.116687
0.116466
0.116195
0.115762
0.115297
0.115744
0.115999
0.116088
0.115993
0.116283
0.117064
0.119189
0.120598
0.121566
0.122159
0.123007
0.12642
0.129266
0.131592
0.133449
0.135749
0.138158
0.141029
0.143645
0.145602
0.146798
0.148119
0.151174
0.153755
0.155931
0.157991
0.159838
0.161312
0.162307
0.163122
0.164378
0.164899
0.165545
0.167385
0.169017
0.170463
0.171719
0.172799
0.173695
0.174452
0.175088
0.175702
0.176413
0.177301
0.178281
0.179173
0.179947
0.180605
0.181152
0.181589
0.181919
0.182143
0.182305
0.18236
0.182351
0.182369
0.182422
0.182572
0.182695
0.182824
0.182873
0.182849
0.182747
0.182573
0.182308
0.182006
0.181657
0.181229
0.180943
0.180655
0.180267
0.179819
0.179552
0.179429
0.179131
0.17869
0.178542
0.178547
0.178427
0.178149
0.177783
0.177956
0.17864
0.17927
0.17953
0.179517
0.179283
0.179842
0.180595
0.181086
0.181339
0.181377
0.181729
0.18195
0.182289
0.182411
0.182378
0.182192
0.182122
0.18195
0.18162
0.181181
0.180826
0.180464
0.179966
0.179344
0.17884
0.178318
0.177691
0.177052
0.176327
0.175524
0.174641
0.173673
0.172623
0.171529
0.170424
0.169366
0.168475
0.167784
0.167125
0.1664
0.165596
0.164713
0.163754
0.162719
0.161607
0.160416
0.159157
0.157847
0.156458
0.155125
0.154003
0.153099
0.152322
0.151588
0.150828
0.149975
0.149022
0.147976
0.146814
0.145529
0.144297
0.14294
0.141721
0.140637
0.139424
0.138068
0.136765
0.135429
0.133885
0.132044
0.130034
0.128585
0.126993
0.125222
0.123215
0.121811
0.120457
0.118959
0.117165
0.114983
0.112206
0.109611
0.108939
0.108096
0.107063
0.105824
0.104661
0.103526
0.103453
0.103276
0.102835
0.102084
0.101934
0.10393
0.10553
0.106792
0.110233
0.11314
0.115494
0.117377
0.118993
0.121394
0.123534
0.126398
0.131004
0.135801
0.140999
0.145398
0.149186
0.15246
0.155362
0.15793
0.160344
0.162675
0.165254
0.168072
0.1706
0.172807
0.174725
0.176379
0.177792
0.178982
0.179961
0.180762
0.181382
0.18188
0.182341
0.182811
0.183263
0.18381
0.184267
0.184587
0.184786
0.184852
0.184796
0.184592
0.184297
0.183891
0.183374
0.183009
0.182537
0.181928
0.181288
0.180739
0.180079
0.179228
0.178116
0.177247
0.176455
0.175562
0.17452
0.173525
0.172989
0.172375
0.171634
0.170725
0.16961
0.168205
0.167596
0.167209
0.16671
0.166101
0.165382
0.164601
0.163908
0.16352
0.163013
0.162413
0.16172
0.161194
0.160623
0.159954
0.1592
0.128619
0.129489
0.130304
0.131063
0.131836
0.132568
0.133311
0.134151
0.135123
0.136163
0.137259
0.138351
0.139393
0.140399
0.141356
0.142273
0.143141
0.144015
0.144853
0.14566
0.146666
0.147615
0.148483
0.149382
0.150411
0.151398
0.152295
0.1531
0.15428
0.155402
0.156385
0.157232
0.158156
0.159486
0.160683
0.161758
0.16269
0.163484
0.164165
0.165704
0.167175
0.168398
0.169428
0.170283
0.171041
0.17187
0.172972
0.173943
0.174815
0.17561
0.17656
0.177409
0.178129
0.178735
0.179354
0.180105
0.180757
0.181314
0.181942
0.182626
0.183221
0.183804
0.184302
0.184716
0.185057
0.185314
0.185486
0.185614
0.18572
0.185858
0.186138
0.186577
0.187021
0.187366
0.187603
0.187734
0.187755
0.187667
0.187466
0.187149
0.186722
0.1862
0.185569
0.184959
0.184507
0.184221
0.183947
0.183637
0.183196
0.182584
0.181789
0.180802
0.179677
0.17835
0.177028
0.175487
0.17388
0.172343
0.170537
0.168424
0.16609
0.163753
0.16132
0.158521
0.155412
0.153024
0.150312
0.147233
0.143683
0.140039
0.136074
0.133425
0.130395
0.12692
0.122926
0.118951
0.117567
0.115844
0.113718
0.111046
0.108436
0.106687
0.105876
0.105251
0.104397
0.103312
0.103139
0.104401
0.105076
0.105351
0.105688
0.106129
0.106512
0.106761
0.1072
0.108394
0.109429
0.11163
0.114121
0.115901
0.117308
0.118453
0.119406
0.120194
0.120883
0.121517
0.122216
0.123118
0.124354
0.125554
0.126498
0.127287
0.127951
0.128502
0.128948
0.129296
0.129549
0.12974
0.129853
0.129915
0.129986
0.130079
0.130289
0.130662
0.131051
0.131364
0.131606
0.131764
0.131843
0.131824
0.131755
0.131618
0.131384
0.131273
0.131136
0.130862
0.130466
0.130111
0.129897
0.129517
0.12895
0.128621
0.128466
0.128194
0.127737
0.127104
0.126789
0.126588
0.126837
0.126942
0.126885
0.126668
0.127277
0.128212
0.12901
0.129643
0.129972
0.130741
0.131707
0.132934
0.134062
0.135132
0.136142
0.137337
0.138487
0.139535
0.140505
0.141654
0.142858
0.143983
0.145032
0.146226
0.147412
0.148512
0.149606
0.150614
0.151545
0.152409
0.153198
0.153913
0.154591
0.15526
0.155979
0.156855
0.157871
0.158899
0.159841
0.160691
0.161451
0.16212
0.162698
0.163184
0.163576
0.163874
0.164074
0.164192
0.164338
0.164665
0.16518
0.165775
0.166359
0.166914
0.167376
0.167741
0.168019
0.168206
0.168328
0.16849
0.16851
0.168612
0.168808
0.168859
0.168764
0.168723
0.168662
0.168462
0.168108
0.167891
0.168043
0.167842
0.167381
0.166669
0.166537
0.166321
0.165878
0.165134
0.164086
0.162726
0.16222
0.162822
0.162491
0.161478
0.159833
0.15781
0.155789
0.154577
0.152889
0.150559
0.14756
0.144863
0.143698
0.141622
0.13833
0.136834
0.135525
0.133815
0.131612
0.128999
0.126901
0.124209
0.121794
0.121157
0.120374
0.121014
0.121534
0.121941
0.122223
0.12244
0.122562
0.122704
0.122912
0.123514
0.12459
0.125682
0.126718
0.127697
0.128622
0.129491
0.130306
0.131064
0.131838
0.132571
0.133314
0.134154
0.135126
0.136166
0.137262
0.138353
0.139396
0.140402
0.141359
0.142277
0.143143
0.144018
0.144855
0.145663
0.146669
0.147617
0.148485
0.149384
0.150413
0.151402
0.152298
0.153102
0.154283
0.155404
0.156387
0.157234
0.158159
0.159489
0.160688
0.161761
0.162693
0.163486
0.164167
0.165708
0.167179
0.168401
0.169431
0.170285
0.171044
0.171873
0.172975
0.173945
0.174817
0.175612
0.176562
0.177411
0.17813
0.178738
-0.0645561
-0.0642929
-0.0639646
-0.0636039
-0.0632468
-0.0628119
-0.0623752
-0.0619703
-0.061509
-0.0609622
-0.06035
-0.0596212
-0.0588309
-0.0581203
-0.0573402
-0.0564856
-0.0554794
-0.0544795
-0.0535329
-0.0527631
-0.0518911
-0.0508426
-0.0497201
-0.0485822
-0.0474949
-0.0463026
-0.0450217
-0.0434998
-0.0419663
-0.0406735
-0.039237
-0.0374668
-0.0365652
-0.035466
-0.0347776
-0.0344688
-0.0340316
-0.033469
-0.0328315
-0.0321944
-0.0314825
-0.0308816
-0.0306065
-0.0302204
-0.0297037
-0.0295814
-0.0296165
-0.0297736
-0.0299981
-0.0301595
-0.0303368
-0.0306708
-0.0309329
-0.0311363
-0.0313099
-0.031572
-0.032507
-0.0342005
-0.0357153
-0.0368327
-0.0378024
-0.0386564
-0.0397608
-0.0406531
-0.041368
-0.0419714
-0.0431215
-0.0456823
-0.047746
-0.0493185
-0.0505071
-0.0514339
-0.0522559
-0.0536033
-0.0547915
-0.0557268
-0.0566275
-0.0576877
-0.0585273
-0.0591605
-0.0597635
-0.0601923
-0.0604602
-0.0606779
-0.060829
-0.0610652
-0.0611637
-0.0611368
-0.0609925
-0.0608267
-0.0605859
-0.0602971
-0.0598895
-0.0593643
-0.0589961
-0.0586185
-0.0583263
-0.0579295
-0.0574477
-0.056906
-0.0564594
-0.0559444
-0.055393
-0.0547499
-0.0539962
-0.0533454
-0.0526501
-0.0518225
-0.0511005
-0.0505491
-0.0499897
-0.0497506
-0.0494654
-0.0491319
-0.048782
-0.0483891
-0.0479863
-0.0474993
-0.0471728
-0.0468124
-0.0464117
-0.0460109
-0.0456821
-0.0453744
-0.0451463
-0.0449129
-0.0447732
-0.0446919
-0.0446275
-0.0445721
-0.0445249
-0.0444642
-0.0443875
-0.0442967
-0.0441885
-0.0440728
-0.0439542
-0.0438954
-0.043942
-0.0440482
-0.0441222
-0.0442138
-0.0443079
-0.0444834
-0.0446513
-0.044784
-0.0448832
-0.0449708
-0.0450696
-0.0452152
-0.0453626
-0.0454715
-0.0455876
-0.0457242
-0.0458322
-0.0459146
-0.0460692
-0.0462705
-0.0464334
-0.046587
-0.0467448
-0.0468962
-0.0470422
-0.0472825
-0.0474891
-0.0476978
-0.0479175
-0.0481196
-0.0483022
-0.0484397
-0.0486
-0.0487861
-0.0489967
-0.0491657
-0.0493038
-0.0493932
-0.049458
-0.049448
-0.0493779
-0.0492592
-0.0490446
-0.0488587
-0.0487508
-0.0486463
-0.0484263
-0.0482868
-0.0480578
-0.0481752
-0.0481667
-0.047929
-0.0475261
-0.0476138
-0.0474969
-0.0474496
-0.0471483
-0.0466872
-0.0458488
-0.0445962
-0.0449891
-0.0453826
-0.0459529
-0.0464699
-0.0463633
-0.0463307
-0.0475267
-0.0483138
-0.0487152
-0.0488036
-0.0484437
-0.0483961
-0.0489218
-0.0491559
-0.0489214
-0.0497783
-0.0508038
-0.0520162
-0.0530221
-0.0538412
-0.0545791
-0.0552139
-0.0557957
-0.0564016
-0.0569951
-0.0575116
-0.0579675
-0.0583853
-0.0588539
-0.0592344
-0.0595194
-0.0597684
-0.0599367
-0.0600289
-0.0601025
-0.0602785
-0.0603943
-0.0604416
-0.0604725
-0.0604697
-0.0604258
-0.0603475
-0.0602456
-0.060092
-0.0599581
-0.0597942
-0.0596655
-0.0594885
-0.0592659
-0.0590931
-0.0589003
-0.0587642
-0.0585993
-0.058417
-0.0581981
-0.0579471
-0.0576447
-0.0573889
-0.0570938
-0.0567479
-0.0565169
-0.0563323
-0.0561745
-0.0560571
-0.0559764
-0.0559966
-0.0561703
-0.0562609
-0.0562769
-0.0565018
-0.056772
-0.057054
-0.0573017
-0.0575402
-0.0576991
-0.0577718
-0.0579835
-0.0583344
-0.0586297
-0.0592531
-0.0597638
-0.0603119
-0.060952
-0.0615473
-0.062037
-0.0625179
-0.0629475
-0.0633321
-0.0636629
-0.0639532
-0.0642072
-0.0644081
-0.0646172
-0.064851
-0.0650771
-0.0652323
-0.0653661
-0.0654648
-0.0655732
-0.0656414
-0.0656403
-0.065571
-0.0654808
-0.0654047
-0.065314
-0.0651759
-0.0649634
-0.0647506
-0.0645555
-0.0642921
-0.0639636
-0.0636029
-0.0632458
-0.0628099
-0.0623736
-0.0619692
-0.0615077
-0.0609607
-0.0603482
-0.0596192
-0.0588291
-0.0581182
-0.0573381
-0.0564818
-0.0554765
-0.0544773
-0.0535302
-0.0527611
-0.0518885
-0.0508395
-0.049717
-0.0485796
-0.0474918
-0.0462978
-0.045018
-0.0434954
-0.0419632
-0.0406698
-0.0392327
-0.0374647
-0.0365627
-0.0354627
-0.0347766
-0.0344678
-0.0340302
-0.0334676
-0.0328296
-0.0321929
-0.0314802
-0.030881
-0.0306057
-0.0302192
-0.0297017
-0.0295815
-0.0296166
-0.0297744
-0.0299985
-0.03016
-0.0303377
-0.0306716
-0.0309336
-0.0311372
-0.0645561
-0.0642929
-0.0639646
-0.0636039
-0.0632468
-0.0628119
-0.0623752
-0.0619703
-0.061509
-0.0609622
-0.06035
-0.0596212
-0.0588309
-0.0581203
-0.0573402
-0.0564856
-0.0554794
-0.0544795
-0.0535329
-0.0527631
-0.0518911
-0.0508426
-0.0497201
-0.0485822
-0.0474949
-0.0463026
-0.0450217
-0.0434998
-0.0419663
-0.0406735
-0.039237
-0.0374668
-0.0365652
-0.035466
-0.0347776
-0.0344688
-0.0340316
-0.033469
-0.0328315
-0.0321944
-0.0314825
-0.0308816
-0.0306065
-0.0302204
-0.0297037
-0.0295814
-0.0296165
-0.0297736
-0.0299981
-0.0301595
-0.0303368
-0.0306708
-0.0309329
-0.0311363
-0.0313099
-0.031572
-0.032507
-0.0342005
-0.0357153
-0.0368327
-0.0378024
-0.0386564
-0.0397608
-0.0406531
-0.041368
-0.0419714
-0.0431215
-0.0456823
-0.047746
-0.0493185
-0.0505071
-0.0514339
-0.0522559
-0.0536033
-0.0547915
-0.0557268
-0.0566275
-0.0576877
-0.0585273
-0.0591605
-0.0597635
-0.0601923
-0.0604602
-0.0606779
-0.060829
-0.0610652
-0.0611637
-0.0611368
-0.0609925
-0.0608267
-0.0605859
-0.0602971
-0.0598895
-0.0593643
-0.0589961
-0.0586185
-0.0583263
-0.0579295
-0.0574477
-0.056906
-0.0564594
-0.0559444
-0.055393
-0.0547499
-0.0539962
-0.0533454
-0.0526501
-0.0518225
-0.0511005
-0.0505491
-0.0499897
-0.0497506
-0.0494654
-0.0491319
-0.048782
-0.0483891
-0.0479863
-0.0474993
-0.0471728
-0.0468124
-0.0464117
-0.0460109
-0.0456821
-0.0453744
-0.0451463
-0.0449129
-0.0447732
-0.0446919
-0.0446275
-0.0445721
-0.0445249
-0.0444642
-0.0443875
-0.0442967
-0.0441885
-0.0440728
-0.0439542
-0.0438954
-0.043942
-0.0440482
-0.0441222
-0.0442138
-0.0443079
-0.0444834
-0.0446513
-0.044784
-0.0448832
-0.0449708
-0.0450696
-0.0452152
-0.0453626
-0.0454715
-0.0455876
-0.0457242
-0.0458322
-0.0459146
-0.0460692
-0.0462705
-0.0464334
-0.046587
-0.0467448
-0.0468962
-0.0470422
-0.0472825
-0.0474891
-0.0476978
-0.0479175
-0.0481196
-0.0483022
-0.0484397
-0.0486
-0.0487861
-0.0489967
-0.0491657
-0.0493038
-0.0493932
-0.049458
-0.049448
-0.0493779
-0.0492592
-0.0490446
-0.0488587
-0.0487508
-0.0486463
-0.0484263
-0.0482868
-0.0480578
-0.0481752
-0.0481667
-0.047929
-0.0475261
-0.0476138
-0.0474969
-0.0474496
-0.0471483
-0.0466872
-0.0458488
-0.0445962
-0.0449891
-0.0453826
-0.0459529
-0.0464699
-0.0463633
-0.0463307
-0.0475267
-0.0483138
-0.0487152
-0.0488036
-0.0484437
-0.0483961
-0.0489218
-0.0491559
-0.0489214
-0.0497783
-0.0508038
-0.0520162
-0.0530221
-0.0538412
-0.0545791
-0.0552139
-0.0557957
-0.0564016
-0.0569951
-0.0575116
-0.0579675
-0.0583853
-0.0588539
-0.0592344
-0.0595194
-0.0597684
-0.0599367
-0.0600289
-0.0601025
-0.0602785
-0.0603943
-0.0604416
-0.0604725
-0.0604697
-0.0604258
-0.0603475
-0.0602456
-0.060092
-0.0599581
-0.0597942
-0.0596655
-0.0594885
-0.0592659
-0.0590931
-0.0589003
-0.0587642
-0.0585993
-0.058417
-0.0581981
-0.0579471
-0.0576447
-0.0573889
-0.0570938
-0.0567479
-0.0565169
-0.0563323
-0.0561745
-0.0560571
-0.0559764
-0.0559966
-0.0561703
-0.0562609
-0.0562769
-0.0565018
-0.056772
-0.057054
-0.0573017
-0.0575402
-0.0576991
-0.0577718
-0.0579835
-0.0583344
-0.0586297
-0.0592531
-0.0597638
-0.0603119
-0.060952
-0.0615473
-0.062037
-0.0625179
-0.0629475
-0.0633321
-0.0636629
-0.0639532
-0.0642072
-0.0644081
-0.0646172
-0.064851
-0.0650771
-0.0652323
-0.0653661
-0.0654648
-0.0655732
-0.0656414
-0.0656403
-0.065571
-0.0654808
-0.0654047
-0.065314
-0.0651759
-0.0649634
-0.0647506
-0.0645555
-0.0642921
-0.0639636
-0.0636029
-0.0632458
-0.0628099
-0.0623736
-0.0619692
-0.0615077
-0.0609607
-0.0603482
-0.0596192
-0.0588291
-0.0581182
-0.0573381
-0.0564818
-0.0554765
-0.0544773
-0.0535302
-0.0527611
-0.0518885
-0.0508395
-0.049717
-0.0485796
-0.0474918
-0.0462978
-0.045018
-0.0434954
-0.0419632
-0.0406698
-0.0392327
-0.0374647
-0.0365627
-0.0354627
-0.0347766
-0.0344678
-0.0340302
-0.0334676
-0.0328296
-0.0321929
-0.0314802
-0.030881
-0.0306057
-0.0302192
-0.0297017
-0.0295815
-0.0296166
-0.0297744
-0.0299985
-0.03016
-0.0303377
-0.0306716
-0.0309336
-0.0311372
0.176375
0.177789
0.178979
0.179959
0.18076
0.18138
0.181879
0.18234
0.18281
0.183261
0.183808
0.184266
0.184586
0.184785
0.184852
0.184797
0.184592
0.184298
0.183893
0.183375
0.18301
0.182538
0.18193
0.18129
0.18074
0.180083
0.17923
0.178119
0.177249
0.176457
0.175565
0.174523
0.173527
0.17299
0.172377
0.171636
0.170727
0.169613
0.168209
0.167597
0.16721
0.166711
0.166103
0.165384
0.164604
0.163909
0.163521
0.163014
0.162415
0.161722
0.161195
0.160625
0.159956
0.159204
0.158475
0.157888
0.157205
0.15643
0.155734
0.155097
0.154365
0.153626
0.152811
0.15192
0.150957
0.149915
0.148798
0.147647
0.146493
0.145389
0.14446
0.143686
0.142948
0.142148
0.141273
0.140324
0.139304
0.138213
0.13705
0.135814
0.134504
0.133117
0.131665
0.130292
0.129158
0.128286
0.127505
0.126766
0.126013
0.125214
0.124368
0.123495
0.122609
0.121658
0.12086
0.119986
0.119191
0.118643
0.118015
0.117309
0.116687
0.116466
0.116195
0.115762
0.115297
0.115744
0.115999
0.116088
0.115993
0.116283
0.117064
0.119189
0.120598
0.121566
0.122159
0.123007
0.12642
0.129266
0.131592
0.133449
0.135749
0.138158
0.141029
0.143645
0.145602
0.146798
0.148119
0.151174
0.153755
0.155931
0.157991
0.159838
0.161312
0.162307
0.163122
0.164378
0.164899
0.165545
0.167385
0.169017
0.170463
0.171719
0.172799
0.173695
0.174452
0.175088
0.175702
0.176413
0.177301
0.178281
0.179173
0.179947
0.180605
0.181152
0.181589
0.181919
0.182143
0.182305
0.18236
0.182351
0.182369
0.182422
0.182572
0.182695
0.182824
0.182873
0.182849
0.182747
0.182573
0.182308
0.182006
0.181657
0.181229
0.180943
0.180655
0.180267
0.179819
0.179552
0.179429
0.179131
0.17869
0.178542
0.178547
0.178427
0.178149
0.177783
0.177956
0.17864
0.17927
0.17953
0.179517
0.179283
0.179842
0.180595
0.181086
0.181339
0.181377
0.181729
0.18195
0.182289
0.182411
0.182378
0.182192
0.182122
0.18195
0.18162
0.181181
0.180826
0.180464
0.179966
0.179344
0.17884
0.178318
0.177691
0.177052
0.176327
0.175524
0.174641
0.173673
0.172623
0.171529
0.170424
0.169366
0.168475
0.167784
0.167125
0.1664
0.165596
0.164713
0.163754
0.162719
0.161607
0.160416
0.159157
0.157847
0.156458
0.155125
0.154003
0.153099
0.152322
0.151588
0.150828
0.149975
0.149022
0.147976
0.146814
0.145529
0.144297
0.14294
0.141721
0.140637
0.139424
0.138068
0.136765
0.135429
0.133885
0.132044
0.130034
0.128585
0.126993
0.125222
0.123215
0.121811
0.120457
0.118959
0.117165
0.114983
0.112206
0.109611
0.108939
0.108096
0.107063
0.105824
0.104661
0.103526
0.103453
0.103276
0.102835
0.102084
0.101934
0.10393
0.10553
0.106792
0.110233
0.11314
0.115494
0.117377
0.118993
0.121394
0.123534
0.126398
0.131004
0.135801
0.140999
0.145398
0.149186
0.15246
0.155362
0.15793
0.160344
0.162675
0.165254
0.168072
0.1706
0.172807
0.174725
0.176379
0.177792
0.178982
0.179961
0.180762
0.181382
0.18188
0.182341
0.182811
0.183263
0.18381
0.184267
0.184587
0.184786
0.184852
0.184796
0.184592
0.184297
0.183891
0.183374
0.183009
0.182537
0.181928
0.181288
0.180739
0.180079
0.179228
0.178116
0.177247
0.176455
0.175562
0.17452
0.173525
0.172989
0.172375
0.171634
0.170725
0.16961
0.168205
0.167596
0.167209
0.16671
0.166101
0.165382
0.164601
0.163908
0.16352
0.163013
0.162413
0.16172
0.161194
0.160623
0.159954
0.1592
0.128619
0.129489
0.130304
0.131063
0.131836
0.132568
0.133311
0.134151
0.135123
0.136163
0.137259
0.138351
0.139393
0.140399
0.141356
0.142273
0.143141
0.144015
0.144853
0.14566
0.146666
0.147615
0.148483
0.149382
0.150411
0.151398
0.152295
0.1531
0.15428
0.155402
0.156385
0.157232
0.158156
0.159486
0.160683
0.161758
0.16269
0.163484
0.164165
0.165704
0.167175
0.168398
0.169428
0.170283
0.171041
0.17187
0.172972
0.173943
0.174815
0.17561
0.17656
0.177409
0.178129
0.178735
0.179354
0.180105
0.180757
0.181314
0.181942
0.182626
0.183221
0.183804
0.184302
0.184716
0.185057
0.185314
0.185486
0.185614
0.18572
0.185858
0.186138
0.186577
0.187021
0.187366
0.187603
0.187734
0.187755
0.187667
0.187466
0.187149
0.186722
0.1862
0.185569
0.184959
0.184507
0.184221
0.183947
0.183637
0.183196
0.182584
0.181789
0.180802
0.179677
0.17835
0.177028
0.175487
0.17388
0.172343
0.170537
0.168424
0.16609
0.163753
0.16132
0.158521
0.155412
0.153024
0.150312
0.147233
0.143683
0.140039
0.136074
0.133425
0.130395
0.12692
0.122926
0.118951
0.117567
0.115844
0.113718
0.111046
0.108436
0.106687
0.105876
0.105251
0.104397
0.103312
0.103139
0.104401
0.105076
0.105351
0.105688
0.106129
0.106512
0.106761
0.1072
0.108394
0.109429
0.11163
0.114121
0.115901
0.117308
0.118453
0.119406
0.120194
0.120883
0.121517
0.122216
0.123118
0.124354
0.125554
0.126498
0.127287
0.127951
0.128502
0.128948
0.129296
0.129549
0.12974
0.129853
0.129915
0.129986
0.130079
0.130289
0.130662
0.131051
0.131364
0.131606
0.131764
0.131843
0.131824
0.131755
0.131618
0.131384
0.131273
0.131136
0.130862
0.130466
0.130111
0.129897
0.129517
0.12895
0.128621
0.128466
0.128194
0.127737
0.127104
0.126789
0.126588
0.126837
0.126942
0.126885
0.126668
0.127277
0.128212
0.12901
0.129643
0.129972
0.130741
0.131707
0.132934
0.134062
0.135132
0.136142
0.137337
0.138487
0.139535
0.140505
0.141654
0.142858
0.143983
0.145032
0.146226
0.147412
0.148512
0.149606
0.150614
0.151545
0.152409
0.153198
0.153913
0.154591
0.15526
0.155979
0.156855
0.157871
0.158899
0.159841
0.160691
0.161451
0.16212
0.162698
0.163184
0.163576
0.163874
0.164074
0.164192
0.164338
0.164665
0.16518
0.165775
0.166359
0.166914
0.167376
0.167741
0.168019
0.168206
0.168328
0.16849
0.16851
0.168612
0.168808
0.168859
0.168764
0.168723
0.168662
0.168462
0.168108
0.167891
0.168043
0.167842
0.167381
0.166669
0.166537
0.166321
0.165878
0.165134
0.164086
0.162726
0.16222
0.162822
0.162491
0.161478
0.159833
0.15781
0.155789
0.154577
0.152889
0.150559
0.14756
0.144863
0.143698
0.141622
0.13833
0.136834
0.135525
0.133815
0.131612
0.128999
0.126901
0.124209
0.121794
0.121157
0.120374
0.121014
0.121534
0.121941
0.122223
0.12244
0.122562
0.122704
0.122912
0.123514
0.12459
0.125682
0.126718
0.127697
0.128622
0.129491
0.130306
0.131064
0.131838
0.132571
0.133314
0.134154
0.135126
0.136166
0.137262
0.138353
0.139396
0.140402
0.141359
0.142277
0.143143
0.144018
0.144855
0.145663
0.146669
0.147617
0.148485
0.149384
0.150413
0.151402
0.152298
0.153102
0.154283
0.155404
0.156387
0.157234
0.158159
0.159489
0.160688
0.161761
0.162693
0.163486
0.164167
0.165708
0.167179
0.168401
0.169431
0.170285
0.171044
0.171873
0.172975
0.173945
0.174817
0.175612
0.176562
0.177411
0.17813
0.178738
-0.094143
-0.0936426
-0.0931129
-0.092517
-0.0918783
-0.0911765
-0.0904062
-0.0895677
-0.0886599
-0.087705
-0.0867906
-0.0858548
-0.0848992
-0.0839497
-0.0829698
-0.0819782
-0.0809722
-0.0799043
-0.0787572
-0.0775419
-0.0762842
-0.0749381
-0.0735444
-0.0721109
-0.0707664
-0.0693576
-0.0679487
-0.0664664
-0.0649287
-0.0634442
-0.0618193
-0.0601488
-0.0583343
-0.0567482
-0.0551529
-0.0536775
-0.0520475
-0.050457
-0.0493211
-0.04819
-0.0468405
-0.0451954
-0.0441213
-0.043106
-0.0423819
-0.041444
-0.0409578
-0.0404224
-0.0406097
-0.0408182
-0.0407032
-0.04043
-0.0398497
-0.0402036
-0.0409299
-0.0418188
-0.0424266
-0.0437241
-0.045332
-0.0467655
-0.0480609
-0.0492635
-0.0503855
-0.0514775
-0.0525131
-0.0537851
-0.0556023
-0.0573564
-0.0590101
-0.0605538
-0.0619955
-0.0633426
-0.0645988
-0.0657843
-0.0668939
-0.0679936
-0.0691759
-0.0703931
-0.0716973
-0.0729228
-0.074086
-0.075198
-0.0762338
-0.0771979
-0.0780896
-0.0789093
-0.0796925
-0.080445
-0.0811984
-0.0819417
-0.0826631
-0.083389
-0.0841435
-0.0848619
-0.0855211
-0.0861129
-0.0866981
-0.0872353
-0.0877058
-0.0881703
-0.0886083
-0.0890492
-0.0894559
-0.0898417
-0.0901932
-0.0905519
-0.0908861
-0.0911641
-0.0913895
-0.0915932
-0.0918177
-0.0920578
-0.0923358
-0.0925549
-0.0928705
-0.0932794
-0.0936157
-0.0938767
-0.094054
-0.0941693
-0.0943267
-0.0944969
-0.0946737
-0.0949559
-0.0952657
-0.0955094
-0.0956672
-0.0957638
-0.0958128
-0.0958776
-0.0959546
-0.0960879
-0.0961534
-0.0961513
-0.09613
-0.0960118
-0.0958031
-0.0955272
-0.0952561
-0.0949755
-0.0946687
-0.0943529
-0.0940467
-0.0936845
-0.093247
-0.0927192
-0.0921008
-0.0914141
-0.0906669
-0.0898369
-0.0889309
-0.0879295
-0.086969
-0.086067
-0.0851866
-0.084294
-0.0833114
-0.0822973
-0.0811918
-0.079983
-0.0786608
-0.0772193
-0.0756839
-0.0741145
-0.0727542
-0.0715153
-0.0702086
-0.0688923
-0.0675225
-0.0660861
-0.0645101
-0.0627623
-0.0608947
-0.0592906
-0.0575831
-0.0560309
-0.0546355
-0.053461
-0.0522284
-0.0509165
-0.0494337
-0.0477253
-0.0461511
-0.0447263
-0.0440706
-0.0433237
-0.0427967
-0.0422662
-0.0416528
-0.0409196
-0.0401131
-0.0391756
-0.0388375
-0.0384893
-0.0380666
-0.0379578
-0.0378452
-0.0377859
-0.0376916
-0.0376257
-0.0375811
-0.0377154
-0.0378216
-0.0378737
-0.037909
-0.0378938
-0.0378859
-0.0378671
-0.0378565
-0.0377961
-0.0389951
-0.0403935
-0.0414594
-0.042297
-0.0429909
-0.0436058
-0.0441234
-0.0445905
-0.0451113
-0.0459534
-0.0476173
-0.050061
-0.0520851
-0.0537926
-0.0552895
-0.0565851
-0.0577252
-0.0587197
-0.0596195
-0.0605117
-0.0616685
-0.0635923
-0.0653164
-0.0668835
-0.0683184
-0.0696101
-0.0707666
-0.0717985
-0.072708
-0.0735184
-0.074265
-0.0752264
-0.0762506
-0.0773332
-0.0783481
-0.0793061
-0.080166
-0.0809133
-0.0815381
-0.0822072
-0.0829135
-0.0835288
-0.0842327
-0.0848897
-0.0855186
-0.0860665
-0.0865309
-0.086912
-0.0871897
-0.0876961
-0.0882775
-0.0889303
-0.0895876
-0.0902728
-0.0909057
-0.0914764
-0.091995
-0.0924694
-0.0929555
-0.0934879
-0.0939751
-0.0944311
-0.0948697
-0.0952889
-0.0956756
-0.0960167
-0.0963219
-0.096602
-0.0968976
-0.0971875
-0.0974464
-0.0976832
-0.097934
-0.0981706
-0.0984007
-0.0985822
-0.0987163
-0.0988234
-0.0988688
-0.0988551
-0.0987897
-0.098704
-0.0985965
-0.0984704
-0.098345
-0.098268
-0.0981653
-0.0980105
-0.097792
-0.0975102
-0.0971668
-0.0967627
-0.0962997
-0.0957845
-0.0952059
-0.0946712
-0.0941417
-0.0936413
-0.0931114
-0.0925154
-0.0918766
-0.0911735
-0.0904029
-0.0895654
-0.0886574
-0.0877027
-0.0867881
-0.0858524
-0.0848967
-0.0839471
-0.0829672
-0.0819742
-0.0809694
-0.0799014
-0.078754
-0.0775386
-0.0762808
-0.0749345
-0.0735407
-0.0721071
-0.0707628
-0.0693516
-0.0679449
-0.0664624
-0.064925
-0.0634401
-0.0618151
-0.0601442
-0.0583294
-0.0567441
-0.0551461
-0.0536735
-0.052043
-0.050453
-0.0493178
-0.0481868
-0.0468366
-0.0451928
-0.0441182
-0.0431043
-0.0423785
-0.0414412
-0.0409564
-0.0404216
-0.0406107
-0.0408183
-0.0407025
-0.0404289
-0.0398485
-0.0402062
-0.094143
-0.0936426
-0.0931129
-0.092517
-0.0918783
-0.0911765
-0.0904062
-0.0895677
-0.0886599
-0.087705
-0.0867906
-0.0858548
-0.0848992
-0.0839497
-0.0829698
-0.0819782
-0.0809722
-0.0799043
-0.0787572
-0.0775419
-0.0762842
-0.0749381
-0.0735444
-0.0721109
-0.0707664
-0.0693576
-0.0679487
-0.0664664
-0.0649287
-0.0634442
-0.0618193
-0.0601488
-0.0583343
-0.0567482
-0.0551529
-0.0536775
-0.0520475
-0.050457
-0.0493211
-0.04819
-0.0468405
-0.0451954
-0.0441213
-0.043106
-0.0423819
-0.041444
-0.0409578
-0.0404224
-0.0406097
-0.0408182
-0.0407032
-0.04043
-0.0398497
-0.0402036
-0.0409299
-0.0418188
-0.0424266
-0.0437241
-0.045332
-0.0467655
-0.0480609
-0.0492635
-0.0503855
-0.0514775
-0.0525131
-0.0537851
-0.0556023
-0.0573564
-0.0590101
-0.0605538
-0.0619955
-0.0633426
-0.0645988
-0.0657843
-0.0668939
-0.0679936
-0.0691759
-0.0703931
-0.0716973
-0.0729228
-0.074086
-0.075198
-0.0762338
-0.0771979
-0.0780896
-0.0789093
-0.0796925
-0.080445
-0.0811984
-0.0819417
-0.0826631
-0.083389
-0.0841435
-0.0848619
-0.0855211
-0.0861129
-0.0866981
-0.0872353
-0.0877058
-0.0881703
-0.0886083
-0.0890492
-0.0894559
-0.0898417
-0.0901932
-0.0905519
-0.0908861
-0.0911641
-0.0913895
-0.0915932
-0.0918177
-0.0920578
-0.0923358
-0.0925549
-0.0928705
-0.0932794
-0.0936157
-0.0938767
-0.094054
-0.0941693
-0.0943267
-0.0944969
-0.0946737
-0.0949559
-0.0952657
-0.0955094
-0.0956672
-0.0957638
-0.0958128
-0.0958776
-0.0959546
-0.0960879
-0.0961534
-0.0961513
-0.09613
-0.0960118
-0.0958031
-0.0955272
-0.0952561
-0.0949755
-0.0946687
-0.0943529
-0.0940467
-0.0936845
-0.093247
-0.0927192
-0.0921008
-0.0914141
-0.0906669
-0.0898369
-0.0889309
-0.0879295
-0.086969
-0.086067
-0.0851866
-0.084294
-0.0833114
-0.0822973
-0.0811918
-0.079983
-0.0786608
-0.0772193
-0.0756839
-0.0741145
-0.0727542
-0.0715153
-0.0702086
-0.0688923
-0.0675225
-0.0660861
-0.0645101
-0.0627623
-0.0608947
-0.0592906
-0.0575831
-0.0560309
-0.0546355
-0.053461
-0.0522284
-0.0509165
-0.0494337
-0.0477253
-0.0461511
-0.0447263
-0.0440706
-0.0433237
-0.0427967
-0.0422662
-0.0416528
-0.0409196
-0.0401131
-0.0391756
-0.0388375
-0.0384893
-0.0380666
-0.0379578
-0.0378452
-0.0377859
-0.0376916
-0.0376257
-0.0375811
-0.0377154
-0.0378216
-0.0378737
-0.037909
-0.0378938
-0.0378859
-0.0378671
-0.0378565
-0.0377961
-0.0389951
-0.0403935
-0.0414594
-0.042297
-0.0429909
-0.0436058
-0.0441234
-0.0445905
-0.0451113
-0.0459534
-0.0476173
-0.050061
-0.0520851
-0.0537926
-0.0552895
-0.0565851
-0.0577252
-0.0587197
-0.0596195
-0.0605117
-0.0616685
-0.0635923
-0.0653164
-0.0668835
-0.0683184
-0.0696101
-0.0707666
-0.0717985
-0.072708
-0.0735184
-0.074265
-0.0752264
-0.0762506
-0.0773332
-0.0783481
-0.0793061
-0.080166
-0.0809133
-0.0815381
-0.0822072
-0.0829135
-0.0835288
-0.0842327
-0.0848897
-0.0855186
-0.0860665
-0.0865309
-0.086912
-0.0871897
-0.0876961
-0.0882775
-0.0889303
-0.0895876
-0.0902728
-0.0909057
-0.0914764
-0.091995
-0.0924694
-0.0929555
-0.0934879
-0.0939751
-0.0944311
-0.0948697
-0.0952889
-0.0956756
-0.0960167
-0.0963219
-0.096602
-0.0968976
-0.0971875
-0.0974464
-0.0976832
-0.097934
-0.0981706
-0.0984007
-0.0985822
-0.0987163
-0.0988234
-0.0988688
-0.0988551
-0.0987897
-0.098704
-0.0985965
-0.0984704
-0.098345
-0.098268
-0.0981653
-0.0980105
-0.097792
-0.0975102
-0.0971668
-0.0967627
-0.0962997
-0.0957845
-0.0952059
-0.0946712
-0.0941417
-0.0936413
-0.0931114
-0.0925154
-0.0918766
-0.0911735
-0.0904029
-0.0895654
-0.0886574
-0.0877027
-0.0867881
-0.0858524
-0.0848967
-0.0839471
-0.0829672
-0.0819742
-0.0809694
-0.0799014
-0.078754
-0.0775386
-0.0762808
-0.0749345
-0.0735407
-0.0721071
-0.0707628
-0.0693516
-0.0679449
-0.0664624
-0.064925
-0.0634401
-0.0618151
-0.0601442
-0.0583294
-0.0567441
-0.0551461
-0.0536735
-0.052043
-0.050453
-0.0493178
-0.0481868
-0.0468366
-0.0451928
-0.0441182
-0.0431043
-0.0423785
-0.0414412
-0.0409564
-0.0404216
-0.0406107
-0.0408183
-0.0407025
-0.0404289
-0.0398485
-0.0402062
0.176375
0.177789
0.178979
0.179959
0.18076
0.18138
0.181879
0.18234
0.18281
0.183261
0.183808
0.184266
0.184586
0.184785
0.184852
0.184797
0.184592
0.184298
0.183893
0.183375
0.18301
0.182538
0.18193
0.18129
0.18074
0.180083
0.17923
0.178119
0.177249
0.176457
0.175565
0.174523
0.173527
0.17299
0.172377
0.171636
0.170727
0.169613
0.168209
0.167597
0.16721
0.166711
0.166103
0.165384
0.164604
0.163909
0.163521
0.163014
0.162415
0.161722
0.161195
0.160625
0.159956
0.159204
0.158475
0.157888
0.157205
0.15643
0.155734
0.155097
0.154365
0.153626
0.152811
0.15192
0.150957
0.149915
0.148798
0.147647
0.146493
0.145389
0.14446
0.143686
0.142948
0.142148
0.141273
0.140324
0.139304
0.138213
0.13705
0.135814
0.134504
0.133117
0.131665
0.130292
0.129158
0.128286
0.127505
0.126766
0.126013
0.125214
0.124368
0.123495
0.122609
0.121658
0.12086
0.119986
0.119191
0.118643
0.118015
0.117309
0.116687
0.116466
0.116195
0.115762
0.115297
0.115744
0.115999
0.116088
0.115993
0.116283
0.117064
0.119189
0.120598
0.121566
0.122159
0.123007
0.12642
0.129266
0.131592
0.133449
0.135749
0.138158
0.141029
0.143645
0.145602
0.146798
0.148119
0.151174
0.153755
0.155931
0.157991
0.159838
0.161312
0.162307
0.163122
0.164378
0.164899
0.165545
0.167385
0.169017
0.170463
0.171719
0.172799
0.173695
0.174452
0.175088
0.175702
0.176413
0.177301
0.178281
0.179173
0.179947
0.180605
0.181152
0.181589
0.181919
0.182143
0.182305
0.18236
0.182351
0.182369
0.182422
0.182572
0.182695
0.182824
0.182873
0.182849
0.182747
0.182573
0.182308
0.182006
0.181657
0.181229
0.180943
0.180655
0.180267
0.179819
0.179552
0.179429
0.179131
0.17869
0.178542
0.178547
0.178427
0.178149
0.177783
0.177956
0.17864
0.17927
0.17953
0.179517
0.179283
0.179842
0.180595
0.181086
0.181339
0.181377
0.181729
0.18195
0.182289
0.182411
0.182378
0.182192
0.182122
0.18195
0.18162
0.181181
0.180826
0.180464
0.179966
0.179344
0.17884
0.178318
0.177691
0.177052
0.176327
0.175524
0.174641
0.173673
0.172623
0.171529
0.170424
0.169366
0.168475
0.167784
0.167125
0.1664
0.165596
0.164713
0.163754
0.162719
0.161607
0.160416
0.159157
0.157847
0.156458
0.155125
0.154003
0.153099
0.152322
0.151588
0.150828
0.149975
0.149022
0.147976
0.146814
0.145529
0.144297
0.14294
0.141721
0.140637
0.139424
0.138068
0.136765
0.135429
0.133885
0.132044
0.130034
0.128585
0.126993
0.125222
0.123215
0.121811
0.120457
0.118959
0.117165
0.114983
0.112206
0.109611
0.108939
0.108096
0.107063
0.105824
0.104661
0.103526
0.103453
0.103276
0.102835
0.102084
0.101934
0.10393
0.10553
0.106792
0.110233
0.11314
0.115494
0.117377
0.118993
0.121394
0.123534
0.126398
0.131004
0.135801
0.140999
0.145398
0.149186
0.15246
0.155362
0.15793
0.160344
0.162675
0.165254
0.168072
0.1706
0.172807
0.174725
0.176379
0.177792
0.178982
0.179961
0.180762
0.181382
0.18188
0.182341
0.182811
0.183263
0.18381
0.184267
0.184587
0.184786
0.184852
0.184796
0.184592
0.184297
0.183891
0.183374
0.183009
0.182537
0.181928
0.181288
0.180739
0.180079
0.179228
0.178116
0.177247
0.176455
0.175562
0.17452
0.173525
0.172989
0.172375
0.171634
0.170725
0.16961
0.168205
0.167596
0.167209
0.16671
0.166101
0.165382
0.164601
0.163908
0.16352
0.163013
0.162413
0.16172
0.161194
0.160623
0.159954
0.1592
0.128619
0.129489
0.130304
0.131063
0.131836
0.132568
0.133311
0.134151
0.135123
0.136163
0.137259
0.138351
0.139393
0.140399
0.141356
0.142273
0.143141
0.144015
0.144853
0.14566
0.146666
0.147615
0.148483
0.149382
0.150411
0.151398
0.152295
0.1531
0.15428
0.155402
0.156385
0.157232
0.158156
0.159486
0.160683
0.161758
0.16269
0.163484
0.164165
0.165704
0.167175
0.168398
0.169428
0.170283
0.171041
0.17187
0.172972
0.173943
0.174815
0.17561
0.17656
0.177409
0.178129
0.178735
0.179354
0.180105
0.180757
0.181314
0.181942
0.182626
0.183221
0.183804
0.184302
0.184716
0.185057
0.185314
0.185486
0.185614
0.18572
0.185858
0.186138
0.186577
0.187021
0.187366
0.187603
0.187734
0.187755
0.187667
0.187466
0.187149
0.186722
0.1862
0.185569
0.184959
0.184507
0.184221
0.183947
0.183637
0.183196
0.182584
0.181789
0.180802
0.179677
0.17835
0.177028
0.175487
0.17388
0.172343
0.170537
0.168424
0.16609
0.163753
0.16132
0.158521
0.155412
0.153024
0.150312
0.147233
0.143683
0.140039
0.136074
0.133425
0.130395
0.12692
0.122926
0.118951
0.117567
0.115844
0.113718
0.111046
0.108436
0.106687
0.105876
0.105251
0.104397
0.103312
0.103139
0.104401
0.105076
0.105351
0.105688
0.106129
0.106512
0.106761
0.1072
0.108394
0.109429
0.11163
0.114121
0.115901
0.117308
0.118453
0.119406
0.120194
0.120883
0.121517
0.122216
0.123118
0.124354
0.125554
0.126498
0.127287
0.127951
0.128502
0.128948
0.129296
0.129549
0.12974
0.129853
0.129915
0.129986
0.130079
0.130289
0.130662
0.131051
0.131364
0.131606
0.131764
0.131843
0.131824
0.131755
0.131618
0.131384
0.131273
0.131136
0.130862
0.130466
0.130111
0.129897
0.129517
0.12895
0.128621
0.128466
0.128194
0.127737
0.127104
0.126789
0.126588
0.126837
0.126942
0.126885
0.126668
0.127277
0.128212
0.12901
0.129643
0.129972
0.130741
0.131707
0.132934
0.134062
0.135132
0.136142
0.137337
0.138487
0.139535
0.140505
0.141654
0.142858
0.143983
0.145032
0.146226
0.147412
0.148512
0.149606
0.150614
0.151545
0.152409
0.153198
0.153913
0.154591
0.15526
0.155979
0.156855
0.157871
0.158899
0.159841
0.160691
0.161451
0.16212
0.162698
0.163184
0.163576
0.163874
0.164074
0.164192
0.164338
0.164665
0.16518
0.165775
0.166359
0.166914
0.167376
0.167741
0.168019
0.168206
0.168328
0.16849
0.16851
0.168612
0.168808
0.168859
0.168764
0.168723
0.168662
0.168462
0.168108
0.167891
0.168043
0.167842
0.167381
0.166669
0.166537
0.166321
0.165878
0.165134
0.164086
0.162726
0.16222
0.162822
0.162491
0.161478
0.159833
0.15781
0.155789
0.154577
0.152889
0.150559
0.14756
0.144863
0.143698
0.141622
0.13833
0.136834
0.135525
0.133815
0.131612
0.128999
0.126901
0.124209
0.121794
0.121157
0.120374
0.121014
0.121534
0.121941
0.122223
0.12244
0.122562
0.122704
0.122912
0.123514
0.12459
0.125682
0.126718
0.127697
0.128622
0.129491
0.130306
0.131064
0.131838
0.132571
0.133314
0.134154
0.135126
0.136166
0.137262
0.138353
0.139396
0.140402
0.141359
0.142277
0.143143
0.144018
0.144855
0.145663
0.146669
0.147617
0.148485
0.149384
0.150413
0.151402
0.152298
0.153102
0.154283
0.155404
0.156387
0.157234
0.158159
0.159489
0.160688
0.161761
0.162693
0.163486
0.164167
0.165708
0.167179
0.168401
0.169431
0.170285
0.171044
0.171873
0.172975
0.173945
0.174817
0.175612
0.176562
0.177411
0.17813
0.178738
0.193112
0.192363
0.191493
0.190499
0.189398
0.188512
0.187794
0.187095
0.186356
0.185611
0.184956
0.184304
0.183616
0.182837
0.181989
0.181088
0.180153
0.179143
0.178232
0.177295
0.176274
0.175294
0.174411
0.173439
0.172349
0.171384
0.170339
0.169277
0.168201
0.167632
0.166983
0.166157
0.165118
0.163869
0.1632
0.163343
0.162939
0.162121
0.16117
0.160437
0.161164
0.161588
0.161481
0.160954
0.161382
0.161339
0.160562
0.159919
0.158851
0.158323
0.158287
0.15844
0.157894
0.158208
0.15864
0.158506
0.158131
0.158028
0.157387
0.156208
0.156252
0.157041
0.157778
0.159577
0.161241
0.162726
0.164066
0.165311
0.166431
0.167507
0.168594
0.169795
0.171369
0.173059
0.174714
0.176268
0.177725
0.179084
0.180346
0.18151
0.182578
0.183626
0.18474
0.185866
0.186939
0.187955
0.18898
0.19001
0.191031
0.192018
0.192919
0.193798
0.194614
0.195361
0.196055
0.196742
0.197397
0.19801
0.198703
0.19941
0.199993
0.200527
0.201037
0.201615
0.202173
0.202817
0.203648
0.204365
0.204993
0.205457
0.205877
0.207018
0.208062
0.208952
0.209667
0.210304
0.211198
0.212249
0.213085
0.213766
0.214574
0.215521
0.216229
0.216796
0.21734
0.217778
0.218133
0.218463
0.218852
0.219165
0.21939
0.219478
0.219475
0.219506
0.219519
0.21944
0.219303
0.219141
0.218883
0.218547
0.218137
0.21764
0.217049
0.216421
0.215778
0.215108
0.214393
0.213648
0.212931
0.212288
0.211725
0.21104
0.210235
0.20931
0.208265
0.207097
0.205803
0.204433
0.203173
0.202005
0.200797
0.199523
0.198212
0.196917
0.195633
0.194304
0.192825
0.191227
0.189531
0.187782
0.185946
0.184139
0.182281
0.180283
0.178221
0.17605
0.173611
0.170994
0.168276
0.165265
0.162568
0.160072
0.157334
0.154367
0.151645
0.148692
0.145176
0.142365
0.139421
0.136127
0.132356
0.129834
0.128193
0.12651
0.124514
0.122086
0.119727
0.119221
0.118598
0.117698
0.116833
0.115803
0.115378
0.115644
0.117088
0.118412
0.119788
0.122331
0.124062
0.125475
0.126833
0.127981
0.129082
0.130753
0.133206
0.136932
0.141128
0.1452
0.148519
0.151362
0.153882
0.156136
0.158189
0.160049
0.161794
0.16378
0.166273
0.168583
0.170623
0.172438
0.174058
0.175501
0.17678
0.177916
0.179017
0.18015
0.181327
0.182439
0.183465
0.184414
0.185271
0.186042
0.186711
0.187254
0.187699
0.188049
0.18831
0.188546
0.188825
0.189007
0.189181
0.189395
0.189481
0.189373
0.189239
0.188963
0.188664
0.188642
0.188549
0.188329
0.188175
0.188161
0.187945
0.187772
0.187972
0.188064
0.188068
0.188008
0.188448
0.1889
0.189326
0.189667
0.189913
0.190442
0.191049
0.191552
0.192012
0.192579
0.193092
0.193615
0.194093
0.194607
0.1951
0.195543
0.195875
0.196112
0.196364
0.196658
0.196876
0.197058
0.197297
0.197437
0.197511
0.197503
0.197405
0.197211
0.196979
0.196718
0.196421
0.19607
0.195658
0.195236
0.194898
0.194635
0.194248
0.193739
0.19311
0.192361
0.19149
0.190496
0.189395
0.188508
0.187791
0.187093
0.186354
0.18561
0.184954
0.184302
0.183614
0.182835
0.181987
0.181084
0.18015
0.179141
0.17823
0.177293
0.176271
0.175292
0.174408
0.173436
0.172346
0.17138
0.170337
0.169274
0.1682
0.167631
0.166981
0.166155
0.165115
0.163866
0.163203
0.163343
0.162938
0.162118
0.161168
0.160438
0.161166
0.161589
0.16148
0.160953
0.161384
0.161338
0.160559
0.159917
0.158849
0.158323
0.158287
0.15844
0.157891
0.158211
0.193112
0.192363
0.191493
0.190499
0.189398
0.188512
0.187794
0.187095
0.186356
0.185611
0.184956
0.184304
0.183616
0.182837
0.181989
0.181088
0.180153
0.179143
0.178232
0.177295
0.176274
0.175294
0.174411
0.173439
0.172349
0.171384
0.170339
0.169277
0.168201
0.167632
0.166983
0.166157
0.165118
0.163869
0.1632
0.163343
0.162939
0.162121
0.16117
0.160437
0.161164
0.161588
0.161481
0.160954
0.161382
0.161339
0.160562
0.159919
0.158851
0.158323
0.158287
0.15844
0.157894
0.158208
0.15864
0.158506
0.158131
0.158028
0.157387
0.156208
0.156252
0.157041
0.157778
0.159577
0.161241
0.162726
0.164066
0.165311
0.166431
0.167507
0.168594
0.169795
0.171369
0.173059
0.174714
0.176268
0.177725
0.179084
0.180346
0.18151
0.182578
0.183626
0.18474
0.185866
0.186939
0.187955
0.18898
0.19001
0.191031
0.192018
0.192919
0.193798
0.194614
0.195361
0.196055
0.196742
0.197397
0.19801
0.198703
0.19941
0.199993
0.200527
0.201037
0.201615
0.202173
0.202817
0.203648
0.204365
0.204993
0.205457
0.205877
0.207018
0.208062
0.208952
0.209667
0.210304
0.211198
0.212249
0.213085
0.213766
0.214574
0.215521
0.216229
0.216796
0.21734
0.217778
0.218133
0.218463
0.218852
0.219165
0.21939
0.219478
0.219475
0.219506
0.219519
0.21944
0.219303
0.219141
0.218883
0.218547
0.218137
0.21764
0.217049
0.216421
0.215778
0.215108
0.214393
0.213648
0.212931
0.212288
0.211725
0.21104
0.210235
0.20931
0.208265
0.207097
0.205803
0.204433
0.203173
0.202005
0.200797
0.199523
0.198212
0.196917
0.195633
0.194304
0.192825
0.191227
0.189531
0.187782
0.185946
0.184139
0.182281
0.180283
0.178221
0.17605
0.173611
0.170994
0.168276
0.165265
0.162568
0.160072
0.157334
0.154367
0.151645
0.148692
0.145176
0.142365
0.139421
0.136127
0.132356
0.129834
0.128193
0.12651
0.124514
0.122086
0.119727
0.119221
0.118598
0.117698
0.116833
0.115803
0.115378
0.115644
0.117088
0.118412
0.119788
0.122331
0.124062
0.125475
0.126833
0.127981
0.129082
0.130753
0.133206
0.136932
0.141128
0.1452
0.148519
0.151362
0.153882
0.156136
0.158189
0.160049
0.161794
0.16378
0.166273
0.168583
0.170623
0.172438
0.174058
0.175501
0.17678
0.177916
0.179017
0.18015
0.181327
0.182439
0.183465
0.184414
0.185271
0.186042
0.186711
0.187254
0.187699
0.188049
0.18831
0.188546
0.188825
0.189007
0.189181
0.189395
0.189481
0.189373
0.189239
0.188963
0.188664
0.188642
0.188549
0.188329
0.188175
0.188161
0.187945
0.187772
0.187972
0.188064
0.188068
0.188008
0.188448
0.1889
0.189326
0.189667
0.189913
0.190442
0.191049
0.191552
0.192012
0.192579
0.193092
0.193615
0.194093
0.194607
0.1951
0.195543
0.195875
0.196112
0.196364
0.196658
0.196876
0.197058
0.197297
0.197437
0.197511
0.197503
0.197405
0.197211
0.196979
0.196718
0.196421
0.19607
0.195658
0.195236
0.194898
0.194635
0.194248
0.193739
0.19311
0.192361
0.19149
0.190496
0.189395
0.188508
0.187791
0.187093
0.186354
0.18561
0.184954
0.184302
0.183614
0.182835
0.181987
0.181084
0.18015
0.179141
0.17823
0.177293
0.176271
0.175292
0.174408
0.173436
0.172346
0.17138
0.170337
0.169274
0.1682
0.167631
0.166981
0.166155
0.165115
0.163866
0.163203
0.163343
0.162938
0.162118
0.161168
0.160438
0.161166
0.161589
0.16148
0.160953
0.161384
0.161338
0.160559
0.159917
0.158849
0.158323
0.158287
0.15844
0.157891
0.158211
0.176375
0.177789
0.178979
0.179959
0.18076
0.18138
0.181879
0.18234
0.18281
0.183261
0.183808
0.184266
0.184586
0.184785
0.184852
0.184797
0.184592
0.184298
0.183893
0.183375
0.18301
0.182538
0.18193
0.18129
0.18074
0.180083
0.17923
0.178119
0.177249
0.176457
0.175565
0.174523
0.173527
0.17299
0.172377
0.171636
0.170727
0.169613
0.168209
0.167597
0.16721
0.166711
0.166103
0.165384
0.164604
0.163909
0.163521
0.163014
0.162415
0.161722
0.161195
0.160625
0.159956
0.159204
0.158475
0.157888
0.157205
0.15643
0.155734
0.155097
0.154365
0.153626
0.152811
0.15192
0.150957
0.149915
0.148798
0.147647
0.146493
0.145389
0.14446
0.143686
0.142948
0.142148
0.141273
0.140324
0.139304
0.138213
0.13705
0.135814
0.134504
0.133117
0.131665
0.130292
0.129158
0.128286
0.127505
0.126766
0.126013
0.125214
0.124368
0.123495
0.122609
0.121658
0.12086
0.119986
0.119191
0.118643
0.118015
0.117309
0.116687
0.116466
0.116195
0.115762
0.115297
0.115744
0.115999
0.116088
0.115993
0.116283
0.117064
0.119189
0.120598
0.121566
0.122159
0.123007
0.12642
0.129266
0.131592
0.133449
0.135749
0.138158
0.141029
0.143645
0.145602
0.146798
0.148119
0.151174
0.153755
0.155931
0.157991
0.159838
0.161312
0.162307
0.163122
0.164378
0.164899
0.165545
0.167385
0.169017
0.170463
0.171719
0.172799
0.173695
0.174452
0.175088
0.175702
0.176413
0.177301
0.178281
0.179173
0.179947
0.180605
0.181152
0.181589
0.181919
0.182143
0.182305
0.18236
0.182351
0.182369
0.182422
0.182572
0.182695
0.182824
0.182873
0.182849
0.182747
0.182573
0.182308
0.182006
0.181657
0.181229
0.180943
0.180655
0.180267
0.179819
0.179552
0.179429
0.179131
0.17869
0.178542
0.178547
0.178427
0.178149
0.177783
0.177956
0.17864
0.17927
0.17953
0.179517
0.179283
0.179842
0.180595
0.181086
0.181339
0.181377
0.181729
0.18195
0.182289
0.182411
0.182378
0.182192
0.182122
0.18195
0.18162
0.181181
0.180826
0.180464
0.179966
0.179344
0.17884
0.178318
0.177691
0.177052
0.176327
0.175524
0.174641
0.173673
0.172623
0.171529
0.170424
0.169366
0.168475
0.167784
0.167125
0.1664
0.165596
0.164713
0.163754
0.162719
0.161607
0.160416
0.159157
0.157847
0.156458
0.155125
0.154003
0.153099
0.152322
0.151588
0.150828
0.149975
0.149022
0.147976
0.146814
0.145529
0.144297
0.14294
0.141721
0.140637
0.139424
0.138068
0.136765
0.135429
0.133885
0.132044
0.130034
0.128585
0.126993
0.125222
0.123215
0.121811
0.120457
0.118959
0.117165
0.114983
0.112206
0.109611
0.108939
0.108096
0.107063
0.105824
0.104661
0.103526
0.103453
0.103276
0.102835
0.102084
0.101934
0.10393
0.10553
0.106792
0.110233
0.11314
0.115494
0.117377
0.118993
0.121394
0.123534
0.126398
0.131004
0.135801
0.140999
0.145398
0.149186
0.15246
0.155362
0.15793
0.160344
0.162675
0.165254
0.168072
0.1706
0.172807
0.174725
0.176379
0.177792
0.178982
0.179961
0.180762
0.181382
0.18188
0.182341
0.182811
0.183263
0.18381
0.184267
0.184587
0.184786
0.184852
0.184796
0.184592
0.184297
0.183891
0.183374
0.183009
0.182537
0.181928
0.181288
0.180739
0.180079
0.179228
0.178116
0.177247
0.176455
0.175562
0.17452
0.173525
0.172989
0.172375
0.171634
0.170725
0.16961
0.168205
0.167596
0.167209
0.16671
0.166101
0.165382
0.164601
0.163908
0.16352
0.163013
0.162413
0.16172
0.161194
0.160623
0.159954
0.1592
0.128619
0.129489
0.130304
0.131063
0.131836
0.132568
0.133311
0.134151
0.135123
0.136163
0.137259
0.138351
0.139393
0.140399
0.141356
0.142273
0.143141
0.144015
0.144853
0.14566
0.146666
0.147615
0.148483
0.149382
0.150411
0.151398
0.152295
0.1531
0.15428
0.155402
0.156385
0.157232
0.158156
0.159486
0.160683
0.161758
0.16269
0.163484
0.164165
0.165704
0.167175
0.168398
0.169428
0.170283
0.171041
0.17187
0.172972
0.173943
0.174815
0.17561
0.17656
0.177409
0.178129
0.178735
0.179354
0.180105
0.180757
0.181314
0.181942
0.182626
0.183221
0.183804
0.184302
0.184716
0.185057
0.185314
0.185486
0.185614
0.18572
0.185858
0.186138
0.186577
0.187021
0.187366
0.187603
0.187734
0.187755
0.187667
0.187466
0.187149
0.186722
0.1862
0.185569
0.184959
0.184507
0.184221
0.183947
0.183637
0.183196
0.182584
0.181789
0.180802
0.179677
0.17835
0.177028
0.175487
0.17388
0.172343
0.170537
0.168424
0.16609
0.163753
0.16132
0.158521
0.155412
0.153024
0.150312
0.147233
0.143683
0.140039
0.136074
0.133425
0.130395
0.12692
0.122926
0.118951
0.117567
0.115844
0.113718
0.111046
0.108436
0.106687
0.105876
0.105251
0.104397
0.103312
0.103139
0.104401
0.105076
0.105351
0.105688
0.106129
0.106512
0.106761
0.1072
0.108394
0.109429
0.11163
0.114121
0.115901
0.117308
0.118453
0.119406
0.120194
0.120883
0.121517
0.122216
0.123118
0.124354
0.125554
0.126498
0.127287
0.127951
0.128502
0.128948
0.129296
0.129549
0.12974
0.129853
0.129915
0.129986
0.130079
0.130289
0.130662
0.131051
0.131364
0.131606
0.131764
0.131843
0.131824
0.131755
0.131618
0.131384
0.131273
0.131136
0.130862
0.130466
0.130111
0.129897
0.129517
0.12895
0.128621
0.128466
0.128194
0.127737
0.127104
0.126789
0.126588
0.126837
0.126942
0.126885
0.126668
0.127277
0.128212
0.12901
0.129643
0.129972
0.130741
0.131707
0.132934
0.134062
0.135132
0.136142
0.137337
0.138487
0.139535
0.140505
0.141654
0.142858
0.143983
0.145032
0.146226
0.147412
0.148512
0.149606
0.150614
0.151545
0.152409
0.153198
0.153913
0.154591
0.15526
0.155979
0.156855
0.157871
0.158899
0.159841
0.160691
0.161451
0.16212
0.162698
0.163184
0.163576
0.163874
0.164074
0.164192
0.164338
0.164665
0.16518
0.165775
0.166359
0.166914
0.167376
0.167741
0.168019
0.168206
0.168328
0.16849
0.16851
0.168612
0.168808
0.168859
0.168764
0.168723
0.168662
0.168462
0.168108
0.167891
0.168043
0.167842
0.167381
0.166669
0.166537
0.166321
0.165878
0.165134
0.164086
0.162726
0.16222
0.162822
0.162491
0.161478
0.159833
0.15781
0.155789
0.154577
0.152889
0.150559
0.14756
0.144863
0.143698
0.141622
0.13833
0.136834
0.135525
0.133815
0.131612
0.128999
0.126901
0.124209
0.121794
0.121157
0.120374
0.121014
0.121534
0.121941
0.122223
0.12244
0.122562
0.122704
0.122912
0.123514
0.12459
0.125682
0.126718
0.127697
0.128622
0.129491
0.130306
0.131064
0.131838
0.132571
0.133314
0.134154
0.135126
0.136166
0.137262
0.138353
0.139396
0.140402
0.141359
0.142277
0.143143
0.144018
0.144855
0.145663
0.146669
0.147617
0.148485
0.149384
0.150413
0.151402
0.152298
0.153102
0.154283
0.155404
0.156387
0.157234
0.158159
0.159489
0.160688
0.161761
0.162693
0.163486
0.164167
0.165708
0.167179
0.168401
0.169431
0.170285
0.171044
0.171873
0.172975
0.173945
0.174817
0.175612
0.176562
0.177411
0.17813
0.178738
0.649521
0.648241
0.64678
0.645241
0.643617
0.641788
0.640047
0.638447
0.636698
0.634804
0.633027
0.631051
0.629119
0.627604
0.625992
0.624309
0.622358
0.620738
0.619545
0.619171
0.618642
0.61792
0.617393
0.617062
0.616856
0.616345
0.615726
0.614647
0.614057
0.614634
0.615306
0.615971
0.619714
0.622461
0.62663
0.631081
0.634314
0.636643
0.638523
0.640459
0.642319
0.644917
0.64749
0.648811
0.649118
0.650324
0.651155
0.651504
0.651743
0.651467
0.650895
0.650234
0.64851
0.645665
0.641573
0.636284
0.632199
0.630336
0.629073
0.627163
0.625056
0.622598
0.62096
0.618392
0.614649
0.609501
0.604782
0.6055
0.606367
0.606834
0.606862
0.606468
0.606045
0.607894
0.60985
0.611439
0.613191
0.615857
0.618445
0.620862
0.623635
0.626244
0.628652
0.631157
0.633617
0.636623
0.639508
0.642347
0.645079
0.648014
0.650898
0.653811
0.656503
0.659003
0.662218
0.665532
0.669274
0.672781
0.676189
0.679487
0.683094
0.686317
0.689357
0.692076
0.694477
0.697315
0.700097
0.702707
0.706012
0.709356
0.712345
0.71609
0.719231
0.721868
0.724189
0.726211
0.728094
0.7297
0.731646
0.733089
0.734113
0.73491
0.735731
0.736358
0.73704
0.737544
0.738197
0.738868
0.739353
0.739539
0.739574
0.739398
0.739007
0.738427
0.73769
0.736799
0.73575
0.734772
0.73403
0.733351
0.732416
0.73139
0.730234
0.729238
0.728132
0.726809
0.725263
0.723633
0.721995
0.720388
0.71869
0.716773
0.714785
0.712747
0.710497
0.708045
0.705716
0.703542
0.701184
0.698723
0.696167
0.693481
0.690619
0.687699
0.684587
0.681406
0.678164
0.674752
0.671161
0.667311
0.663421
0.659516
0.655618
0.651563
0.647338
0.642873
0.638278
0.633376
0.628204
0.622739
0.616782
0.610726
0.604981
0.599319
0.593295
0.587391
0.580887
0.575489
0.569676
0.562919
0.55519
0.549491
0.544031
0.539418
0.53453
0.529069
0.522298
0.514106
0.511924
0.509477
0.507311
0.506347
0.50498
0.505747
0.510856
0.51406
0.515966
0.517176
0.51753
0.520205
0.524733
0.528399
0.531074
0.537493
0.54331
0.549247
0.554306
0.558681
0.562844
0.566817
0.570962
0.57541
0.579803
0.583742
0.587476
0.590996
0.594682
0.598123
0.601294
0.60439
0.607253
0.609905
0.612487
0.615448
0.618252
0.62087
0.623457
0.625946
0.628309
0.630496
0.632507
0.634368
0.63631
0.638129
0.640039
0.641739
0.643247
0.644887
0.646421
0.647941
0.64928
0.650504
0.651531
0.652373
0.652943
0.653548
0.653857
0.653801
0.653981
0.65422
0.65442
0.654572
0.654615
0.654758
0.655256
0.655238
0.654604
0.654268
0.654241
0.654323
0.654325
0.654233
0.65371
0.652651
0.651779
0.651356
0.650605
0.651004
0.651267
0.651796
0.652723
0.653655
0.654424
0.655203
0.655847
0.656359
0.656747
0.657035
0.65725
0.657317
0.657446
0.657693
0.657935
0.657943
0.657879
0.657704
0.657584
0.657374
0.656965
0.656353
0.655608
0.654792
0.653932
0.652946
0.651749
0.650597
0.649518
0.648237
0.646775
0.645237
0.643612
0.64178
0.640041
0.638443
0.636693
0.634799
0.633022
0.631045
0.629115
0.6276
0.625988
0.624301
0.622353
0.620735
0.619541
0.61917
0.61864
0.617918
0.617391
0.617062
0.616855
0.616343
0.615724
0.614644
0.614059
0.614635
0.615307
0.615984
0.619723
0.622468
0.626652
0.631091
0.634321
0.636649
0.638527
0.640465
0.642323
0.644926
0.647495
0.648813
0.649119
0.650328
0.651155
0.651506
0.651742
0.651466
0.650895
0.650231
0.648504
0.645651
0.649521
0.648241
0.64678
0.645241
0.643617
0.641788
0.640047
0.638447
0.636698
0.634804
0.633027
0.631051
0.629119
0.627604
0.625992
0.624309
0.622358
0.620738
0.619545
0.619171
0.618642
0.61792
0.617393
0.617062
0.616856
0.616345
0.615726
0.614647
0.614057
0.614634
0.615306
0.615971
0.619714
0.622461
0.62663
0.631081
0.634314
0.636643
0.638523
0.640459
0.642319
0.644917
0.64749
0.648811
0.649118
0.650324
0.651155
0.651504
0.651743
0.651467
0.650895
0.650234
0.64851
0.645665
0.641573
0.636284
0.632199
0.630336
0.629073
0.627163
0.625056
0.622598
0.62096
0.618392
0.614649
0.609501
0.604782
0.6055
0.606367
0.606834
0.606862
0.606468
0.606045
0.607894
0.60985
0.611439
0.613191
0.615857
0.618445
0.620862
0.623635
0.626244
0.628652
0.631157
0.633617
0.636623
0.639508
0.642347
0.645079
0.648014
0.650898
0.653811
0.656503
0.659003
0.662218
0.665532
0.669274
0.672781
0.676189
0.679487
0.683094
0.686317
0.689357
0.692076
0.694477
0.697315
0.700097
0.702707
0.706012
0.709356
0.712345
0.71609
0.719231
0.721868
0.724189
0.726211
0.728094
0.7297
0.731646
0.733089
0.734113
0.73491
0.735731
0.736358
0.73704
0.737544
0.738197
0.738868
0.739353
0.739539
0.739574
0.739398
0.739007
0.738427
0.73769
0.736799
0.73575
0.734772
0.73403
0.733351
0.732416
0.73139
0.730234
0.729238
0.728132
0.726809
0.725263
0.723633
0.721995
0.720388
0.71869
0.716773
0.714785
0.712747
0.710497
0.708045
0.705716
0.703542
0.701184
0.698723
0.696167
0.693481
0.690619
0.687699
0.684587
0.681406
0.678164
0.674752
0.671161
0.667311
0.663421
0.659516
0.655618
0.651563
0.647338
0.642873
0.638278
0.633376
0.628204
0.622739
0.616782
0.610726
0.604981
0.599319
0.593295
0.587391
0.580887
0.575489
0.569676
0.562919
0.55519
0.549491
0.544031
0.539418
0.53453
0.529069
0.522298
0.514106
0.511924
0.509477
0.507311
0.506347
0.50498
0.505747
0.510856
0.51406
0.515966
0.517176
0.51753
0.520205
0.524733
0.528399
0.531074
0.537493
0.54331
0.549247
0.554306
0.558681
0.562844
0.566817
0.570962
0.57541
0.579803
0.583742
0.587476
0.590996
0.594682
0.598123
0.601294
0.60439
0.607253
0.609905
0.612487
0.615448
0.618252
0.62087
0.623457
0.625946
0.628309
0.630496
0.632507
0.634368
0.63631
0.638129
0.640039
0.641739
0.643247
0.644887
0.646421
0.647941
0.64928
0.650504
0.651531
0.652373
0.652943
0.653548
0.653857
0.653801
0.653981
0.65422
0.65442
0.654572
0.654615
0.654758
0.655256
0.655238
0.654604
0.654268
0.654241
0.654323
0.654325
0.654233
0.65371
0.652651
0.651779
0.651356
0.650605
0.651004
0.651267
0.651796
0.652723
0.653655
0.654424
0.655203
0.655847
0.656359
0.656747
0.657035
0.65725
0.657317
0.657446
0.657693
0.657935
0.657943
0.657879
0.657704
0.657584
0.657374
0.656965
0.656353
0.655608
0.654792
0.653932
0.652946
0.651749
0.650597
0.649518
0.648237
0.646775
0.645237
0.643612
0.64178
0.640041
0.638443
0.636693
0.634799
0.633022
0.631045
0.629115
0.6276
0.625988
0.624301
0.622353
0.620735
0.619541
0.61917
0.61864
0.617918
0.617391
0.617062
0.616855
0.616343
0.615724
0.614644
0.614059
0.614635
0.615307
0.615984
0.619723
0.622468
0.626652
0.631091
0.634321
0.636649
0.638527
0.640465
0.642323
0.644926
0.647495
0.648813
0.649119
0.650328
0.651155
0.651506
0.651742
0.651466
0.650895
0.650231
0.648504
0.645651
0.176375
0.177789
0.178979
0.179959
0.18076
0.18138
0.181879
0.18234
0.18281
0.183261
0.183808
0.184266
0.184586
0.184785
0.184852
0.184797
0.184592
0.184298
0.183893
0.183375
0.18301
0.182538
0.18193
0.18129
0.18074
0.180083
0.17923
0.178119
0.177249
0.176457
0.175565
0.174523
0.173527
0.17299
0.172377
0.171636
0.170727
0.169613
0.168209
0.167597
0.16721
0.166711
0.166103
0.165384
0.164604
0.163909
0.163521
0.163014
0.162415
0.161722
0.161195
0.160625
0.159956
0.159204
0.158475
0.157888
0.157205
0.15643
0.155734
0.155097
0.154365
0.153626
0.152811
0.15192
0.150957
0.149915
0.148798
0.147647
0.146493
0.145389
0.14446
0.143686
0.142948
0.142148
0.141273
0.140324
0.139304
0.138213
0.13705
0.135814
0.134504
0.133117
0.131665
0.130292
0.129158
0.128286
0.127505
0.126766
0.126013
0.125214
0.124368
0.123495
0.122609
0.121658
0.12086
0.119986
0.119191
0.118643
0.118015
0.117309
0.116687
0.116466
0.116195
0.115762
0.115297
0.115744
0.115999
0.116088
0.115993
0.116283
0.117064
0.119189
0.120598
0.121566
0.122159
0.123007
0.12642
0.129266
0.131592
0.133449
0.135749
0.138158
0.141029
0.143645
0.145602
0.146798
0.148119
0.151174
0.153755
0.155931
0.157991
0.159838
0.161312
0.162307
0.163122
0.164378
0.164899
0.165545
0.167385
0.169017
0.170463
0.171719
0.172799
0.173695
0.174452
0.175088
0.175702
0.176413
0.177301
0.178281
0.179173
0.179947
0.180605
0.181152
0.181589
0.181919
0.182143
0.182305
0.18236
0.182351
0.182369
0.182422
0.182572
0.182695
0.182824
0.182873
0.182849
0.182747
0.182573
0.182308
0.182006
0.181657
0.181229
0.180943
0.180655
0.180267
0.179819
0.179552
0.179429
0.179131
0.17869
0.178542
0.178547
0.178427
0.178149
0.177783
0.177956
0.17864
0.17927
0.17953
0.179517
0.179283
0.179842
0.180595
0.181086
0.181339
0.181377
0.181729
0.18195
0.182289
0.182411
0.182378
0.182192
0.182122
0.18195
0.18162
0.181181
0.180826
0.180464
0.179966
0.179344
0.17884
0.178318
0.177691
0.177052
0.176327
0.175524
0.174641
0.173673
0.172623
0.171529
0.170424
0.169366
0.168475
0.167784
0.167125
0.1664
0.165596
0.164713
0.163754
0.162719
0.161607
0.160416
0.159157
0.157847
0.156458
0.155125
0.154003
0.153099
0.152322
0.151588
0.150828
0.149975
0.149022
0.147976
0.146814
0.145529
0.144297
0.14294
0.141721
0.140637
0.139424
0.138068
0.136765
0.135429
0.133885
0.132044
0.130034
0.128585
0.126993
0.125222
0.123215
0.121811
0.120457
0.118959
0.117165
0.114983
0.112206
0.109611
0.108939
0.108096
0.107063
0.105824
0.104661
0.103526
0.103453
0.103276
0.102835
0.102084
0.101934
0.10393
0.10553
0.106792
0.110233
0.11314
0.115494
0.117377
0.118993
0.121394
0.123534
0.126398
0.131004
0.135801
0.140999
0.145398
0.149186
0.15246
0.155362
0.15793
0.160344
0.162675
0.165254
0.168072
0.1706
0.172807
0.174725
0.176379
0.177792
0.178982
0.179961
0.180762
0.181382
0.18188
0.182341
0.182811
0.183263
0.18381
0.184267
0.184587
0.184786
0.184852
0.184796
0.184592
0.184297
0.183891
0.183374
0.183009
0.182537
0.181928
0.181288
0.180739
0.180079
0.179228
0.178116
0.177247
0.176455
0.175562
0.17452
0.173525
0.172989
0.172375
0.171634
0.170725
0.16961
0.168205
0.167596
0.167209
0.16671
0.166101
0.165382
0.164601
0.163908
0.16352
0.163013
0.162413
0.16172
0.161194
0.160623
0.159954
0.1592
0.128619
0.129489
0.130304
0.131063
0.131836
0.132568
0.133311
0.134151
0.135123
0.136163
0.137259
0.138351
0.139393
0.140399
0.141356
0.142273
0.143141
0.144015
0.144853
0.14566
0.146666
0.147615
0.148483
0.149382
0.150411
0.151398
0.152295
0.1531
0.15428
0.155402
0.156385
0.157232
0.158156
0.159486
0.160683
0.161758
0.16269
0.163484
0.164165
0.165704
0.167175
0.168398
0.169428
0.170283
0.171041
0.17187
0.172972
0.173943
0.174815
0.17561
0.17656
0.177409
0.178129
0.178735
0.179354
0.180105
0.180757
0.181314
0.181942
0.182626
0.183221
0.183804
0.184302
0.184716
0.185057
0.185314
0.185486
0.185614
0.18572
0.185858
0.186138
0.186577
0.187021
0.187366
0.187603
0.187734
0.187755
0.187667
0.187466
0.187149
0.186722
0.1862
0.185569
0.184959
0.184507
0.184221
0.183947
0.183637
0.183196
0.182584
0.181789
0.180802
0.179677
0.17835
0.177028
0.175487
0.17388
0.172343
0.170537
0.168424
0.16609
0.163753
0.16132
0.158521
0.155412
0.153024
0.150312
0.147233
0.143683
0.140039
0.136074
0.133425
0.130395
0.12692
0.122926
0.118951
0.117567
0.115844
0.113718
0.111046
0.108436
0.106687
0.105876
0.105251
0.104397
0.103312
0.103139
0.104401
0.105076
0.105351
0.105688
0.106129
0.106512
0.106761
0.1072
0.108394
0.109429
0.11163
0.114121
0.115901
0.117308
0.118453
0.119406
0.120194
0.120883
0.121517
0.122216
0.123118
0.124354
0.125554
0.126498
0.127287
0.127951
0.128502
0.128948
0.129296
0.129549
0.12974
0.129853
0.129915
0.129986
0.130079
0.130289
0.130662
0.131051
0.131364
0.131606
0.131764
0.131843
0.131824
0.131755
0.131618
0.131384
0.131273
0.131136
0.130862
0.130466
0.130111
0.129897
0.129517
0.12895
0.128621
0.128466
0.128194
0.127737
0.127104
0.126789
0.126588
0.126837
0.126942
0.126885
0.126668
0.127277
0.128212
0.12901
0.129643
0.129972
0.130741
0.131707
0.132934
0.134062
0.135132
0.136142
0.137337
0.138487
0.139535
0.140505
0.141654
0.142858
0.143983
0.145032
0.146226
0.147412
0.148512
0.149606
0.150614
0.151545
0.152409
0.153198
0.153913
0.154591
0.15526
0.155979
0.156855
0.157871
0.158899
0.159841
0.160691
0.161451
0.16212
0.162698
0.163184
0.163576
0.163874
0.164074
0.164192
0.164338
0.164665
0.16518
0.165775
0.166359
0.166914
0.167376
0.167741
0.168019
0.168206
0.168328
0.16849
0.16851
0.168612
0.168808
0.168859
0.168764
0.168723
0.168662
0.168462
0.168108
0.167891
0.168043
0.167842
0.167381
0.166669
0.166537
0.166321
0.165878
0.165134
0.164086
0.162726
0.16222
0.162822
0.162491
0.161478
0.159833
0.15781
0.155789
0.154577
0.152889
0.150559
0.14756
0.144863
0.143698
0.141622
0.13833
0.136834
0.135525
0.133815
0.131612
0.128999
0.126901
0.124209
0.121794
0.121157
0.120374
0.121014
0.121534
0.121941
0.122223
0.12244
0.122562
0.122704
0.122912
0.123514
0.12459
0.125682
0.126718
0.127697
0.128622
0.129491
0.130306
0.131064
0.131838
0.132571
0.133314
0.134154
0.135126
0.136166
0.137262
0.138353
0.139396
0.140402
0.141359
0.142277
0.143143
0.144018
0.144855
0.145663
0.146669
0.147617
0.148485
0.149384
0.150413
0.151402
0.152298
0.153102
0.154283
0.155404
0.156387
0.157234
0.158159
0.159489
0.160688
0.161761
0.162693
0.163486
0.164167
0.165708
0.167179
0.168401
0.169431
0.170285
0.171044
0.171873
0.172975
0.173945
0.174817
0.175612
0.176562
0.177411
0.17813
0.178738
